time,compassSystem,compassFilter,fullSystem,gyroFilter,gyroSystem,input,compassSystemError,compassFilterError,fullSystemError,gyroSystemError,gyroFilterError
0,0,0,1.70103785211085,1.70103785211085,1.70103785211085,1.70103785211085,-1.70103785211085,-1.70103785211085,0,0,0
1.4943446960098e-05,6.58351689443156e-10,2.66420625784955e-15,1.62919751491366,1.62919751491365,1.62920308290518,1.62920104319414,-1.62920104253579,-1.62920104319414,-3.52828048155729e-06,2.03971103873712e-06,-3.52828048422182e-06
2.9886893920196e-05,2.11737655695256e-09,1.51355776457503e-14,1.38412052424275,1.38412052424274,1.38413488130835,1.38413080188627,-1.38413079976889,-1.38413080188626,-1.02776435171315e-05,4.07942207747425e-06,-1.02776435322305e-05
4.58246262150136e-05,3.50011025344544e-09,4.5287128202285e-14,0.232162791353587,0.232162791353541,0.23217490076452,0.232168645916078,-0.232168642415968,-0.232168645916033,-5.85456249155292e-06,6.25484844196667e-06,-5.85456253685002e-06
5.89188922202801e-05,4.74120280483936e-09,8.13105578808602e-14,0.676509979537247,0.676509979537166,0.676517721085278,0.676509678930401,-0.676509674189198,-0.67650967893032,3.00606846082019e-07,8.04215487704152e-06,3.00606764813693e-07
7.16177742599003e-05,5.69140522080871e-09,1.24651680062288e-13,0.684902241395593,0.684902241395468,0.68491210852245,0.684902333029211,-0.684902327337806,-0.684902333029086,-9.1633617915754e-08,9.77549323899485e-06,-9.16337425937996e-08
8.63772337793994e-05,7.60199743527086e-09,1.88735380193667e-13,1.21214295666816,1.21214295666797,1.21215507900587,1.21214328891502,-1.21214328131302,-1.21214328891483,-3.32246863354868e-07,1.17900908473967e-05,-3.32247052092782e-07
9.60468935481231e-05,8.96954713648518e-09,2.41343263194878e-13,3.36949020307245,3.3694902030722,3.36950439878773,3.36949128883328,-3.36949127986373,-3.36949128883303,-1.0857608301329e-06,1.31099544522506e-05,-1.08576107127334e-06
0.000105716553316847,1.05867899262425e-08,3.0327289671701e-13,-0.860604900100014,-0.860604900100317,-0.860583599708167,-0.860598029526223,0.860598040113013,0.860598029526527,-6.87057379022971e-06,1.44298180567715e-05,-6.87057409354264e-06
0.000114716575328744,1.25307241160621e-08,3.71635018592402e-13,0.497592228408942,0.497592228408571,0.497613539243237,0.497597880964016,-0.497597868433292,-0.497597880963644,-5.65255507384288e-06,1.56582792207316e-05,-5.65255544549004e-06
0.00011997705854462,1.37033478476765e-08,4.16978372841111e-13,-0.313032402679977,-0.313032402680394,-0.313007781103582,-0.313024157414306,0.313024171117654,0.313024157414723,-8.24526567155814e-06,1.63763107239867e-05,-8.24526608855791e-06
0.000125237541760497,1.50207278029864e-08,4.66637078947723e-13,-1.06373600104175,-1.06373600104222,-1.06370887201894,-1.06372596636117,1.0637259813819,1.06372596636164,-1.00346805791407e-05,1.70943422272973e-05,-1.00346810458785e-05
0.000130401066028596,1.6540432577093e-08,5.20135403946752e-13,1.96206590043673,1.96206590043621,1.96210114309313,1.96208334395384,-1.96208332741341,-1.96208334395332,-1.74435171140797e-05,1.7799139284902e-05,-1.74435176341081e-05
0.000134906791421386,1.80471792954097e-08,5.71389254329598e-13,1.2972277541061,1.29722775410553,1.29726377054344,1.29724535639359,-1.29724533834641,-1.29724535639302,-1.76022874844861e-05,1.84141498540402e-05,-1.76022880558069e-05
0.000140185666533949,1.99851701777584e-08,6.3738626303243e-13,1.05462112216073,1.05462112216009,1.0546604776183,1.05464134292654,-1.05464132294137,-1.0546413429259,-2.02207658104303e-05,1.9134691765732e-05,-2.02207664479204e-05
0.000153486548734017,2.55768238871278e-08,8.35744796653644e-13,2.22451414925295,2.22451414925211,2.22456224437976,2.22454129417941,-2.22454126860259,-2.22454129417858,-2.71449264666046e-05,2.09502003509776e-05,-2.71449273023805e-05
0.000162133718933453,2.975902685867e-08,9.9307383217421e-13,2.73587296128946,2.73587296128846,2.7359240297115,2.73590189921261,-2.73590186945359,-2.73590189921162,-2.89379231586118e-05,2.21304988827775e-05,-2.89379241515952e-05
0.000170780889132889,3.39768273820459e-08,1.17429100660685e-12,2.83927760594481,2.83927760594363,2.83933188317802,2.8393085723806,-2.83930853840378,-2.83930857237943,-3.09664357978079e-05,2.33107974150215e-05,-3.09664369719798e-05
0.00017995973653663,3.9011545589088e-08,1.39437798480334e-12,0.65917672151485,0.659176721513455,0.659238245239879,0.659213681572466,-0.65921364256092,-0.659213681571071,-3.69600576158868e-05,2.45636674134353e-05,-3.69600590102159e-05
0.000188489000438614,4.43531454500509e-08,1.62793307880446e-12,0.898788433061045,0.898788433059417,0.898858425204921,0.898832697332637,-0.898832652979492,-0.898832697331009,-4.42642715920982e-05,2.57278722839427e-05,-4.42642732200182e-05
0.000194363333604271,4.83375173130116e-08,1.80702157808714e-12,1.94071450414713,1.94071450414532,1.94078671367481,1.94076018398336,-1.94076013564584,-1.94076018398155,-4.56798362247213e-05,2.65296914516711e-05,-4.56798380317203e-05
0.000200237666769928,5.27180939783646e-08,2.00209759053026e-12,-0.360235161703742,-0.360235161705745,-0.36015348104627,-0.360180812556889,0.360180865274983,0.360180812558891,-5.43491468532054e-05,2.73315106192329e-05,-5.4349148855326e-05
0.000206719489419982,5.77735351884919e-08,2.23766077792322e-12,1.21647420956037,1.21647420955814,1.21655645603276,1.21652823978348,-1.21652818200994,-1.21652823978124,-5.40302231029077e-05,2.82162492772908e-05,-5.40302253406733e-05
0.000212526191962592,6.2398581291397e-08,2.46713089954658e-12,1.47934978604148,1.47934978603901,1.47943702214996,1.47940801331278,-1.4794079509142,-1.47940801331031,-5.82272713003373e-05,2.90088371792674e-05,-5.82272737674749e-05
0.000221415413366508,7.01623721851272e-08,2.85458895022892e-12,-0.513087836611413,-0.513087836614268,-0.512995346533598,-0.513025568708174,0.513025638870546,0.513025568711028,-6.2267903239932e-05,3.02221745753783e-05,-6.22679060945375e-05
0.000228346436170973,7.6523992939253e-08,3.1887981298193e-12,1.021657718377,1.02165771837381,1.02175861202967,1.0217274438027,-1.02172736727871,-1.02172744379951,-6.97254257056024e-05,3.11682269662494e-05,-6.97254288943849e-05
0.000235277458975439,8.32449455240836e-08,3.55297482740018e-12,1.64388973071969,1.64388973071613,1.64399397745497,1.64396186317561,-1.64396177993067,-1.64396186317206,-7.21324559291858e-05,3.21142793571205e-05,-7.21324594821215e-05
0.000245870882320455,9.40184672237467e-08,4.17026156998602e-12,-0.15238325392868,-0.15238325393285,-0.152273216363582,-0.152306776595978,0.152306870614445,0.152306776600148,-7.64773327024404e-05,3.35602323953132e-05,-7.64773368727156e-05
0.000255815513277941,1.04804292408863e-07,4.8200748679442e-12,3.32285301690053,3.32285301689571,3.32297499218553,3.32294007455725,-3.32293996975295,-3.32294007455243,-8.70576567151282e-05,3.49176282887775e-05,-8.70576615352725e-05
0.000267512091779404,1.18678863174266e-07,5.67997236856282e-12,0.186880873365957,0.186880873360277,0.187006230888569,0.186969716731691,-0.186969598052828,-0.186969716726011,-8.8843365733865e-05,3.6514156877554e-05,-8.88433714138492e-05
0.000278315247651712,1.32141540301213e-07,6.57086235924091e-12,0.775897213565154,0.775897213558583,0.776028820237875,0.775990831500444,-0.775990699358904,-0.775990831493873,-9.36179352901689e-05,3.79887374307719e-05,-9.36179418610239e-05
0.000287394650952714,1.43723803642159e-07,7.39459498421489e-12,-0.27808642617512,-0.278086426182515,-0.277951307564344,-0.277990535598115,0.277990679321919,0.27799053560551,-9.58905770045981e-05,3.92280337717099e-05,-9.58905843991831e-05
0.000295816835476303,1.54911281692042e-07,8.22152711732767e-12,1.3047166258267,1.30471662581848,1.30486111498677,1.30482073736397,-1.30482058245268,-1.30482073735574,-0.000104111537269302,4.03776228048436e-05,-0.000104111545490726
0.000304438892982678,1.6706995244513e-07,9.13447520425736e-12,0.750919727801938,0.750919727792803,0.751072345208142,0.751030790714571,-0.751030623644618,-0.751030790705436,-0.000111062912632853,4.15544935710166e-05,-0.000111062921767324
0.000311792453225513,1.78034934809929e-07,9.96896366830881e-12,2.7488956062717,2.74889560626173,2.74905910786008,2.74901654963972,-2.74901637160478,-2.74901654962975,-0.000120943368020487,4.25582203575914e-05,-0.000120943377989402
0.000318367073131354,1.8837344375909e-07,1.07613774578133e-11,1.73028977444409,1.73028977443333,1.7304542986975,1.73041084307209,-1.73041065469865,-1.73041084306133,-0.000121068627999987,4.34556254098606e-05,-0.000121068638761379
0.000325420546843486,1.99505416842248e-07,1.16612163205178e-11,1.52377754987563,1.52377754986396,1.52394796528992,1.52390354689814,-1.52390334739272,-1.52390354688647,-0.00012599702251026,4.44183917802654e-05,-0.000125997034171377
0.000332269948019402,2.10768356376858e-07,1.25855434474801e-11,0.366745303463539,0.366745303450953,0.366918493477383,0.366873140174184,-0.366872929405828,-0.366873140161599,-0.000127836710645479,4.535330319827e-05,-0.000127836723231023
0.000340789210709701,2.25058484076706e-07,1.38066154383551e-11,1.62917915767175,1.62917915765795,1.629359083589,1.62931256744605,-1.62931234238757,-1.62931256743224,-0.000133409774298432,4.65161429499261e-05,-0.000133409788104943
0.000350036507991494,2.4102858168081e-07,1.5224257444622e-11,0.32035616668555,0.320356166670326,0.320538914323034,0.320491135966995,-0.320490894938413,-0.320491135951771,-0.000134969281444852,4.77783560386413e-05,-0.000134969296669118
0.000361111448859159,2.60285395735601e-07,1.70505077241966e-11,2.28876263009623,2.28876263007918,2.28894673100005,2.28889744096607,-2.28889718068068,-2.28889744094902,-0.000134810869841573,4.92900339801317e-05,-0.000134810886891934
0.00037145689816938,2.78761343063777e-07,1.88844738437067e-11,0.517909309083175,0.51790930906429,0.518101470797141,0.518050768657425,-0.518050489896082,-0.518050768638541,-0.000141459574250491,5.0702139715586e-05,-0.00014145959313494
0.0003818023474796,2.97644437453859e-07,2.08459299044524e-11,0.954691077290808,0.954691077269962,0.954886000785142,0.954833886539691,-0.954833588895254,-0.954833886518845,-0.000142809248883546,5.21142454509294e-05,-0.000142809269729427
0.000398775732914671,3.29712503298467e-07,2.43472617255511e-11,0.48066107864227,0.480661078617923,0.480868025884782,0.480813594851127,-0.480813265138624,-0.48081359482678,-0.000152516208857034,5.4431033654434e-05,-0.000152516233204281
0.000416204658993355,3.64668589164358e-07,2.8328533803858e-11,1.50886040500152,1.50886040497319,1.50906722875017,1.50901041874913,-1.50901005408054,-1.5090104187208,-0.000150013747613142,5.68100010380768e-05,-0.000150013775941593
0.000426436595193469,3.85489403673303e-07,3.08525172525617e-11,2.21047727446801,2.21047727443716,2.21069805457207,2.21063984795931,-2.2106394624699,-2.21063984792846,-0.000162573491298446,5.82066127616798e-05,-0.000162573522151099
0.000434604576392873,4.02842857036726e-07,3.29704997022665e-11,2.00277045686096,2.00277045682799,2.00299387485779,2.00293455335357,-2.00293415051071,-2.0029345533206,-0.000164096492606181,5.93215042226092e-05,-0.000164096525576696
0.000442772557592278,4.2052566784947e-07,3.51824510190335e-11,-0.0223025995401774,-0.0223025995753599,-0.0220728028479621,-0.022133239243646,0.0221336597693138,0.0221332392788284,-0.000169360296531446,6.04363956838924e-05,-0.000169360331713896
0.000451057210971872,4.39013695979525e-07,3.75244028527087e-11,2.64902631683808,2.64902631680056,2.649269488719,2.64920792150665,-2.64920748249295,-2.64920792146912,-0.000181604668567203,6.15672123553956e-05,-0.000181604706091409
0.000457781334644761,4.54793419701466e-07,3.95011675595618e-11,0.68074312983669,0.680743129797189,0.680994633417493,0.680932148393517,-0.680931693600097,-0.680932148354016,-0.000189018556826404,6.2485023976544e-05,-0.000189018596327584
0.000464488980043726,4.70855863687776e-07,4.15434894343373e-11,-0.563284429347078,-0.563284429388622,-0.563031553404738,-0.563094953991128,0.563095424846992,0.563094954032672,-0.000189475355950042,6.34005863899834e-05,-0.000189475397493477
0.00047145883401584,4.87654060115653e-07,4.37409790925016e-11,-0.186439373560452,-0.186439373604193,-0.186183408343227,-0.186247760282282,0.186248247936342,0.186247760326023,-0.0001916132781698,6.43519390546576e-05,-0.000191613321910783
0.000477695464708548,5.02896467754249e-07,4.57730181105383e-11,0.867715648779875,0.867715648734102,0.867973909407204,0.867908706197054,-0.867908203300586,-0.867908706151281,-0.000193057417179121,6.52032101504663e-05,-0.000193057462952173
0.000486468856628439,5.24718134514129e-07,4.87383910945714e-11,0.297636236228291,0.297636236179553,0.297899568783925,0.297833168046565,-0.297832643328431,-0.297833167997827,-0.000196931818273904,6.6400737360417e-05,-0.000196931867012307
0.00049400455549843,5.43797619970088e-07,5.13867316244169e-11,1.20371428384881,1.20371428379742,1.20398725852276,1.20391982919754,-1.20391928539992,-1.20391982914615,-0.000205545348730851,6.74293252231895e-05,-0.000205545400117524
0.000500610908392353,5.61190793564515e-07,5.37877629999342e-11,0.389868454737497,0.389868454683709,0.390149396645579,0.390081065583898,-0.390080504393105,-0.390081065530111,-0.000212610846401284,6.83310616805266e-05,-0.000212610900189036
0.000506195019797644,5.76116860829099e-07,5.58767388764385e-11,2.55361723414879,2.55361723409291,2.55390073755606,2.55383164428913,-2.55383106817227,-2.55383164423325,-0.000214410140341847,6.90932669269451e-05,-0.000214410196218484
0.000514044753870206,5.97191139842216e-07,5.89064824784134e-11,1.11695225858089,1.11695225852199,1.11723148125171,1.11716131653258,-1.11716071934144,-1.11716131647367,-0.000209057951683356,7.0164719135013e-05,-0.000209058010589791
0.000521412944290866,6.17092971020933e-07,6.1849136003258e-11,2.33669319936894,2.33669319930709,2.33698429293046,2.33691312248759,-2.33691250539462,-2.33691312242574,-0.00021992311864949,7.11704428728588e-05,-0.000219923180498682
0.000528863717469182,6.37829833474107e-07,6.49247244585816e-11,1.29374184494467,1.29374184487975,1.29403285954959,1.29396067211082,-1.29396003428099,-1.29396067204589,-0.000218827166146296,7.21874387736854e-05,-0.000218827231071028
0.000536209831806248,6.58433150977853e-07,6.80566802183755e-11,0.675345281940214,0.675345281872157,0.675646674241935,0.675573484092706,-0.675572825659555,-0.675573484024649,-0.000228202152492085,7.31901492289078e-05,-0.000228202220548757
0.00054452628085944,6.82425414140645e-07,7.17246422924259e-11,1.3357597069706,1.33575970689888,1.33606125897944,1.33598693367358,-1.33598625124817,-1.33598693360186,-0.000227226702981698,7.43253058619331e-05,-0.000227226774706324
0.000551684963927986,7.03029314867607e-07,7.49869627993143e-11,1.02405004834254,1.02405004826756,1.02435227914924,1.02427697671642,-1.0242762736871,-1.02427697664143,-0.00022692837387428,7.530243282039e-05,-0.000226928448861186
0.000557823747110821,7.20825740645259e-07,7.78619617498598e-11,0.892525720079437,0.892525720001575,0.892833920787744,0.892757780439558,-0.892757059613817,-0.892757780361696,-0.000232060360121245,7.61403481859269e-05,-0.000232060437983184
0.000564786977676273,7.41434194781152e-07,8.1210979343111e-11,0.531586485993124,0.531586485911913,0.531903511368861,0.531826420572074,-0.531825679137879,-0.531826420490863,-0.000239934578950218,7.70907967864165e-05,-0.000239934660161145
0.000571282128373335,7.61069294212638e-07,8.442091864941e-11,0.935590199289701,0.93559019920528,0.935910823668458,0.935832846313797,-0.935832085244503,-0.935832846229376,-0.000242647024096265,7.79773546609741e-05,-0.00024264710851718
0.000577038189689737,7.78718740825632e-07,8.73361498770842e-11,1.69407930835916,1.69407930827182,1.69440765444812,1.69432889141785,-1.69432811269911,-1.69432889133051,-0.000249583058687497,7.87630302709896e-05,-0.000249583146023635
0.000582066510697502,7.94521395677546e-07,8.99381826549366e-11,2.21651553166224,2.2165155315723,2.21684669941897,2.21676725004625,-2.21676645552486,-2.21676724995632,-0.000251718384014055,7.94493727123147e-05,-0.000251718473952334
0.000586639684736482,8.08981769167757e-07,9.23501809803899e-11,0.743630907953169,0.743630907860819,0.74396949632372,0.743889422734012,-0.743888613752242,-0.743889422641661,-0.000258514780842933,8.0073589707963e-05,-0.000258514873193061
0.000590606154903005,8.21741001372011e-07,9.44777695976705e-11,1.17349952293558,1.1734995228411,1.17383699218931,1.17375637719486,-1.17375555545386,-1.17375637710038,-0.000256854259278683,8.06149944458934e-05,-0.000256854353756442
0.000594497991422232,8.34245451519078e-07,9.65976461078361e-11,0.832652849438057,0.83265284934146,0.832991560467305,0.832910414255267,-0.832909580009816,-0.83291041415867,-0.000257564817210176,8.11462120376971e-05,-0.000257564913807795
0.000600210286229425,8.52768212733006e-07,9.97673318807303e-11,0.272923613747224,0.272923613647457,0.273268136978631,0.273186211064908,-0.273185358296696,-0.273186210965141,-0.000262597317684243,8.19259137227468e-05,-0.000262597417451549
0.000606304886268706,8.72922865663137e-07,1.03226620817845e-10,-0.323380470550151,-0.323380470653378,-0.323028712859059,-0.323111470657354,0.32311234358022,0.323111470760581,-0.000268999892796939,8.27577982946415e-05,-0.000268999996023533
0.000612481865657845,8.93583521617142e-07,1.06815760853653e-10,1.56659413439538,1.56659413428856,1.56694682613276,1.56686322520549,-1.56686233162197,-1.56686322509868,-0.000269090810114836,8.36009272646709e-05,-0.000269090916930503
0.000618995972473858,9.15495694487655e-07,1.10691894855466e-10,0.909881704550842,0.909881704440151,0.910240056763902,0.91015556669134,-0.910154651195646,-0.910155566580648,-0.000273862140497627,8.4490072561394e-05,-0.000273862251189527
0.000624943288545157,9.35966703558751e-07,1.14313651015594e-10,1.15105125558939,1.15105125547508,1.15141516305007,1.15132986119651,-1.15132892522981,-1.1513298610822,-0.000278605607118232,8.53018535562633e-05,-0.000278605721431902
0.000630401312139832,9.54885404867649e-07,1.1770826536714e-10,1.31045444978468,1.31045444966697,1.31081870632982,1.31073265948142,-1.31073170459601,-1.31073265936371,-0.000278209696742859,8.60468484029653e-05,-0.000278209814451147
0.000635457941670795,9.72403054087831e-07,1.20913835615705e-10,0.877343926794021,0.877343926673107,0.877709368484044,0.877622631429218,-0.877621659026164,-0.877622631308304,-0.000278704635197524,8.67370548258695e-05,-0.000278704756111359
0.000641510588709071,9.93543044977564e-07,1.24827705332675e-10,0.897424818837902,0.897424818713074,0.897794407344859,0.897706844131851,-0.897705850588806,-0.897706844007024,-0.000282025293949384,8.75632130081794e-05,-0.000282025418777088
0.000648339348305512,1.01776970746997e-06,1.29345244403921e-10,0.356228531109436,0.35622853098009,0.356604030990402,0.356515535683455,-0.356514517913748,-0.35651553555411,-0.000287004574019478,8.84953069465455e-05,-0.000287004703364735
0.000655388227527897,1.04297301182388e-06,1.34123088258821e-10,1.37821969950754,1.37821969937342,1.37859819289978,1.37850873545359,-1.37850769248058,-1.37850873531946,-0.000289035946041905,8.94574461904885e-05,-0.000289036080165062
0.000662565089932118,1.0688171953277e-06,1.39108317091213e-10,1.87038166893544,1.87038166879633,1.87075882283761,1.87066838578307,-1.87066731696587,-1.87066838564396,-0.000286716847630375,9.04370545438127e-05,-0.000286716986738655
0.000669875290518559,1.09497016289285e-06,1.4431112036175e-10,0.791232278730813,0.791232278586502,0.791610746483909,0.79151931162097,-0.791518216650807,-0.791519311476659,-0.000287032890157302,9.14348629390549e-05,-0.00028703303446842
0.000680156220460735,1.132310049261e-06,1.51842457500683e-10,2.54963681655127,2.54963681639942,2.55002378727927,2.54993094911719,-2.54992981680714,-2.54993094896535,-0.000294132565922922,9.28381620806107e-05,-0.000294132717765461
0.000688025683276028,1.16157961908246e-06,1.57779665676463e-10,2.33621241584022,2.33621241568244,2.33661187040959,2.33651795810242,-2.3365167965228,-2.33651795794464,-0.000305542262201364,9.3912307170374e-05,-0.000305542419980931
0.000695895146091322,1.19164393288486e-06,1.63870683694894e-10,1.46904500217851,1.46904500201464,1.46944891719127,1.46935393073901,-1.46935273909508,-1.46935393057514,-0.000308928560500021,9.49864522596933e-05,-0.000308928724370716
0.000701095987373441,1.21175389131965e-06,1.67982036794111e-10,0.454819231849684,0.454819231681702,0.455226240407399,0.455130544064483,-0.455129332310591,-0.455130543896501,-0.000311312214798409,9.56963429163404e-05,-0.000311312382780426
0.00070629682865556,1.23184562115455e-06,1.7216227989659e-10,-1.19333444280194,-1.1933344429741,-1.1929308204103,-1.19302722664388,1.1930284584895,1.19302722681604,-0.000307216158064838,9.64062335728766e-05,-0.000307216330227122
0.000713156003235039,1.2582707804301e-06,1.77780176654189e-10,1.59314920869642,1.59314920851864,1.59355661023562,1.59345926775661,-1.59345800948583,-1.59345926757883,-0.000310059060184109,9.73424790149391e-05,-0.000310059237964344
0.00071908709426252,1.2813562556411e-06,1.82734547156956e-10,0.440519372882593,0.440519372699859,0.440931064893722,0.440832912848355,-0.4408316314921,-0.440832912665621,-0.000313539965762055,9.81520453669504e-05,-0.000313540148496605
0.00072799442120966,1.31622228242836e-06,1.90345037215587e-10,1.86174889926006,1.86174889906971,1.86215752789738,1.8620581600433,-1.86205684382101,-1.86205815985295,-0.000309260783236009,9.93678540854859e-05,-0.000309260973581083
0.00073525188719278,1.34463035461568e-06,1.96696608197113e-10,-0.480867613571057,-0.480867613767754,-0.48045120939264,-0.480551567857093,0.480552912487447,0.480551568053789,-0.000316045713964208,0.00010035846445261,-0.000316045910660812
0.000741641410771943,1.37009143174108e-06,2.0240176236798e-10,1.69543592921317,1.69543592901077,1.69586028157901,1.6957590509743,-1.69575768088286,-1.69575905077189,-0.000323121761126588,0.000101230604716562,-0.000323121963528461
0.000748702316174928,1.39872337667291e-06,2.08832111115207e-10,1.48301080247107,1.48301080226224,1.4834392447197,1.48333705033422,-1.48333565161084,-1.48333705012539,-0.00032624786314539,0.000102194385478205,-0.000326248071977453
0.000756181440697717,1.42931789364157e-06,2.1578908965983e-10,1.17919987179858,1.17919987158279,1.17962981378773,1.17952659853653,-1.17952516921863,-1.17952659832074,-0.000326726737946315,0.000103215251205491,-0.000326726953735479
0.000762303641688149,1.45443292440125e-06,2.21596065044061e-10,0.985395726051461,0.985395725829865,0.985825268107032,0.985721217203853,-0.985719762770928,-0.985721216982256,-0.000325491152391333,0.000104050903178998,-0.000325491373987408
0.00076842584267858,1.47957960742655e-06,2.27504185004983e-10,0.261402789483319,0.261402789255814,0.261834487344523,0.26172960078937,-0.261728121209763,-0.261729600561866,-0.000326811306051611,0.000104886555152339,-0.000326811533555793
0.000773535724080366,1.50050972280648e-06,2.32512897711509e-10,1.60129949126945,1.60129949103693,1.60173123827694,1.60162565424673,-1.60162415373701,-1.60162565401422,-0.000326162977280831,0.000105584030208217,-0.000326163209793728
0.000780497998950419,1.52930215161557e-06,2.39451038896283e-10,1.4685300617781,1.46853006153865,1.46896643059236,1.468859896244,-1.46885836694185,-1.46885989600455,-0.000329834465896406,0.00010653434836061,-0.000329834705347531
0.000787155367396038,1.55708486160463e-06,2.46209191236757e-10,0.982285643179895,0.982285642933686,0.982728626912767,0.982621183864563,-0.982619626779702,-0.982621183618354,-0.000335540684668345,0.000107443048203648,-0.000335540930877509
0.000793385423036915,1.58340915150012e-06,2.52644502804745e-10,0.00306407383201548,0.00306407357937098,0.00350987913572592,0.00340158571389049,-0.00340000230473899,-0.00340158546124598,-0.000337511881875004,0.000108293421835428,-0.000337512134519507
0.000800300354009371,1.61288585266564e-06,2.59913980518183e-10,-0.130127691266722,-0.130127691526636,-0.129672655046225,-0.129781892323991,0.129783505209843,0.129781892583905,-0.000345798942730957,0.000109237277765989,-0.000345799202644936
0.000807215284981827,1.64317227178676e-06,2.6731937520824e-10,0.383888948122199,0.38388894785488,0.384352763973923,0.384242582840227,-0.384240939667955,-0.384242582572907,-0.000353634718027629,0.000110181133696596,-0.000353634985347018
0.000817670214154438,1.68933807659644e-06,2.78778945527134e-10,1.56842804614441,1.56842804586563,1.5688948891506,1.56878328096767,-1.5687815916296,-1.56878328068889,-0.000355234823265604,0.000111608182924217,-0.000355235102044604
0.000826839906203384,1.73013206631776e-06,2.8909189904403e-10,0.203825510627263,0.203825510338171,0.204295940669492,0.204183080866232,-0.204181350734166,-0.20418308057714,-0.000357570238969651,0.000112859803259424,-0.00035757052806154
0.000834679138937454,1.76555173807936e-06,2.98104953551521e-10,1.25291009401084,1.25291009371273,1.25338923763708,1.253275307815,-1.25327354226326,-1.25327530751689,-0.000365213804155662,0.000113929822083358,-0.000365214102260536
0.000843110772281526,1.80426781399365e-06,3.08004680890956e-10,1.71415801250085,1.71415801219285,1.71464590182797,1.71453082112714,-1.71452901685932,-1.71453082081913,-0.000372808626285748,0.000115080700836767,-0.000372808934290481
0.000851008378352979,1.84117771866467e-06,3.17473928873772e-10,0.130386457312588,0.130386456995114,0.130879055232409,0.130762896545059,-0.130761055367341,-0.130762896227586,-0.000376439232471076,0.000116158687349849,-0.000376439549945012
0.000859097037624887,1.87939080279779e-06,3.27371957460024e-10,0.133937066147891,0.133937065820519,0.134438972357851,0.134321709606114,-0.134319830215312,-0.134321709278742,-0.000384643458223283,0.00011726275173668,-0.000384643785595246
0.000866492781017616,1.91471546633082e-06,3.36601264549657e-10,-0.703810429494046,-0.703810429830647,-0.703308330808015,-0.703426603044342,0.703428517759809,0.703426603380944,-0.000383826449703584,0.000118272236327321,-0.000383826786304886
0.000873793101807312,1.9496853052994e-06,3.45880147740871e-10,-0.0535666402411216,-0.0535666405870017,-0.0530630557182051,-0.0531823244143814,0.0531842740996867,0.0531823247602616,-0.000384315826740166,0.000119268696176317,-0.000384316172620316
0.000881397249787041,1.9862109294244e-06,3.55723909451676e-10,0.386746086743449,0.386746086387725,0.387253483830643,0.387133177203619,-0.387131190992689,-0.387133176847895,-0.000387090460169326,0.000120306627024225,-0.000387090815893221
0.00088794899639997,2.01804462710984e-06,3.64352599012829e-10,1.72212532986892,1.72212532950457,1.72263865256461,1.72251745165463,-1.72251543361,-1.72251745129028,-0.000392121785710797,0.000121200909978247,-0.000392122150063345
0.000895092614267479,2.05291242952724e-06,3.73917524702357e-10,-0.550174226557138,-0.550174226931056,-0.549655051166837,-0.549777227147444,0.549779280059873,0.549777227521361,-0.000396999409694399,0.000122175980606709,-0.000396999783611962
0.000900964807343649,2.08189571279576e-06,3.81903474099223e-10,0.592568412522699,0.592568412140795,0.593089478332136,0.592966500824474,-0.592964418928761,-0.59296650044257,-0.000398088301775013,0.000122977507662103,-0.000398088683678521
0.000909197401411579,2.12294984236761e-06,3.93288829994281e-10,0.472123681140374,0.472123680747085,0.472652621719491,0.472528520501012,-0.47252639755117,-0.472528520107723,-0.000404839360638065,0.0001241012184795,-0.000404839753926911
0.000917902006332128,2.16668500016808e-06,4.05570156754577e-10,1.16842925698268,1.16842925657711,1.16895473801034,1.16882944865375,-1.16882728196875,-1.16882944824818,-0.000400191671076522,0.000125289356583957,-0.000400192076646766
0.000925350319970579,2.2039960533936e-06,4.16277311440675e-10,0.419504927225975,0.419504926809697,0.420032500851182,0.419906194834413,-0.41990399083836,-0.419906194418136,-0.000401267608438283,0.000126306016768662,-0.000401268024715573
0.000931744650708896,2.23617159777751e-06,4.25615439904324e-10,0.813542742123275,0.813542741697659,0.814075275594313,0.813948096781125,-0.813945860609527,-0.81394809635551,-0.00040535465785041,0.000127178813187578,-0.000405355083465841
0.000938792397284419,2.27219708558643e-06,4.36065698694299e-10,0.560565101881537,0.560565101445471,0.56110553795215,0.56097739715432,-0.560975124957234,-0.560977396718254,-0.000412295272782748,0.000128140797830523,-0.000412295708848487
0.000944563732776585,2.30210813729748e-06,4.44748516650673e-10,-0.602741987445269,-0.602741987890018,-0.602191799795271,-0.602320728353565,0.602323030461703,0.602320728798314,-0.000421259091703763,0.000128928558294494,-0.000421259536452334
0.000951188020057196,2.33691712363071e-06,4.54855644890657e-10,-1.08535729725116,-1.08535729770602,-1.08480066358477,-1.08493049632748,1.08493283324461,1.08493049678234,-0.00042680092368208,0.000129832742712388,-0.000426801378537789
0.000957101824026355,2.36829945629296e-06,4.6400749160897e-10,0.995261309368896,0.995261308904889,0.995823820147665,0.995693180198204,-0.995690811898747,-0.995693179734196,-0.000431870829307512,0.000130639949461164,-0.000431871293315012
0.00096224810609475,2.3958794906161e-06,4.72071363389185e-10,0.428435330310315,0.428435329838243,0.429003977874578,0.428872635481539,-0.428870239602048,-0.428872635009467,-0.000437305171224089,0.000131342393038691,-0.000437305643295471
0.000967241534798522,2.42292773180142e-06,4.79985491977896e-10,1.79045559549557,1.79045559501559,1.79102604606821,1.79089402209537,-1.79089159916764,-1.79089402161539,-0.000438426599797426,0.000132023972842621,-0.00043842707978281
0.000972645736929578,2.45232343318668e-06,4.88650919688343e-10,0.924359928732294,0.924359928243643,0.92493650770578,0.924803746084471,-0.924801293761037,-0.92480374559582,-0.000443817352176912,0.000132761621309596,-0.000443817840827809
0.000977678025663135,2.48003490873877e-06,4.96814467107066e-10,0.511582124206595,0.511582123709781,0.51216769320681,0.512034244701483,-0.512031764666574,-0.512034244204669,-0.000452120494887964,0.000133448505326816,-0.000452120991702443
0.000982544596434513,2.50717279406762e-06,5.04797069271229e-10,1.85809593705886,1.85809593655406,1.85868186532075,1.85854775255114,-1.85854524537834,-1.85854775204634,-0.000451815492278795,0.000134112769612615,-0.000451815997075888
0.000986821174144534,2.53103820660035e-06,5.11883638733169e-10,1.02816364177213,1.02816364126025,1.02875083818505,1.02861614168246,-1.02861361064425,-1.02861614117058,-0.000452499910330362,0.000134696502588572,-0.000452500422214008
0.000991026903463537,2.55449509689007e-06,5.18918281943323e-10,0.726912289432924,0.726912288914005,0.727499626563541,0.727364355998453,-0.727361801503356,-0.727364355479535,-0.000452066565529208,0.00013527056508833,-0.000452067084447449
0.000995388893159787,2.57874593063816e-06,5.26282772882275e-10,1.63021766083427,1.63021766030798,1.63079962400722,1.63066375805082,-1.63066117930489,-1.63066375752454,-0.000446097216553198,0.000135865956403247,-0.000446097742835994
0.000999046084784805,2.59898004524155e-06,5.3251078664739e-10,0.10028376221025,0.100283761677739,0.10086702626957,0.100730661123512,-0.100728062143466,-0.100730660591001,-0.000446898913261704,0.000136365146057901,-0.000446899445772489
0.0010069982742288,2.64346652997562e-06,5.46221918889525e-10,0.97992572777804,0.979925727231818,0.980519167955071,0.980381717372123,-0.980379073905593,-0.980381716825901,-0.000455989594082662,0.000137450582947674,-0.000455990140304618
0.00101343168065129,2.67976204722204e-06,5.57485506555808e-10,2.70612301939682,2.70612301883933,2.70671834306633,2.70658001435331,-2.70657733459127,-2.70658001379583,-0.000456994956498757,0.000138328713015667,-0.000456995513984371
0.00101967832709106,2.71512944969948e-06,5.68569368476734e-10,-0.0914971970326424,-0.0914971976012118,-0.0909009496623571,-0.0910401310135716,0.0910428461430213,0.0910401315821409,-0.00045706601907089,0.000139181351214435,-0.000457066587640262
0.00102530506683402,2.74711103821616e-06,5.7867781552465e-10,0.272818826171432,0.272818825592754,0.273420466990678,0.273280517615648,-0.273277770504609,-0.27328051703697,-0.000461691444215762,0.000139949375030923,-0.000461692022893589
0.00103040797577092,2.77640180836607e-06,5.87948021558585e-10,0.636635024132743,0.636635023544795,0.637242213978313,0.637101568079936,-0.637098791678128,-0.637101567491988,-0.000466543947192588,0.000140645898377589,-0.000466544535140612
0.00103723990862388,2.81604485576223e-06,6.0051413599275e-10,1.00637522813238,1.00637522753187,1.00698671074669,1.00684513232124,-1.00684231627639,-1.00684513172073,-0.000469904188859616,0.000141578425450817,-0.000469904789373699
0.00104369440883188,2.85359148714964e-06,6.1255000506961e-10,3.08016490330176,3.08016490268921,3.08077547691793,3.08063301748321,-3.08063016389172,-3.08063301687066,-0.000468114181447543,0.000142459434722575,-0.000468114793997554
0.00104980380963089,2.88912038572503e-06,6.24089148416112e-10,1.54457318974163,1.54457318911754,1.54518526036028,1.54504196702075,-1.54503907790036,-1.54504196639666,-0.000468777279114763,0.000143293339529338,-0.000468777903203987
0.00105639169378843,2.92762922319569e-06,6.36692218762612e-10,0.573925474967498,0.573925474330806,0.574546240304497,0.574402047749407,-0.574399120120184,-0.574402047112715,-0.000476572781909157,0.000144192555090017,-0.000476573418601411
0.00106598306136622,2.98429499062403e-06,6.55341455946012e-10,-0.0925022878518254,-0.0925022885071669,-0.0918756879640141,-0.0920211896961887,0.0920241739911793,0.0920211903515301,-0.000481098155636739,0.000145501732174605,-0.000481098810978201
0.00107396850906497,3.03173778763077e-06,6.71141716509597e-10,1.23633244107333,1.23633244040219,1.23696110536098,1.23681451365232,-1.23681148191453,-1.23681451298118,-0.000482072578989357,0.000146591708661603,-0.000482073250131165
0.00108057868584987,3.07126279512631e-06,6.8440982508353e-10,3.43946127482532,3.43946127414091,3.44009368151975,3.43994618755269,-3.43994311628989,-3.43994618686828,-0.00048491272736273,0.000147493967062484,-0.000484913411772592
0.00108823786087575,3.11759648564405e-06,6.99999558430379e-10,0.82089259460768,0.82089259390768,0.821535335872266,0.82138679646342,-0.821383678866935,-0.821386795763421,-0.000494201855740672,0.000148539408846182,-0.000494202555740286
0.0010952405887115,3.16034478794085e-06,7.14458539418551e-10,0.805027135887072,0.805027135172613,0.805670998899466,0.805521503650825,-0.805518343306037,-0.805521502936367,-0.000494367763753445,0.000149495248640497,-0.000494368478211937
0.00110362786411717,3.21205195123858e-06,7.32036406403978e-10,2.91513297043448,2.91513296970244,2.91578824370295,2.91563760363021,-2.91563439157826,-2.91563760289817,-0.000504633195733906,0.000150640072741126,-0.000504633927770115
0.00111201513952283,3.26457634445339e-06,7.49901864437692e-10,-0.602069501272168,-0.60206950202207,-0.601406745066924,-0.601558529963767,0.601561794540111,0.601558530713669,-0.000510971308401165,0.0001517848968422,-0.000510972058303083
0.00112133283180644,3.32335913003894e-06,7.7009054349138e-10,1.13885795385982,1.13885795308973,1.13952136817761,1.13936831145909,-1.13936498809996,-1.139368310689,-0.000510357599265099,0.000153056718521283,-0.000510358369355535
0.00112972756487922,3.37639398549768e-06,7.88588029365619e-10,1.19479968988579,1.1947996890972,1.19546613306589,1.19531193050533,-1.19530855411134,-1.19531192971674,-0.000512240619537918,0.000154202560559202,-0.000512241408126002
0.00113685146412192,3.42149838276478e-06,8.0451525844927e-10,1.90972297487395,1.90972297406943,1.91039312263907,1.91023794769938,-1.910234526201,-1.91023794689487,-0.000514972825435667,0.000155174939687086,-0.00051497362995101
0.00114470655437765,3.47157512160585e-06,8.22323102576459e-10,0.372182919819823,0.3721829189975,0.372857153546972,0.372700906423983,-0.372697434848861,-0.372700905601659,-0.000517986604159359,0.000156247122989062,-0.000517987426482458
0.00115442538712289,3.53417003630233e-06,8.44716317024413e-10,0.864430716565311,0.864430715720594,0.865106664434647,0.86494909073617,-0.864945556566134,-0.864949089891454,-0.000518374170859537,0.000157573698476465,-0.000518375015575834
0.00116286345740999,3.5886368932769e-06,8.64483090233121e-10,-1.05942092418752,-1.059420925052,-1.05873657954252,-1.05889530499837,1.05889889363526,1.05889530586285,-0.000525619189148729,0.00015872545584239,-0.000525620053631881
0.00117188518055037,3.64753117512954e-06,8.85953432017351e-10,1.41345737809274,1.41345737720679,1.41414957542552,1.41398961854641,-1.41398597101524,-1.41398961766046,-0.000532240453672728,0.000159956879109524,-0.00053224133962626
0.0011798336637958,3.69999459222911e-06,9.0516067789556e-10,-0.172047524046276,-0.172047524951437,-0.171346949265348,-0.171507991075468,0.17151169107006,0.171507991980629,-0.000539532970808054,0.000161041810120499,-0.000539533875968723
0.00118630485232977,3.74307695124192e-06,9.21001592306325e-10,0.249675798229949,0.249675797308948,0.250378235984981,0.25021631088771,-0.250212567810759,-0.250216309966709,-0.000540512657760644,0.000161925097271143,-0.000540513578762225
0.00119331805042821,3.79019348086868e-06,9.38377098972508e-10,2.02417055132341,2.02417055038503,2.0248820616647,2.02471917929849,-2.02471538910501,-2.02471917836012,-0.000548627975088145,0.000162882366207651,-0.000548628913465077
0.00120101617705057,3.84243948345632e-06,9.57701247459054e-10,2.36405469375696,2.36405469279926,2.36477101922276,2.36460708609806,-2.36460324365858,-2.36460708514036,-0.000552392341102603,0.000163933124703419,-0.000552393298803633
0.0012091802736399,3.89811461597363e-06,9.78484863545081e-10,-0.859832912612643,-0.859832913591128,-0.859114356532077,-0.85927940401801,0.859283302132626,0.859279404996495,-0.000553508594633101,0.000165047485933267,-0.00055350957311795
0.00121644317566878,3.94775974221256e-06,9.97225896202374e-10,2.16588100732796,2.16588100633074,2.16660030365988,2.16643426482159,-2.16643031706185,-2.16643426382436,-0.000553257493625559,0.000166038838295357,-0.000553258490851416
0.00122339955418851,3.99543671641752e-06,1.01539858338324e-09,2.13952759668069,2.13952759566529,2.1402493453308,2.14008235697918,-2.14007836154246,-2.14008235596378,-0.000554760298488777,0.000166988351623321,-0.000554761313887209
0.00123056327093459,4.04496619385737e-06,1.03434168880739e-09,0.682820776259403,0.682820775225061,0.683551114484588,0.683383148318933,-0.683379103352739,-0.683383147284591,-0.000562372059529359,0.000167966165655509,-0.000562373093871082
0.00123726061397718,4.09157268290457e-06,1.05226341985019e-09,1.02715799203915,1.02715799098689,1.02789307150272,1.02772419118088,-1.0277200996082,-1.02772419012861,-0.000566199141725177,0.000168880321845144,-0.000566200193988564
0.00124537881988774,4.14849510968169e-06,1.07426368885526e-09,1.6442937075252,1.64429370645093,1.64503170538807,1.64486171696886,-1.64485756847375,-1.6448617158946,-0.000568009443663309,0.000169988419210787,-0.000568010517927098
0.00125349702579829,4.20562586768387e-06,1.0965683859667e-09,1.61532493309646,1.61532493199989,1.61606780034169,1.61589670382511,-1.61589249819924,-1.61589670272854,-0.000571770728649668,0.000171096516576652,-0.000571771825218059
0.00126275984332195,4.27121475166029e-06,1.122391718824e-09,1.32058250443408,1.32058250331169,1.32132943534383,1.32115707449572,-1.32115280328097,-1.32115707337333,-0.00057457006164241,0.000172360848106123,-0.000574571184034145
0.00127306976648603,4.3449614913257e-06,1.15160607633956e-09,1.38290017804814,1.38290017689653,1.38366034096703,1.38348657286234,-1.38348222790085,-1.38348657171074,-0.00058639481420264,0.000173768104687833,-0.000586395965808784
0.00128261707123208,4.41394254694766e-06,1.17910832297739e-09,1.21269002201479,1.21269002083568,1.21344842776843,1.21327335650103,-1.21326894255849,-1.21327335532193,-0.000583334486247367,0.000175071267400684,-0.000583335665355733
0.00129097863808659,4.47434874524992e-06,1.20355039611884e-09,0.377767017881626,0.377767016678076,0.378531251720266,0.378355039137862,-0.378350564789117,-0.378355037934312,-0.000588021256235804,0.000176212582403745,-0.000588022459786175
0.00129745375971223,4.52158764414708e-06,1.2227072473173e-09,0.432870145869816,0.432870144647108,0.433643412344881,0.433466315938478,-0.433461794350834,-0.433466314715771,-0.00059617006866225,0.000177096406403121,-0.000596171291369518
0.00130392888133786,4.56929855669619e-06,1.24206638302595e-09,0.933054839378742,0.933054838136676,0.933832634853362,0.933654654622959,-0.933650085324403,-0.933654653380893,-0.000599815244217483,0.000177980230402497,-0.000599816486283822
0.00131110910731078,4.62254531781108e-06,1.26377205641308e-09,2.91879849169751,2.91879849043374,2.91957767647105,2.91939871617318,-2.91939409362786,-2.91939871490941,-0.000600224475666877,0.000178960297867459,-0.000600225739439075
0.00131766093795417,4.67131445717356e-06,1.28379766916817e-09,1.05052205358242,1.05052205229862,1.05131263113244,1.05113277654015,-1.05112810522569,-1.05113277525635,-0.000610722957731458,0.000179854592291084,-0.000610724241529192
0.00132375598880269,4.71724596009867e-06,1.3026170347456e-09,0.778473113143203,0.778473111840586,0.779271819854449,0.779091133316053,-0.779086416070092,-0.779091132013435,-0.000618020172849065,0.000180686538396202,-0.00061802147546608
0.00132911857118424,4.75797284991069e-06,1.31932770964086e-09,1.6795989326853,1.67959893136598,1.68039920267384,1.68021778416788,-1.68021302619503,-1.68021778284855,-0.000618851482573346,0.000181418505960984,-0.000618852801901104
0.00133493889205525,4.80224290187892e-06,1.33762748313702e-09,0.416596791059503,0.416596789721876,0.417397159142319,0.417214946189617,-0.417210143946716,-0.41721494485199,-0.00061815513011404,0.000182212952701488,-0.000618156467741549
0.00134117801742243,4.84978690477512e-06,1.35743235318476e-09,0.258702420917537,0.258702419560105,0.259504598541943,0.259321533977634,-0.25931668419073,-0.259321532620202,-0.000619113060097598,0.000183064564308721,-0.000619114417529931
0.00134712326249935,4.89523334457172e-06,1.37648614869853e-09,0.760919168359398,0.760919166982912,0.761724417829175,0.761540541766553,-0.761535646533208,-0.761540540390067,-0.000621373407155179,0.000183876062622601,-0.000621374783641326
0.00135461620379231,4.95271923297028e-06,1.40075376690072e-09,-0.135892832437832,-0.135892833838585,-0.135086632573074,-0.135271531387348,0.135276484106581,0.135271532788102,-0.000621301050483247,0.000184898814274748,-0.00062130245123701
0.00136408633426396,5.02545698088799e-06,1.43183030564244e-09,0.982865973602171,0.982865972170341,0.983673727940346,0.983487536497288,-0.983482511040307,-0.983487535065458,-0.000621562895116945,0.000186191443057981,-0.000621564326947266
0.00137168381306393,5.08405229679199e-06,1.45708966544803e-09,-0.343584296203324,-0.343584297660414,-0.342766871162253,-0.342954099625846,0.342959183678143,0.342954101082936,-0.000630196577477427,0.000187228463593869,-0.000630198034567098
0.00137981296551137,5.14737399745337e-06,1.48444268686593e-09,0.360289782508525,0.360289781024082,0.36111411137331,0.360925773318199,-0.360920625944202,-0.360925771833757,-0.000635990809674802,0.000188338055110926,-0.000635992294117482
0.00138902082042242,5.21967716109059e-06,1.5158361387944e-09,2.52232384138252,2.52232383986668,2.52314887044154,2.52295927555704,-2.52295405587988,-2.5229592740412,-0.000635434174522054,0.000189594884499211,-0.000635435690358399
0.00139697328886173,5.28213296632842e-06,1.54330187923461e-09,0.330554298871233,0.330554297327931,0.331379296286418,0.331188615926947,-0.331183333793981,-0.331188614383645,-0.000634317055714095,0.00019068035947073,-0.000634318599015971
0.00140504311605549,5.34534517581253e-06,1.57150645579832e-09,0.134484541327603,0.134484539756096,0.135309769655846,0.135117987802479,-0.135112642457304,-0.135117986230973,-0.000633446474876564,0.000191781853366463,-0.000633448046383017
0.00141529085909416,5.42573974625964e-06,1.60780688542176e-09,0.549187724008811,0.549187722401004,0.550013162066925,0.549819981444275,-0.549814555704529,-0.549819979836468,-0.000632257435464356,0.000193180622650058,-0.000632259043271244
0.00142731494973217,5.52102002261513e-06,1.65109271064321e-09,-0.531975233928406,-0.531975235579499,-0.531131869234436,-0.531326691089558,0.531332212109581,0.531326692740651,-0.000648542838848076,0.000194821855122651,-0.000648544489940783
0.00143963464813482,5.62030869714196e-06,1.69623092826267e-09,0.976050657229331,0.9760506555331,0.976910284567774,0.976713781131093,-0.976708160822396,-0.976713779434862,-0.00066312390176182,0.000196503436680984,-0.000663125597992753
0.00144867073933152,5.69430329908461e-06,1.72985410861114e-09,0.410660079149129,0.410660077419275,0.411522345167334,0.411324608346213,-0.411318914042914,-0.411324606616359,-0.000664529197084429,0.000197736821121008,-0.000664530926938522
0.00145770683052822,5.76856511562623e-06,1.7639177067281e-09,0.110787762707672,0.110787760943755,0.111654497395905,0.111455527190344,-0.111449758625229,-0.111455525426427,-0.000667764482671959,0.000198970205561033,-0.000667766246589666
0.00146683285722582,5.84395001954808e-06,1.79876938989426e-09,1.47079833259143,1.47079833079266,1.47166994452137,1.47146972865559,-1.47146388470557,-1.47146972685682,-0.000671396064163332,0.000200215865778786,-0.000671397862932688
0.00147381176736878,5.90197944550173e-06,1.82572759160728e-09,0.396350331714016,0.396350329888288,0.397226146768224,0.397024978313655,-0.39701907633421,-0.397024976487928,-0.000674646599639728,0.000201168454568745,-0.000674648425367297
0.00148079067751173,5.96029295895139e-06,1.85295273366804e-09,2.37262743531378,2.37262743346082,2.37350876372803,2.37330664268467,-2.37330068239171,-2.37330664083171,-0.000679207370891,0.000202121043358705,-0.000679209223843902
0.00148973176034837,6.03549792519439e-06,1.88822472146009e-09,1.67083637641547,1.67083637452725,1.67172733653007,1.67152399507047,-1.67151795957254,-1.67152399318224,-0.000687618654993338,0.000203341459599216,-0.000687620543218026
0.00150287738961879,6.14699554864779e-06,1.94089036257965e-09,1.12762596209222,1.12762596015133,1.12852357663135,1.12831844085447,-1.12831229385892,-1.12831843891358,-0.000692478762245985,0.000205135776881304,-0.000692480703136322
0.00151559035923802,6.25579722402899e-06,1.9927434401109e-09,-0.258828774527061,-0.258828776519805,-0.257922183985068,-0.2581290550232,0.258135310820425,0.258129057015944,-0.000699719503860941,0.000206871038132272,-0.000699721496604355
0.00152931973368432,6.37402575702658e-06,2.0497678330969e-09,-0.429603341383284,-0.429603343433052,-0.428695292937379,-0.428904037971296,0.428910411997053,0.428904040021064,-0.00069930341198865,0.000208745033917046,-0.000699305461756505
0.00153963193047401,6.46324585142263e-06,2.09330232037848e-09,0.855811606203293,0.855811604109991,0.856724308937056,0.856514156336218,-0.856507693090367,-0.856514154242916,-0.000702550132924973,0.000210152600837898,-0.000702552226227282
0.00154994412726369,6.55279869293191e-06,2.13744316596664e-09,0.547906462343835,0.547906460206392,0.548821195248065,0.548609635080306,-0.548603082281613,-0.548609632942863,-0.000703172736471025,0.000211560167758806,-0.000703174873914136
0.00156265754115841,6.66408071191387e-06,2.19270056791535e-09,1.32953068492686,1.32953068273416,1.33046246504855,1.3302491695589,-1.33024250547819,-1.3302491673662,-0.000718484632043381,0.000213295489651433,-0.000718486824743847
0.0015739100195666,6.7642666651965e-06,2.2423910598794e-09,0.62502923469477,0.625029232452379,0.625971465403159,0.625756634002517,-0.625749869735851,-0.625756631760126,-0.000727399307746235,0.000214831400641935,-0.000727401550137285
0.00158308063841037,6.84663895257523e-06,2.28343882856922e-09,1.91362961492604,1.9136296126426,1.91457978401075,1.91436370086327,-1.91435685422432,-1.91436369857983,-0.000734085937233786,0.00021608314748045,-0.000734088220672557
0.00159225125725413,6.9301197667528e-06,2.32498634252289e-09,2.81689480743432,2.81689480510933,2.8178590817388,2.81764174684448,-2.81763481672471,-2.8176417445195,-0.000746939410162906,0.000217334894318633,-0.000746941735149331
0.00160338107272008,7.03265104841012e-06,2.37609060947373e-09,1.86778354989312,1.86778354751703,1.86876272909671,1.86854387503433,-1.86853684238328,-1.86854387265824,-0.000760325141208495,0.000218854062387974,-0.000760327517299153
0.00161087819805078,7.1025847025571e-06,2.41094045262129e-09,1.39643537555955,1.39643537314861,1.39741913917214,1.397199261787,-1.39719215920229,-1.39719925937606,-0.000763886227450605,0.000219877385141842,-0.000763888638391164
0.00161837532338149,7.17265603267346e-06,2.44613546093265e-09,1.02694314694616,1.02694314450003,1.02793160510642,1.02771070439853,-1.0277035317425,-1.02771070195239,-0.000767557452366008,0.00022090070789571,-0.000767559898501524
0.00162489698083094,7.23410687459629e-06,2.4770330832406e-09,1.25103870286418,1.25103870038714,1.25203485055586,1.25181305967204,-1.25180582556517,-1.25181305719501,-0.000774356807864418,0.000221790883818684,-0.000774359284897441
0.00163530246525033,7.33289788613827e-06,2.52687960969555e-09,0.497120578461279,0.497120575934399,0.498116678639239,0.497893467455171,-0.497886134557285,-0.497893464928292,-0.000772888993892606,0.000223211184067373,-0.000772891520772201
0.00164373497461178,7.41293855362867e-06,2.5677704192865e-09,0.663859704643957,0.663859702076186,0.664864639808101,0.664640277625709,-0.664632864687155,-0.664640275057938,-0.000780572981751604,0.000224362182392857,-0.000780575549522045
0.00165057659502453,7.47833742185875e-06,2.60127398276468e-09,-0.0952930063045085,-0.0952930089057825,-0.0942859723425481,-0.094511268374321,0.0945187467117429,0.094511270975595,-0.000781737930187515,0.00022529603177289,-0.000781740531461503
0.0016566345474055,7.53645886609854e-06,2.63118588113651e-09,1.74069489875122,1.74069489612004,1.74170868523843,1.74148256232432,-1.74147502586545,-1.74148255969313,-0.000787663573095454,0.000226122914109839,-0.00078766620428139
0.00166269249978647,7.59492718405282e-06,2.66133013450411e-09,1.07108169727689,1.07108169461556,1.0720954899237,1.07186854012725,-1.07186094520007,-1.07186853746592,-0.000786842850364566,0.000226949796446663,-0.000786845511694612
0.00166838110293346,7.64983863449536e-06,2.689848492681e-09,1.2267324223113,1.22673241962145,1.22775283390028,1.22752510763595,-1.22751745779731,-1.2275251049461,-0.000792685324645603,0.000227726264330208,-0.000792688014494169
0.00167402697980744,7.70482344280408e-06,2.71835661747505e-09,1.52276351956553,1.52276351684718,1.52379139346716,1.52356289656688,-1.52355519174344,-1.52356289384852,-0.0007993770013488,0.000228496900276154,-0.000799379719705451
0.00168149696095483,7.77790386014672e-06,2.75638988461153e-09,2.04579640215445,2.04579639939806,2.0468279642514,2.04659844773342,-2.04659066982956,-2.04659844497703,-0.000802045578973232,0.000229516517975092,-0.000802048335363015
0.00168914036860503,7.85304173260329e-06,2.79567851501015e-09,2.84525745975474,2.84525745695906,2.84629842976852,2.84606786996094,-2.8460600169192,-2.84606786716526,-0.000810410206197876,0.000230559807585795,-0.000810413001876231
0.00169643276070835,7.92529157791891e-06,2.83351639266316e-09,1.9223758854316,1.92237588259808,1.92342124325056,1.92318968806536,-1.92318176277378,-1.92318968523184,-0.000813802633755412,0.000231555185205679,-0.000813805467271722
0.00170553862124091,8.01588111414165e-06,2.88125139822803e-09,2.37548593599741,2.37548593311616,2.37653317346891,2.37630037537607,-2.37629235949496,-2.37630037249482,-0.000814439378661547,0.000232798092835829,-0.000814442259912784
0.00171582309814232,8.11809572558148e-06,2.93581699873953e-09,2.41086220974405,2.41086220680823,2.41191111926891,2.41167691739279,-2.41166879929707,-2.41167691445697,-0.000814707648741475,0.000234201876120554,-0.000814710584558398
0.00172721112130011,8.23170043390424e-06,2.99704551763082e-09,2.34706828995676,2.34706828695971,2.34811959984541,2.34788384355708,-2.34787561185664,-2.34788384056003,-0.000815553600315155,0.000235756288339495,-0.000815556597360878
0.00173773834793412,8.33719258988192e-06,3.05440434021235e-09,1.19336608284367,1.19336607978927,1.19442018637479,1.19418299316896,-1.19417465597637,-1.19418299011455,-0.000816910325282416,0.000237193205834485,-0.000816913379686701
0.0017491988604588,8.45258337523547e-06,3.11767993046704e-09,0.117523080704462,0.117523077586782,0.118583540428256,0.118344782915742,-0.118336330332366,-0.118344779798062,-0.000821702211279293,0.000238757512514703,-0.000821705328959227
0.00175875557797911,8.54908475857869e-06,3.1711104876585e-09,0.746474665693125,0.746474662522015,0.747540014311189,0.747299952351162,-0.747291403266403,-0.747299949180051,-0.000825286658036495,0.000240061960027571,-0.00082528982914698
0.00176979857706532,8.66101238655449e-06,3.23360772450533e-09,2.40903025754243,2.40903025430883,2.41009750620903,2.40985593693097,-2.40984727591858,-2.40985593369736,-0.000825679388536393,0.000241569278064624,-0.000825682622143997
0.00178062531129583,8.77079312052711e-06,3.29566993517099e-09,1.01440629132092,1.01440628802525,1.0154783992253,1.01523535214834,-1.01522658135522,-1.01523534885267,-0.000829060827418182,0.000243047076953884,-0.000829064123088141
0.00179119775872599,8.87865728121533e-06,3.35703103761223e-09,-0.579543591916117,-0.579543595273148,-0.578466335160264,-0.578710825327142,0.578719703984423,0.578710828684173,-0.000832766588975575,0.000244490166877442,-0.000832769946006562
0.00180245458342679,8.99423467688605e-06,3.42319111232233e-09,2.06346195713417,2.06346195371098,2.0645463150026,2.06430028833148,-2.0642912940968,-2.06430028490829,-0.000838331197309472,0.000246026671116617,-0.000838334620500536
0.00181306539432696,9.10397424338575e-06,3.48634008208973e-09,1.2034768807375,1.20347687725116,1.20456910743904,1.20432163244156,-1.20431252846732,-1.20432162895522,-0.000844751704065061,0.000247474997475461,-0.000844755190405166
0.0018232983507602,9.21084978084082e-06,3.54796872819758e-09,1.54911733099557,1.5491173274476,1.55022653985369,1.54997766810523,-1.54996845725545,-1.54997766455727,-0.000860337109661158,0.000248871748456114,-0.000860340657629965
0.00183384878224266,9.32257747698144e-06,3.61226812398406e-09,-0.261685648507526,-0.261685652119794,-0.260569007097917,-0.260819318931222,0.260828641508699,0.26081932254349,-0.000866329576304115,0.000250311833304928,-0.000866333188572266
0.00184345784735291,9.42456118933839e-06,3.67150599351006e-09,1.91385629653676,1.91385629286525,1.91497390716052,1.9147222837345,-1.91471285917331,-1.91472228006299,-0.00086598719773967,0.000251623426020364,-0.000865990869245659
0.001855209311211,9.5496695583536e-06,3.74482823350992e-09,1.14237175455166,1.14237175080684,1.14349601827758,1.14324279083138,-1.14323324116182,-1.14324278708655,-0.000871036279714854,0.00025322744620504,-0.000871040024543079
0.00186944038777824,9.70213004109175e-06,3.83492049145016e-09,1.0384804761694,1.03848047233448,1.03961006767881,1.03935489775681,-1.03934519562677,-1.03935489392189,-0.000874421587408802,0.000255169921997034,-0.000874425422329184
0.00188575459018548,9.87811353214942e-06,3.93996154480868e-09,1.15614235701478,1.15614235307482,1.15727826618299,1.15702086944821,-1.15701099133467,-1.15702086550824,-0.000878512433420298,0.000257396734781645,-0.000878516373381766
0.00190206879259272,1.0054767897923e-05,4.0468940606844e-09,2.12750922987055,2.12750922582366,2.12865068872186,2.1283910651743,-2.1283810104064,-2.1283910611274,-0.000881835303746747,0.000259623547566257,-0.000881839350640679
0.00191648412878501,1.02120151843686e-05,4.1429615903179e-09,1.95896330603974,1.95896330189678,1.96012429191204,1.9598627007381,-1.95985248872291,-1.95986269659513,-0.000899394698356204,0.000261591173940312,-0.000899398841317733
0.00192827365807874,1.03417279260643e-05,4.22264473668064e-09,-0.203809268871487,-0.203809273094131,-0.20265785447416,-0.20292105486404,0.202931396591966,0.202921059086684,-0.000888214007446875,0.000263200389880064,-0.000888218230091609
0.0019388929420019,1.04585207431024e-05,4.29527727741254e-09,-0.152535062885463,-0.152535067180741,-0.151365706666247,-0.151630356539014,0.151640815059757,0.151630360834291,-0.000904706346449569,0.000264649872767031,-0.000904710641726841
0.00194930950909325,1.05746864784614e-05,4.36732148728205e-09,0.996687785807871,0.996687781440549,0.997869237946173,0.997603166260424,-0.997592591573946,-0.997603161893103,-0.000915380452553127,0.000266071685748881,-0.000915384819874632
0.00195925056590576,1.06864872547632e-05,4.43682223648628e-09,0.827985550554195,0.827985546117373,0.829175611102266,0.828908182508477,-0.828897496021222,-0.828908178071655,-0.000922631954282105,0.000267428593788366,-0.000922636391104348
0.00196796043719877,1.07852438831322e-05,4.49831847373297e-09,1.2222381840416,1.22223817954328,1.22343319539682,1.22316457794609,-1.22315379270221,-1.22316457344777,-0.000926393904496781,0.000268617450728037,-0.000926398402815165
0.0019780728923262,1.09005003852712e-05,4.57042891110348e-09,0.596067911467348,0.596067906896919,0.597272014404095,0.597002016650254,-0.596991116149869,-0.597002012079825,-0.000934105182906153,0.000269997753840734,-0.000934109753335077
0.00198932951396879,1.1029935277227e-05,4.65160306327375e-09,1.36952501119438,1.36952500654278,1.37074835511558,1.37047682088522,-1.37046579094994,-1.37047681623362,-0.000951809690837635,0.000271534230363413,-0.000951814342440738
0.00199913302320577,1.11442378139577e-05,4.7230848362265e-09,-0.541446691084605,-0.54144669580769,-0.540219682105649,-0.540492554469448,0.540503698707262,0.540492559192532,-0.000954136615157419,0.000272872363798249,-0.000954141338242231
0.00200808243367084,1.12489073123557e-05,4.78898314618637e-09,1.02504525858823,1.02504525379925,1.0262808472432,1.02600675332648,-1.02599550441916,-1.02600674853749,-0.00096149473824636,0.000274093916721396,-0.00096149952722957
0.00201688182544602,1.13525520081244e-05,4.85437942636822e-09,0.922356562014309,0.92235655715993,0.923601153536367,0.923325858543577,-0.923314505991568,-0.923325853689197,-0.000969296529267138,0.000275294992790776,-0.000969301383646592
0.00202737651329459,1.1477279376225e-05,4.93316269193094e-09,1.19144645994803,1.19144645501486,1.19270430614237,1.19242757867348,-1.1924161013941,-1.19242757374032,-0.000981118725454255,0.000276727468892846,-0.000981123658617022
0.00203693347123624,1.15916860321333e-05,5.00565822968282e-09,1.43336268230995,1.43336267730429,1.434625007522,1.43434697557278,-1.43433538388674,-1.43434697056712,-0.000984293262825453,0.000278031949221935,-0.000984298268483785
0.00205080035991394,1.17583445263062e-05,5.11212891546492e-09,1.86220417046942,1.86220416535729,1.86346726046775,1.86318733575269,-1.86317557740817,-1.86318733064056,-0.000983165283276133,0.000279924715059998,-0.000983170395405075
0.00206607786954025,1.19425119036099e-05,5.23119134052976e-09,0.667787575212384,0.667787569981193,0.669059699156942,0.668777689132842,-0.668765746620939,-0.668777683901651,-0.000990113920458002,0.000282010024099666,-0.000990119151649371
0.00208875456883665,1.22165788333672e-05,5.41133529673607e-09,2.28403724176437,2.28403723635303,2.28531507443931,2.28502996915118,-2.28501775257235,-2.28502996373985,-0.00099272738681444,0.000285105288130971,-0.00099273279814982
0.00210973837044579,1.24727974000237e-05,5.58168579310879e-09,-0.0311617147481497,-0.0311617203298355,-0.0298700842280523,-0.0301580537075501,0.0301705265049501,0.0301580592892359,-0.00100366104059962,0.000287969479497791,-0.00100366662228542
0.00212807073806326,1.26994620221791e-05,5.73342222945606e-09,0.722808560297859,0.722808554564436,0.724113789958785,0.723823318196334,-0.723810618734311,-0.723823312462911,-0.00101475789847494,0.000290471762451339,-0.00101476363189712
0.00214519637122378,1.29121603101761e-05,5.87764601738037e-09,1.87448824767991,1.87448824180227,1.87579905579193,1.87550624646017,-1.87549333429986,-1.87550624058252,-0.00101799878025433,0.000292809331761568,-0.00101800465790025
0.0021623220043843,1.31267075037941e-05,6.02427368204402e-09,-1.14289653521521,-1.14289654123948,-1.14157034681988,-1.14186549372095,1.14187862042846,1.14186549974523,-0.00103104149425759,0.000295146901071686,-0.00103104751853134
0.00217822471923631,1.33275192714911e-05,6.16260373396058e-09,1.46967941022321,1.46967940406061,1.47100873525553,1.47071141770781,-1.47069809018854,-1.47071141154521,-0.00103200748459775,0.000297317547718112,-0.00103201364720151
0.00219317845083356,1.35167734592782e-05,6.29459516777819e-09,-0.0509370662185072,-0.0509370725131024,-0.0495889310229995,-0.0498882896855615,0.0499018064590208,0.0498882959801566,-0.00104877653294577,0.00029935866256197,-0.00104878282754093
0.00220539892171927,1.36736197052071e-05,6.40385271727018e-09,-0.458755055307908,-0.45875506171176,-0.457402035370125,-0.45770306207015,0.457716735689855,0.457703068474003,-0.00105199323775762,0.00030102670002552,-0.00105199964161035
0.00221896806878882,1.38485305191556e-05,6.52664740671217e-09,0.598248823312077,0.59824881678543,0.599612178456661,0.599309299631143,-0.599295451100624,-0.599309293104495,-0.00106047631906547,0.000302878825518271,-0.00106048284571292
0.00223389766725075,1.40427889233908e-05,6.66356536193786e-09,-1.18815217917105,-1.18815218583462,-1.18677837675731,-1.18708329340361,1.18709733619253,1.18708330006717,-0.00106888576744479,0.00030491664630139,-0.00106889243101005
0.00224958652766456,1.42487568053619e-05,6.80950867770426e-09,1.84271140869365,1.84271140188414,1.84410538751338,1.84379832941057,-1.84378408065377,-1.84379832260106,-0.00108692071692484,0.000307058102811064,-0.00108692752643358
0.00227237174007595,1.45518993763459e-05,7.02527814285411e-09,2.22836426439213,2.22836425736685,2.22977108816371,2.22946091998533,-2.22944636808596,-2.22946091296006,-0.00109665559320282,0.000310168178377701,-0.00109666261848096
0.00229135220614321,1.48064628041317e-05,7.20849922300886e-09,0.994417787568609,0.994417780360109,0.995832943340717,0.99552018441696,-0.995505377954156,-0.995520177208461,-0.00110239684835145,0.000312758923756817,-0.00110240405685069
0.00230868008844724,1.50410019438737e-05,7.3785527338231e-09,-1.14158997204594,-1.14158997942449,-1.14015839055533,-1.14047351465446,1.14048855565641,1.14047352203302,-0.00111645739147259,0.000315124099134811,-0.00111646477002525
0.00233110522361183,1.53485814281265e-05,7.60262306523797e-09,2.27657262635384,2.27657261875122,2.27803002362971,2.27771183860388,-2.27769649002245,-2.27771183100125,-0.00113921225003244,0.000318185025831585,-0.00113921985265542
0.00235068184032617,1.56191146236396e-05,7.80195848027619e-09,-0.0211565063387976,-0.0211565141407561,-0.0197034761182496,-0.020024333261252,0.0200399523758756,0.0200243410632104,-0.00113217307754564,0.000320857143002336,-0.00113218087950412
0.0023689505581379,1.58722809915712e-05,7.99111804618453e-09,1.65200852956825,1.65200852157713,1.6534767764701,1.65315342573204,-1.65313755345105,-1.65315341774093,-0.00114489616379609,0.000323350738053341,-0.00114490415491408
0.00238669344508663,1.61210870759191e-05,8.17775923671891e-09,-0.228499888863927,-0.228499897041687,-0.227008114410995,-0.227333886970631,0.227350008057707,0.22733389514839,-0.00116600189329624,0.000325772559635978,-0.00116601007105549
0.00240216255002988,1.63401440760278e-05,8.34286590042246e-09,0.553849414017083,0.553849405674217,0.555333060098596,0.555005176078051,-0.554988835933975,-0.555005167735185,-0.00115576206096824,0.000327884020545621,-0.00115577040383419
0.00241835458210059,1.65698832921999e-05,8.5180738546161e-09,-0.345018355232306,-0.34501836375038,-0.343520028947943,-0.34385012310559,0.343866692988882,0.343850131623664,-0.0011682321267158,0.000330094157647343,-0.00116824064478965
0.00243950866842861,1.68740341455153e-05,8.75068321527566e-09,2.11347292722407,2.11347291847339,2.11499614431236,2.11466316272027,-2.11464628868613,-2.11466315396959,-0.00119023549620145,0.000332981592086945,-0.00119024424688474
0.00246624048438103,1.72626341893937e-05,9.05071244179071e-09,-0.194394851271701,-0.194394860322413,-0.192852955085958,-0.193189585446648,0.193206848080837,0.19318959449736,-0.0012052658250532,0.000336630360689483,-0.00120527487576563
0.00249676166623382,1.77140098464587e-05,9.40169079486305e-09,2.00464198591882,2.00464197651713,2.00621748773447,2.00587669137435,-2.0058589773645,-2.00587668197266,-0.00123470545553062,0.000340796360120965,-0.0012347148572216
0.00252426054789333,1.81276898149536e-05,9.72573767721825e-09,0.153083944060381,0.153083934334643,0.154689611426546,0.154345061596919,-0.154326933907104,-0.154345051871181,-0.00126111753653863,0.000344549829626534,-0.00126112726227631
0.00254653505446996,1.84705847832918e-05,9.99376406471786e-09,1.61079253348012,1.61079252348635,1.61241907078729,1.61207148059107,-1.61205301000629,-1.61207147059731,-0.001278947110956,0.000347590196221104,-0.00127895710472004
0.00257056632375869,1.88432267665233e-05,1.02885837086388e-08,0.616249981124838,0.616249970836254,0.617887922279713,0.617537051926954,-0.617518208700188,-0.61753704163837,-0.00128707080211643,0.000350870352758936,-0.00128708109070019
0.00258874482581382,1.91273104450142e-05,1.05155262880539e-08,1.82116133431068,1.82116132379515,1.82280653538367,1.82245318374989,-1.82243405643945,-1.82245317323437,-0.00129184943921468,0.000353351633778587,-0.0012918599547409
0.00260692332786895,1.94131374345799e-05,1.07458737460054e-08,0.636239261244908,0.636239250499035,0.637896069337701,0.637540236422903,-0.637520823285469,-0.63754022567703,-0.00130097517799488,0.000355832914798127,-0.00130098592386862
0.00263945251131133,1.99239743809775e-05,1.11665856111975e-08,0.36328024007154,0.363280228904955,0.364942503878957,0.364582230881845,-0.364562306907464,-0.36458221971526,-0.00130199081030513,0.000360272997111444,-0.00130200197689073
0.00265029383367521,2.00951375026175e-05,1.13092313127463e-08,0.656001580134136,0.656001568824904,0.657659435766077,0.657297682978864,-0.657277587841361,-0.657297671669633,-0.00129610284472836,0.000361752787213288,-0.00129611415395969
0.0026611351560391,2.02664087392554e-05,1.14530960848618e-08,0.755353839717477,0.75535382826438,0.757024409825493,0.756661177248177,-0.756640910839438,-0.756661165795081,-0.00130733753070078,0.000363232577315187,-0.00130734898379692
0.00267342882301725,2.04622308388248e-05,1.16177165120051e-08,1.55537977527571,1.555379763658,1.55706739243381,1.5567024818281,-1.55668201959726,-1.55670247021039,-0.00132270655238798,0.000364910605705093,-0.00132271817010454
0.00268532422050887,2.06535926471311e-05,1.17785177507036e-08,0.55326572085901,0.553265709080492,0.554972078626833,0.554605544354672,-0.554584890762024,-0.554605532576154,-0.00133982349566175,0.000366534272161601,-0.00133983527417947
0.00269526414749733,2.08151691194649e-05,1.191403848456e-08,1.42276725126269,1.42276723934866,1.42448564717106,1.42411775614507,-1.42409694097595,-1.42411774423103,-0.00135050488237543,0.000367891025985223,-0.00135051679641385
0.00270938650435716,2.10465103546473e-05,1.21084062188729e-08,-1.49180355784256,-1.49180356995097,-1.49007705687441,-1.49044687553645,1.49046792204681,1.49044688764486,-0.00135668230610975,0.000369818662042443,-0.00135669441451602
0.00272476319450348,2.13002254599831e-05,1.23224873328352e-08,1.16970993641109,1.1697099240886,1.17145867492653,1.17108675741777,-1.17106545719231,-1.17108674509528,-0.00137682100667846,0.000371917508761976,-0.00137683332916572
0.00273933784381692,2.15424072503674e-05,1.25277810576085e-08,1.53912627982915,1.53912626730137,1.54087060390663,1.54049669702599,-1.54047515461874,-1.54049668449821,-0.0013704171968385,0.000373906880636543,-0.00137042972461954
0.00275439887830244,2.17926705811446e-05,1.27423615502582e-08,0.532605801130329,0.532605788387968,0.534364463408836,0.53398850076701,-0.533966708096429,-0.533988488024648,-0.00138269963668058,0.000375962641825822,-0.00138271237904208
0.00276778677512044,2.20163349530943e-05,1.29351919935216e-08,0.463542715983363,0.463542703048171,0.465288030828596,0.464910240801095,-0.464888224466141,-0.464910227865903,-0.00136752481773161,0.000377790027501768,-0.00136753775292359
0.00277879803945479,2.21989929097087e-05,1.30952605671953e-08,2.35963046311583,2.35963045002057,2.36137837690024,2.36099908388635,-2.36097688489344,-2.36099907079109,-0.00136862077051614,0.000379293013892834,-0.00136863386577657
0.00279091360577811,2.24008042728133e-05,1.32729125310766e-08,0.795281112719161,0.795281099446249,0.797037257716751,0.79665631098438,-0.796633910180107,-0.796656297711468,-0.00137519826521892,0.000380946732371101,-0.00137521153813147
0.00280783331928306,2.26839740678323e-05,1.35237044377782e-08,0.275673216373775,0.27567320285007,0.277440716197656,0.277057460003051,-0.277034776028983,-0.277057446479346,-0.00138424362927608,0.000383256194605608,-0.00138425715298052
0.00282536266061465,2.29791254226506e-05,1.37868632440304e-08,1.96924842403958,1.96924841025272,1.97103885155091,1.9706532026827,-1.97063022355728,-1.97065318889584,-0.0014047786431195,0.000385648868204358,-0.0014047924299827
0.00283974590216857,2.32247025066856e-05,1.4005348399574e-08,-1.07499914713223,-1.07499916113757,-1.07319374947833,-1.07358136159214,1.07360458629464,1.07358137559749,-0.00141778554008765,0.000387612113809555,-0.00141779954543608
0.00285959508759676,2.356702336642e-05,1.43106955615362e-08,1.93162223178458,1.93162221747389,1.93345326738541,1.93306294595007,-1.9330393789267,-1.93306293163937,-0.00144071416548619,0.000390321435342456,-0.00144072847618171
0.00287998130176842,2.39230025996348e-05,1.46289868940892e-08,2.06591699324111,2.06591697861212,2.06775317277639,2.06736006871759,-2.06733614571499,-2.0673600540886,-0.00144307547648115,0.000393104058802329,-0.00144309010546806
0.00290072838364188,2.42856406583606e-05,1.49578103367684e-08,0.0739723199389468,0.0739723049811365,0.0758266259639606,0.0754306900249345,-0.0754064043842762,-0.0754306750671242,-0.00145837008598772,0.000395935939026093,-0.00145838504379806
0.00291827482695044,2.45950942054249e-05,1.5239784703947e-08,1.50478378570886,1.50478377046908,1.5066438031734,1.50624547222644,-1.50622087713223,-1.50624545698665,-0.00146168651757494,0.000398330946965064,-0.00146170175735971
0.00293449564680638,2.48817564773962e-05,1.55036343286334e-08,2.4230818214614,2.42308180595776,2.42494298441568,2.42454243940221,-2.42451755764573,-2.42454242389858,-0.00146061794081165,0.000400545013465869,-0.00146063344444602
0.0029533149295576,2.52141701243315e-05,1.58135811937743e-08,2.11995134682512,2.11995133101154,2.12180874327532,2.12140562951725,-2.12138041534713,-2.12140561370367,-0.0014542826921331,0.000403113758071338,-0.00145429850571421
0.00297329645183507,2.55686717859031e-05,1.6147176612645e-08,2.51779731213905,2.51779729599187,2.51966480567695,2.51925896453398,-2.51923339586219,-2.5192589483868,-0.00146165239492957,0.000405841142969265,-0.00146166854210605
0.00299327797411254,2.5923696389746e-05,1.64854345706402e-08,1.37633167206897,1.37633165558353,1.37819924780047,1.3777906792726,-1.37776475557621,-1.37779066278717,-0.0014590072036369,0.00040856852786697,-0.00145902368907147
0.00301349031471083,2.62835121373074e-05,1.68323447911343e-08,0.584282135770952,0.584282118938607,0.586166878721205,0.585755551302812,-0.585729267790675,-0.585755534470467,-0.00147341553185998,0.000411327418392449,-0.00147343236420472
0.003030997322182,2.65970273776718e-05,1.71366995812046e-08,0.463208760679382,0.463208743542682,0.465092449266571,0.464678732223048,-0.464652135195671,-0.464678715086349,-0.00146997154366646,0.000413717043523054,-0.00146998868036602
0.00304731068816584,2.68895729974724e-05,1.74235516940073e-08,1.1427523695809,1.14275235215735,1.1446446523873,1.14422870864516,-1.14420181907216,-1.14422869122161,-0.00147633906426159,0.000415943742139824,-0.0014763564878133
0.00306628729519372,2.72314287327912e-05,1.77611912514663e-08,1.75614282394906,1.75614280618787,1.75803969373473,1.75762115977395,-1.75759392834522,-1.75762114201276,-0.00147833582489532,0.000418533960777845,-0.0014783535860865
0.00308470595231013,2.75649028282776e-05,1.80929913087802e-08,0.825309835293727,0.825309817200736,0.827209964323673,0.826788916301826,-0.826761351398998,-0.826788898208835,-0.00147908100809846,0.000421048021846837,-0.00147909910108979
0.00310188964496513,2.78747456463797e-05,1.8406179120171e-08,-0.0546058720027036,-0.0546058904088827,-0.052713120930338,-0.053136514446346,0.0531643891919924,0.0531365328525252,-0.00146935755635751,0.000423393516008078,-0.00146937596253664
0.00312596435570042,2.83122694730725e-05,1.88508612915003e-08,1.3604242260457,1.36042420719483,1.36235273173529,1.36192605213319,-1.36189773986372,-1.36192603328233,-0.00150182608749772,0.000426679602101299,-0.00150184493835903
0.00314208120258746,2.86079962517043e-05,1.91524441397673e-08,1.05258788794803,1.05258786879559,1.05452632344706,1.05409744397028,-1.05406883597403,-1.05409742481784,-0.00150955602225067,0.000428879476775057,-0.00150957517469474
0.0031581980494745,2.8907039027077e-05,1.94571749068828e-08,1.17834841154753,1.17834839209035,1.18031188013859,1.17988080078714,-1.17985189374811,-1.17988078132997,-0.00153238923961396,0.000431079351448593,-0.00153240869678894
0.00317764275197969,2.92696350503491e-05,1.98290590356575e-08,1.45522214278624,1.45522212295718,1.45718821800257,1.45675448453963,-1.45672521490458,-1.45675446471057,-0.00153234175338679,0.000433733462943175,-0.00153236158244585
0.00319939316690684,2.96764464634286e-05,2.02505394929924e-08,3.17239304430429,3.17239302405375,3.17435941869321,3.17392271639974,-3.17389303995328,-3.17392269614921,-0.00152967209545052,0.000436702293463931,-0.00152969234598999
0.00321765195154388,3.00184741766697e-05,2.06088520738119e-08,-0.0335031303841186,-0.0335031509929707,-0.0315289558069594,-0.0319681503396423,0.031998168813819,0.0319681709484944,-0.00153498004447633,0.000439194532682909,-0.00153500065332841
0.00323989807932162,3.04360717497667e-05,2.10509677449282e-08,1.49963890237987,1.4996388813289,1.50161054972638,1.50116831870068,-1.50113788262893,-1.50116829764971,-0.00152941632080594,0.00044223102570351,-0.00152943737177358
0.00325980715155776,3.08079909652998e-05,2.14518053221822e-08,2.49357762142605,2.49357759997424,2.49553636732753,2.49509141880602,-2.49506061081506,-2.49509139735422,-0.00151379737997237,0.000444948521507449,-0.00151381883177759
0.00327797499860925,3.11479475208516e-05,2.18218293155083e-08,0.605008905867123,0.605008884045294,0.606991837355084,0.606544409006915,-0.606513261059394,-0.606544387185086,-0.00153550313979189,0.000447428348168466,-0.00153552496162124
0.00329808135220166,3.15281976471637e-05,2.22360954605455e-08,0.307295351795853,0.307295329559757,0.309294567219123,0.308844394447162,-0.308812866249515,-0.308844372211067,-0.00154904265130956,0.000450172771960466,-0.00154906488740503
0.00331731072868599,3.18944885149343e-05,2.26370104495006e-08,0.424649524163244,0.424649501526233,0.426660624729961,0.426207827237506,-0.426175932748991,-0.426207804600496,-0.00155830307426263,0.000452797492454138,-0.00155832571127307
0.00333792130028595,3.22881897713905e-05,2.30718711092798e-08,0.681426845641432,0.681426822569561,0.683437388476473,0.682981777736813,-0.682949489547042,-0.682981754664942,-0.00155493209538105,0.000455610739660051,-0.00155495516725213
0.00335617449965078,3.26391050806287e-05,2.34614570892685e-08,1.20756271796574,1.20756269450428,1.20958793520535,1.20912983298884,-1.20909719388376,-1.20912980952738,-0.00156711502310136,0.000458102216515099,-0.00156713848455836
0.00337267824419172,3.29572341976796e-05,2.38173335284617e-08,-0.206648057447846,-0.206648081265179,-0.204611201700687,-0.205071556601607,0.205104513835804,0.20507158041894,-0.00157650084623906,0.000460354900919863,-0.00157652466357258
0.00339120173729978,3.33163633453319e-05,2.42208864017074e-08,0.449662523159472,0.449662498938586,0.451699730345952,0.451236847074338,-0.451203530710992,-0.451236822853451,-0.00157432391486584,0.000462883271614312,-0.00157434813575225
0.00340782040803338,3.36390230445821e-05,2.45866632400622e-08,0.478054244835053,0.478054220248389,0.480093597863235,0.479628446220325,-0.47959480719728,-0.479628421633662,-0.00157420138527226,0.000465151642910111,-0.00157422597193552
0.00342177676497263,3.39101674318056e-05,2.48965648235078e-08,-0.639821132251981,-0.639821157148545,-0.63776668935612,-0.638233745976869,0.638267656144301,0.638233770873434,-0.00158738627511112,0.000467056620749862,-0.00158741117167593
0.00343893557543215,3.42458969084761e-05,2.52810009293441e-08,1.829720544532,1.829720519251,1.83177382821421,1.83130442949561,-1.8312701835987,-1.83130440421461,-0.00158388496360651,0.000469398718607072,-0.00158391024460736
0.00345481146635155,3.45566661688787e-05,2.56400649955174e-08,2.22636345037309,2.22636342473302,2.22842410902539,2.22795254332148,-2.22791798665531,-2.22795251768142,-0.00158909294839482,0.000471565703911381,-0.00158911858846
0.00347276304622759,3.49093625588602e-05,2.60499872445583e-08,-1.05984514950776,-1.05984517555775,-1.05777253443955,-1.05824655045066,1.05828145981322,1.05824657650065,-0.00159859905710369,0.000474016011108525,-0.00159862510709097
0.00348898310199363,3.52297609356536e-05,2.64239571438725e-08,1.40930389539161,1.40930386896765,1.41139573855974,1.41091950858643,-1.41088427882549,-1.41091948216247,-0.00161561319481618,0.000476229973314313,-0.00161563961877342
0.00350520315775968,3.55528057484101e-05,2.68013565280025e-08,1.60808803831171,1.60808801151036,1.61019731603697,1.60971887210145,-1.6096833192957,-1.6097188453001,-0.00163083378973861,0.000478443935520101,-0.00163086059109507
0.0035215667307966,3.58819403084559e-05,2.71856030086789e-08,2.48054174359064,2.48054171640504,2.48265530252174,2.48217462503457,-2.48213874309426,-2.48217459784897,-0.00163288144392748,0.000480677487166403,-0.00163290862953058
0.00353616994560133,3.61754795598596e-05,2.75315011265538e-08,2.91910924516369,2.91910921763218,2.92123069595192,2.92074802519382,-2.92071184971426,-2.92074799766232,-0.00163878003013584,0.000482670758097381,-0.00163880756163692
0.0035504718332558,3.64645179082991e-05,2.78729986588472e-08,1.9180592385287,1.9180592106557,1.92019569787239,1.91971107497312,-1.91967461045521,-1.91971104710012,-0.00165183644442068,0.000484622899273646,-0.00165186431741926
0.00356782006323331,3.68181516438271e-05,2.82908986523896e-08,1.26431013611061,1.26431010781971,1.26646437048631,1.2659773796343,-1.26594056148266,-1.2659773513434,-0.00166724352368819,0.000486990852014424,-0.00166727181458692
0.00359500151111476,3.7378644763092e-05,2.89538200500375e-08,1.93628653072337,1.93628650176955,1.93848899220095,1.93799829120767,-1.9379609125629,-1.93799826225385,-0.00171176048429111,0.000490700993285076,-0.00171178943811112
0.00362052386073836,3.79129062129687e-05,2.9585477019968e-08,-1.02794590861547,-1.02794593820095,-1.02573890529213,-1.02623308996748,1.0262710028737,1.02623311955296,-0.00171281864798511,0.000494184675356557,-0.00171284823346207
0.00365878678851813,3.8720404215159e-05,3.05492948923927e-08,-1.05090344472502,-1.05090347527431,-1.04865962738612,-1.04915903477324,1.04919775517746,1.04915906532254,-0.00174440995177561,0.000499407387116069,-0.00174444050107048
0.00369457247003947,3.94890743515012e-05,3.1469244876949e-08,1.19417422533161,1.19417419386237,1.19645628702287,1.19595199505659,-1.19591250598224,-1.19595196358735,-0.00177776972497923,0.000504291966277881,-0.00177780119422422
0.00372067974718482,4.00559427967348e-05,3.21518644036095e-08,0.398077080029716,0.398077047877851,0.400364814845527,0.39985695935729,-0.399816903414494,-0.399856927205426,-0.00177987932757456,0.000507855488236841,-0.00177991147943896
0.00374678702433016,4.06264510450842e-05,3.2844232746287e-08,1.70573569589771,1.70573566305348,1.70804498221634,1.70753356320615,-1.7074929367551,-1.70753353036192,-0.00179786730844111,0.000511419010195802,-0.00179790015267378
0.00377473167399818,4.12442779625427e-05,3.35962345205946e-08,0.815382894308,0.815382860711765,0.817719226849852,0.81720399352489,-0.817162749246928,-0.817203959928656,-0.00182109921689044,0.000515233324962172,-0.00182113281312501
0.00379148086353168,4.16164119412512e-05,3.40524175621631e-08,0.870182969494948,0.870182935442531,0.872527312457474,0.872009792946007,-0.871968176534065,-0.872009758893589,-0.00182682345105856,0.00051751951146739,-0.00182685750347611
0.00380823005306519,4.19906887244602e-05,3.45127064991234e-08,1.39224471494633,1.39224468043362,1.39459896743863,1.39407916174066,-1.39403717105194,-1.39407912722795,-0.00183444679433165,0.000519805697972497,-0.00183448130703812
0.00382530887692444,4.23736377904735e-05,3.49863036839305e-08,0.372137145168538,0.372137110182235,0.374502160273612,0.373980023395581,-0.373937649757791,-0.373979988409277,-0.00184287822704265,0.00052213687803071,-0.00184291321334634
0.00384470486020461,4.28115608777664e-05,3.55293853905863e-08,-0.526245135088037,-0.526245170617422,-0.5238628163426,-0.524387600682177,0.524430412243055,0.524387636211563,-0.00185753440585967,0.000524784339577478,-0.00185756993524511
0.00386805431896593,4.33431175077767e-05,3.61905963308634e-08,1.04988753400943,1.04988749781884,1.05229537383433,1.05176740240219,-1.05172405928468,-1.05176736621159,-0.00187986839275434,0.000527971432148,-0.00187990458335063
0.00389576687527086,4.39801573895019e-05,3.69859973720264e-08,2.21443744853028,2.21443741154429,2.21688261870484,2.21635086463759,-2.2163068844802,-2.2163508276516,-0.00191341610731088,0.000531754067249146,-0.00191345309330826
0.00391893672627145,4.45181615282205e-05,3.76599729224006e-08,0.73708432364603,0.737084285986058,0.739530020526998,0.738995103882803,-0.738950585721274,-0.73899506622283,-0.00191078023677216,0.000534916644195471,-0.00191081789674508
0.00394375972978434,4.50962842915842e-05,3.83911305719666e-08,1.58439178685405,1.58439174846292,1.58685757446862,1.58631926959984,-1.58627417331555,-1.58631923120871,-0.00192748274579846,0.000538304868773931,-0.00192752113692896
0.00396162281042222,4.55154276911585e-05,3.8923141967398e-08,2.44714060106878,2.44714056214564,2.44961421136741,2.44907346827118,-2.44902795284349,-2.44907342934804,-0.00193286720239438,0.000540743096236529,-0.00193290612553643
0.0039794858910601,4.59353159818392e-05,3.94600797028371e-08,1.03209408185566,1.03209404239558,1.03456514158698,1.03402196026328,-1.0339760249473,-1.0340219208032,-0.00192787840762021,0.000543181323699127,-0.00192791786769986
0.00399906031675752,4.63965318188578e-05,4.00541212430767e-08,-0.334623297092744,-0.334623337146866,-0.332143201033759,-0.332689054175565,0.332735450707384,0.332689094229686,-0.00193424291717914,0.000545853141806218,-0.00193428297130038
0.00401682044430577,4.68160780055438e-05,4.0598243565342e-08,1.2813591155577,1.28135907495946,1.28383964875144,1.28329137143479,-1.28324455535678,-1.28329133083655,-0.00193225587708912,0.000548277316650525,-0.00193229647533277
0.00403278137518774,4.71936082423336e-05,4.10914217927935e-08,-0.722826695769118,-0.722826736860539,-0.720338303897895,-0.720888759807409,0.720935953415652,0.720888800898831,-0.00193793596170833,0.000550455909514413,-0.00193797705313015
0.00404755660119652,4.75436016285895e-05,4.15514945086959e-08,2.50430005269514,2.50430001114365,2.50679956901798,2.5062470963588,-2.50619955275717,-2.50624705480731,-0.00194704366365883,0.00055247265917524,-0.00194708521515352
0.0040629826282768,4.79107881859034e-05,4.20354662591028e-08,1.31389674809516,1.3138967060597,1.31640703349316,1.315852455253,-1.31580454446481,-1.31585241321753,-0.00195570715783644,0.000554578240157033,-0.00195574919330266
0.00408028451050819,4.83240943585239e-05,4.25827280367582e-08,0.509441691875808,0.50944164929308,0.511959022364551,0.511402082497905,-0.511353758403546,-0.511402039915177,-0.00196039062209663,0.000556939866645956,-0.00196043320482464
0.00410255648538137,4.88596681031677e-05,4.32941310707715e-08,0.876952089833723,0.876952046539592,0.879500712616474,0.878940732728799,-0.878891873060696,-0.878940689434668,-0.00198864289507561,0.000559979887674866,-0.00198868618920667
0.00412368889812358,4.93737088827745e-05,4.39764242346825e-08,-1.16541850214427,-1.16541854612069,-1.16285027907234,-1.16341314343611,1.16346251714499,1.16341318741254,-0.00200535870815344,0.000562864363770732,-0.00200540268457772
0.00415480440719367,5.01331455448067e-05,4.49940671933494e-08,2.19334721077963,2.19334716578556,2.19590117238669,2.19533406090059,-2.19528392775504,-2.19533401590652,-0.00198685012095545,0.00056711148610411,-0.00198689511502259
0.00417973647973423,5.07402973133779e-05,4.58206598800868e-08,1.7887689871369,1.78876894131624,1.79134725403352,1.79077673943542,-1.79072599913811,-1.79077669361476,-0.0020077522985249,0.000570514598098093,-0.00200779811918483
0.00420618634012373,5.13896528634054e-05,4.67084985940264e-08,0.28100174632072,0.281001699612221,0.283581072040456,0.283006947159379,-0.282955557506516,-0.28300690045088,-0.00200520083865902,0.000574124881077165,-0.00200524754715758
0.00422842933519847,5.19374080826267e-05,4.74638681775511e-08,1.95997336220985,1.95997331474598,1.9625732239991,1.96199606305261,-1.96194412564452,-1.96199601558874,-0.00202270084275491,0.000577160946498401,-0.00202274830662308
0.00424716851045717,5.24011993546567e-05,4.81064805327485e-08,1.05518200984035,1.05518196173387,1.05778306975903,1.05720335100222,-1.05715094980287,-1.05720330289574,-0.0020213411618708,0.000579718756803738,-0.00202138926835138
0.00426590768571588,5.28653173087679e-05,4.87548044992676e-08,1.5987007583142,1.5987007095594,1.6013100524534,1.60072777588629,-1.60067491056898,-1.60072772713148,-0.00202701757208468,0.000582276567108853,-0.00202706632688909
0.0042835565132626,5.33047600983664e-05,4.93706419717918e-08,1.82438548917239,1.82438543980175,1.82701068971311,1.82642600416309,-1.82637269940299,-1.82642595479245,-0.00204051499070146,0.000584685550020669,-0.00204056436134348
0.00430120534080932,5.37455367690624e-05,4.99915855994483e-08,1.04370605668435,1.04370600669277,1.04633193728887,1.04574484275593,-1.04569109721916,-1.04574479276435,-0.0020387860715827,0.000587094532932264,-0.00203883606316824
0.00432178733882102,5.42608751628266e-05,5.07221864038033e-08,0.444596341372214,0.444596290650028,0.447249400236122,0.446659496356146,-0.446605235480983,-0.44665944563396,-0.00206315498393222,0.000589903879976095,-0.00206320570611862
0.00433998870488339,5.47191081733611e-05,5.13741086288594e-08,1.16078123896424,1.16078118759014,1.16343125220808,1.16283886392625,-1.16278414481808,-1.16283881255214,-0.00205762496200967,0.000592388281826395,-0.0020576763361182
0.00436074803233224,5.52445282609433e-05,5.21243514388531e-08,1.30581960220499,1.30581955008064,1.30849876732119,1.30790354548767,-1.30784830095941,-1.30790349336332,-0.00208394328268091,0.000595221833514126,-0.00208399540703241
0.00437978104564597,5.57310489790715e-05,5.28185336859548e-08,2.2059971471526,2.20599709433407,2.20869593934135,2.20809811959,-2.20804238854102,-2.20809806677147,-0.0021009724373946,0.00059781975134765,-0.00210102525592815
0.00440308007440492,5.63303791891464e-05,5.36766228441854e-08,0.850375552127767,0.850375498451144,0.853081296733158,0.8524802967727,-0.852423966393511,-0.852480243096077,-0.00210474464493293,0.000600999960457482,-0.00210479832155575
0.00442651993716232,5.69351044679307e-05,5.45491646860973e-08,0.93115702441764,0.931156969868476,0.933877609381413,0.93327340998866,-0.933216474884192,-0.933273355439495,-0.00211638557101956,0.000604199392753135,-0.0021164401201843
0.0044470834272166,5.74691418150117e-05,5.53223248256927e-08,1.03404636178034,1.03404630645801,1.03680295802399,1.03619595181044,-1.03613848266863,-1.03619589648812,-0.00214959003010384,0.000607006213546812,-0.00214964535242856
0.00446467448230262,5.79309628148878e-05,5.59894834895768e-08,0.603334389503762,0.603334333514278,0.606106140360175,0.605496733049388,-0.605438802086574,-0.605496677059905,-0.00216234354562694,0.000609407310786181,-0.00216239953511044
0.0044916667605088,5.86445759918234e-05,5.70236063644023e-08,0.903812354983163,0.903812297959556,0.906616220673698,0.906003129042423,-0.905944484466431,-0.906003072018816,-0.00219077405926027,0.000613091631275542,-0.00219083108286666
0.00452686545594783,5.95894145665796e-05,5.83912921588887e-08,0.139307133287136,0.139307074895844,0.142163459698558,0.141545563608992,-0.141485974194425,-0.1415455052177,-0.00223843032185536,0.000617896089566028,-0.00223848871314752
0.00456138660568887,6.05273783559412e-05,5.97540326866417e-08,0.599233131602765,0.599233071848733,0.602102371471159,0.601479763405141,-0.601419236026785,-0.601479703651108,-0.00224663180237539,0.000622608066018548,-0.00224669155640811
0.00458993379548938,6.13071401742062e-05,6.08970503580862e-08,0.930317380163248,0.930317319266198,0.933201571838658,0.932575067213946,-0.932513760073772,-0.932575006316896,-0.00225768705069818,0.000626504624711921,-0.00225774794774858
0.0046306929591856,6.24310192149903e-05,6.25544905521888e-08,1.31531825266202,1.31531819010753,1.31824981339623,1.31761774533517,-1.31755531431595,-1.31761768278067,-0.00229949267314944,0.000632068061069191,-0.00229955522763992
0.00466535828052453,6.33987247254484e-05,6.39879766012687e-08,2.07293026073761,2.07293019674964,2.07585798979268,2.0752211900764,-2.07515779135168,-2.07522112608843,-0.00229092933878716,0.000636799716274616,-0.00229099332676386
0.0046932909596751,6.41755364861482e-05,6.5159052355427e-08,0.802924885739139,0.802924820580087,0.805873577678573,0.805232965281452,-0.805168789744966,-0.8052329001224,-0.00230807954231305,0.000640612397120988,-0.00230814470136542
0.00471724151546069,6.48489648276583e-05,6.61745855873823e-08,0.844418042781005,0.844417976606419,0.847390264662606,0.846746383125966,-0.846681534161138,-0.84674631695138,-0.00232834034496099,0.000643881536640745,-0.00232840651954658
0.00474396314089242,6.56061881647476e-05,6.73201735093111e-08,0.177620537294564,0.177620469974391,0.180613161599527,0.179965632685242,-0.179900026497077,-0.179965565365068,-0.00234509539067776,0.000647528914284684,-0.00234516271085128
0.00478590491310892,6.67990078074019e-05,6.91451555369882e-08,1.6083010772091,1.60830100806394,1.61128428864241,1.6106310348712,-1.61056423586339,-1.61063096572605,-0.00232995766210187,0.000653253771206952,-0.00233002680725747
0.00481371009205037,6.7586059182457e-05,7.03731026005326e-08,2.01460392416609,2.01460385379298,2.01757164193069,2.01691459288183,-2.01684700682264,-2.01691452250872,-0.00231066871574104,0.000657049048867542,-0.00231073908884349
0.00484151527099183,6.83693884141075e-05,7.16153917476917e-08,-0.771370398458335,-0.771370470073727,-0.768414519430386,-0.769075363756915,0.769143733145329,0.769075435372306,-0.00229503470142034,0.000660844326528243,-0.00229510631681207
0.00487686814948387,6.93680808079962e-05,7.32155539387492e-08,1.87201193221132,1.87201185899576,1.87501690192069,1.8743512320906,-1.87428186400979,-1.87435115887504,-0.00233929987927772,0.000665669830088644,-0.00233937309483156
0.00490548838623053,7.01895987733462e-05,7.4528096713909e-08,0.0618260640549245,0.0618259895268277,0.0648695694521319,0.0641999930927813,-0.064129803494008,-0.0641999185646846,-0.00237392903785689,0.000669576359350554,-0.0023740035659536
0.00493207007575432,7.09624128255471e-05,7.57610756486772e-08,-0.948557837412998,-0.948557913174073,-0.945497517596112,-0.946170722232506,0.946241684645331,0.946170797993581,-0.00238711518049206,0.000673204636393643,-0.0023871909415677
0.00495475680217747,7.16239714737251e-05,7.68240812546133e-08,1.22560883471743,1.22560875789335,1.22867824756782,1.22800194629874,-1.22793032232726,-1.22800186947465,-0.00239311158130495,0.000676301269080914,-0.00239318840538627
0.00498056348202171,7.23756260443046e-05,7.80452573020657e-08,2.27000782465242,2.27000774660717,2.2730826233306,2.2724027995697,-2.27233042394365,-2.27240272152444,-0.00239497491727469,0.000679823760905585,-0.00239505296253206
0.00500592041534911,7.31204690343584e-05,7.92576020503498e-08,2.56836517982871,2.56836510057111,2.5714739474068,2.57079066254237,-2.57071754207334,-2.57079058328477,-0.00242548271366161,0.000683284864421818,-0.00242556197126387
0.00504145651307117,7.41755488080178e-05,8.09776301224067e-08,0.705006182243743,0.705006101266113,0.708146553512535,0.707458418135979,-0.707384242587171,-0.707458337158349,-0.00245223589223664,0.000688135376555321,-0.0024523168698668
0.00507464847996981,7.51673807039653e-05,8.26065272740207e-08,-0.278141826168482,-0.27814190877501,-0.274997009124179,-0.275689675049908,0.275764842430612,0.275689757656435,-0.00245215111857433,0.000692665925729141,-0.00245223372510162
0.00510858488148374,7.6182639604441e-05,8.42943169406403e-08,1.83907417787148,1.83907409357716,1.84223197410771,1.84153467602094,-1.84145849338133,-1.84153459172662,-0.00246049814945981,0.000697298086767217,-0.00246058244377667
0.00514900140126682,7.74043631009559e-05,8.63340504381603e-08,0.0459049370596445,0.0459048507255941,0.0491091169184966,0.0484063021646735,-0.0483288978015725,-0.048406215830623,-0.00250136510502896,0.000702814753823194,-0.00250145143907939
0.00519240361817394,7.87289969244133e-05,8.8560789196425e-08,1.34313304587066,1.34313295730987,1.34636114183672,1.34565240288207,-1.34557367388514,-1.34565231432128,-0.0025193570114066,0.000708738954656285,-0.00251944557219574
0.00523415748379069,8.00198634810497e-05,9.07387795145252e-08,0.383305389887943,0.383305299149163,0.386606021822437,0.385891583659236,-0.385811563795755,-0.385891492920457,-0.00258619377129354,0.000714438163201325,-0.00258628451007303
0.00527013587815492,8.11512459949569e-05,9.26441731800984e-08,1.40244189265107,1.4024418000069,1.40576477964753,1.40504543060076,-1.40496427935476,-1.40504533795659,-0.00260353794968649,0.00071934904677029,-0.00260363059385971
0.00530098402277987,8.21282091744101e-05,9.42992268020272e-08,2.40654354745119,2.40654345315197,2.40988954137164,2.40916598169654,-2.40908385348737,-2.40916588739731,-0.00262243424534825,0.000723559675100294,-0.0026225285445749
0.00534295166696528,8.34725358960464e-05,9.65828201902544e-08,0.546579037701043,0.546578941118223,0.549978068887666,0.54924878082424,-0.549165308288344,-0.54924868424142,-0.00266974312319734,0.000729288063425981,-0.00266983970601753
0.00537407113806009,8.44774780576679e-05,9.83001783981537e-08,0.416093649196765,0.416093550896586,0.41948896735128,0.418755431624723,-0.418670954146665,-0.418755333324544,-0.00266178242795811,0.000733535726557544,-0.0026618807281365
0.0054051906091549,8.54844908329943e-05,1.00038088004009e-07,1.87467163905578,1.87467153901769,1.87808479492542,1.87734701153573,-1.8772615270449,-1.87734691149764,-0.00267537247994865,0.000737783389689106,-0.00267547251803668
0.00543431465572358,8.64287964614471e-05,1.01683224545684e-07,1.11151920403758,1.11151910235436,1.11494352712495,1.1142017684383,-1.11411533964184,-1.11420166675508,-0.00268256440071668,0.000741758686649607,-0.00268266608394119
0.00546535549702383,8.74401970883259e-05,1.03456578198297e-07,1.86025867970992,1.86025857625334,1.86367649915123,1.86293050353406,-1.86284306333697,-1.86293040007748,-0.00267182382413811,0.000745995617179585,-0.0026719272807163
0.00549364694254,8.83603408284812e-05,1.0509080415324e-07,0.159177684293072,0.159177579202268,0.162598650247471,0.161848792979504,-0.161760432638675,-0.161848687888699,-0.00267110868643158,0.000749857267967113,-0.00267121377723573
0.00552585377331437,8.94121775452896e-05,1.069720368964e-07,-0.0611263225219091,-0.061126429493946,-0.0576799736805798,-0.0584342270312197,0.058523639208765,0.0584343340032566,-0.00269209549068943,0.000754253350639875,-0.00269220246272633
0.00555760503527435,9.04564384000855e-05,1.08848513565197e-07,1.98851541639396,1.98851530754545,1.99199223712753,1.99123364987725,-1.99114319343885,-1.99123354102873,-0.00271823348328404,0.000758587250287324,-0.00271834233179757
0.00559392211944894,9.16557528595109e-05,1.11021598225426e-07,2.59752371612624,2.59752360510464,2.60101338073551,2.60024983637207,-2.60015818061921,-2.60024972535048,-0.00272612024583641,0.00076354436344106,-0.00272623126743454
0.00563023920362353,9.28648697488645e-05,1.13223385050275e-07,1.75215207939067,1.75215196616729,1.75567642059795,1.75490791912136,-1.75481505425161,-1.75490780589797,-0.00275583973068216,0.000768501476594352,-0.00275595295406728
0.00566223279845356,9.393845084563e-05,1.15187041874986e-07,0.635122804826136,0.635122689639094,0.638670203754959,0.637897335301407,-0.637803396850561,-0.637897220114365,-0.00277453047527065,0.000772868453552067,-0.00277464566231256
0.00569484088752883,9.5043168707952e-05,1.17211718999254e-07,1.33685492223996,1.33685480502824,1.34046232450432,1.33968500519821,-1.3395899620295,-1.33968488798649,-0.00283008295824949,0.000777319306117574,-0.00283020016996849
0.00572108104732288,9.59445121314576e-05,1.18858304699194e-07,0.218886855931761,0.218886737073456,0.222522292943291,0.221741391977351,-0.221645447465219,-0.221741273119046,-0.00285453604558938,0.000780900965940218,-0.00285465490389408
0.00574565992679216,9.67963721103505e-05,1.20414795006902e-07,1.06486900928586,1.06486888887107,1.06852695975511,1.06774270388639,-1.06764590751428,-1.06774258347159,-0.00287369460052456,0.000784255868721884,-0.00287381501531958
0.0057736760300996,9.77729931718952e-05,1.22205768203574e-07,0.792894316254531,0.792894194048763,0.796581785341368,0.79579370540479,-0.795695932411618,-0.795793583199022,-0.00289938915025889,0.000788079936577812,-0.00289951135602706
0.00580056848884625,9.87207898533621e-05,1.23941899737832e-07,0.784393966495423,0.784393842553523,0.788122277882968,0.787330527250793,-0.78723180646094,-0.787330403308893,-0.00293656075537019,0.00079175063217507,-0.00293668469726993
0.00583063880587023,9.97866402241265e-05,1.25903088952668e-07,0.666081681390275,0.666081555487186,0.669815179244606,0.669019324153953,-0.668919537513728,-0.669019198250864,-0.00293764276367781,0.000795855090653386,-0.00293776866676676
0.00586963023871467,0.000101175259944337,1.2847751981782e-07,1.01899383548039,1.01899370700287,1.02275949456355,1.02195831732359,-1.02185714206364,-1.02195818884607,-0.00296448184319864,0.000801177239967421,-0.00296461032071837
0.00590617634358336,0.000102486785150069,1.30922899838672e-07,2.35627771072399,2.35627757980109,2.36007853433442,2.35927236872104,-2.35916988193589,-2.35927223779814,-0.00299465799705034,0.000806165613381093,-0.00299478891994998
0.00593610797691991,0.000103570611625104,1.32949236848397e-07,0.634640533132007,0.63464040018277,0.63846106305568,0.637650811913499,-0.637547241301874,-0.637650678964263,-0.00301027878149218,0.000810251142180807,-0.00301041173072902
0.00596699668740291,0.000104692314736238,1.35062751867074e-07,3.97821953219311,3.97821939713036,3.98203765451324,3.98122318720568,-3.98111849489095,-3.98122305214293,-0.00300365501256961,0.000814467307561628,-0.00300379007532126
0.00600954973189678,0.000106245640200213,1.38011710236434e-07,2.14175875166875,2.14175861365704,2.14562419815426,2.14480392255395,-2.14469767691375,-2.14480378454224,-0.0030451708852044,0.000820275600307951,-0.00304530889691446
0.00604997677455201,0.000107736211565072,1.40853752669467e-07,1.44093739450758,1.44093725365383,1.44483343291605,1.44400763921236,-1.4438999030008,-1.44400749835861,-0.00307024470478656,0.000825793703687294,-0.00307038555853922
0.0060934502737895,0.00010935260094126,1.43954305201753e-07,0.672105182671993,0.672105038717687,0.676038648702503,0.675206921068276,-0.675097568467335,-0.675206777113971,-0.00310173839628325,0.000831727634227009,-0.0031018823505885
0.00613112842790821,0.00011076629453395,1.46679027510719e-07,0.342856820178705,0.342856673499678,0.34680811589896,0.345971245371859,-0.345860479077325,-0.345971098692832,-0.00311442519315402,0.000836870527100353,-0.00311457187218156
0.00617032195545273,0.000112244795434856,1.49550528478672e-07,1.07752207327935,1.07752192372882,1.08152881402292,1.08068659376152,-1.08057434896609,-1.08068644421099,-0.00316452048217064,0.00084222026140135,-0.00316467003269905
0.00620321089505936,0.000113502119532907,1.51989677641693e-07,1.19871330529079,1.19871315330111,1.2027663767778,1.20191966732904,-1.2018061652095,-1.20191951533936,-0.00320636203825075,0.000846709448758753,-0.00320651402792849
0.00624010115115849,0.000114929590656127,1.54758111866011e-07,1.41888060676653,1.41888045200842,1.42295520094108,1.42210345614386,-1.42198852655321,-1.42210330138575,-0.00322284937733697,0.000851744797215392,-0.00322300413544885
0.00628774470120465,0.000116776128249208,1.58384748949663e-07,0.772906834054295,0.772906675669546,0.776986666224735,0.776128418304431,-0.776011642176181,-0.776128259919682,-0.00322158425013575,0.000858247920304089,-0.00322174263488473
0.00633820004182228,0.00011874371750061,1.62288564361012e-07,1.25266631363199,1.25266615134343,1.25677656858177,1.25591143374203,-1.25579269002453,-1.25591127145347,-0.00324512011003986,0.000865134839734161,-0.00324528239860422
0.00641009680573791,0.000121586775280715,1.6796464664062e-07,1.52797798863196,1.52797782066731,1.5321942216934,1.53131927327963,-1.53119768650435,-1.53131910531499,-0.00334128464767125,0.00087494841376401,-0.00334145261231789
0.00648733531983941,0.000124710006518083,1.74213962190914e-07,1.38607589377573,1.38607571956177,1.39033350098726,1.3894480098754,-1.38932329986888,-1.38944783566144,-0.00337211609966581,0.000885491111860981,-0.00337229031362796
0.00655429569021884,0.000127436695828236,1.79760334190127e-07,-1.42452476681655,-1.42452494657688,-1.42024083717421,-1.42113546806533,1.42126290476116,1.42113564782567,-0.00338929875121763,0.000894630891122405,-0.0033894785115518
0.00661669620309922,0.00012998648357637,1.85037062008125e-07,0.522554385804702,0.52255420076764,0.526886159327433,0.525983011056399,-0.525853024572823,-0.525982826019337,-0.00342862525169785,0.00090314827103366,-0.00342881028875985
0.00669069669078663,0.000133050990763692,1.91431134064193e-07,1.06081325058708,1.06081305915595,1.06517485467877,1.06426160568519,-1.06412855469443,-1.06426141425406,-0.00344835509811192,0.000913248993578364,-0.00344854652924598
0.00672454828941673,0.000134460961962645,1.94405837083368e-07,1.37326099953659,1.37326080513075,1.37766315075279,1.37674528117337,-1.37661082021141,-1.37674508676754,-0.00348428163678682,0.000917869579416974,-0.00348447604262381
0.00675839988804682,0.000135881236297222,1.97412006716134e-07,0.650381556098295,0.650381358686288,0.654804962755292,0.653882472590037,-0.653746591353739,-0.65388227517803,-0.00350091649174133,0.000922490165255696,-0.00350111390374808
0.006794985712025,0.000137420591145365,2.00696542606195e-07,2.09514632628161,2.09514612558507,2.09956702193949,2.09863953797935,-2.0985021173882,-2.09863933728281,-0.00349321169773509,0.000927483960142972,-0.00349341239427758
0.00682691391997291,0.000138766969510564,2.03593161773832e-07,1.33386997527758,1.33386977168442,1.33832703710757,1.33739519509547,-1.33725642812596,-1.33739499150231,-0.003525219817891,0.000931842012095174,-0.00352542341105266
0.00687266642747639,0.000140709483670799,2.07793370506866e-07,0.0158947836919222,0.0158945758985517,0.0203647383065713,0.019426651289903,-0.0192859418062322,-0.0194264434965324,-0.00353186759798073,0.000938087016668393,-0.00353207539135124
0.00691841893497987,0.000142662113831533,2.12052019433281e-07,0.86711352196475,0.867113309912731,0.871635334659916,0.870691002638674,-0.870548340524843,-0.870690790586655,-0.00357748067392394,0.000944332021241445,-0.00357769272594333
0.00700592265470892,0.000146431165390154,2.20361242329852e-07,0.431268949869397,0.431268729508155,0.435806571624368,0.434850295752184,-0.434703864586794,-0.434850075390941,-0.00358134588278658,0.000956275872184109,-0.00358156624402889
0.00706475472745935,0.000148988018440425,2.26069930436075e-07,0.844665422246399,0.844665196176468,0.849278853006171,0.848314546829564,-0.848165558811123,-0.848314320759633,-0.0036491245831648,0.000964306176607144,-0.00364935065309524
0.00712358680020977,0.00015157423687989,2.31878016110419e-07,0.370461898861932,0.370461666983916,0.37512274347778,0.374150406996749,-0.37399883275987,-0.374150175118733,-0.00368850813481769,0.000972336481030234,-0.00368874001283381
0.00717625997250339,0.000153917366355306,2.37163322716132e-07,1.26117225645849,1.26117201929517,1.26586764755654,1.26488812143237,-1.26473420406602,-1.26488788426905,-0.00371586497388288,0.000979526124173402,-0.00371610213720563
0.00722893314479701,0.000156271137011476,2.42529822731442e-07,0.660160412263233,0.66016016973341,0.664887706388286,0.663900990620969,-0.663744719483958,-0.663900748091147,-0.00374057835773667,0.000986715767316571,-0.00374082088755945
0.00727594318497188,0.000158390550364165,2.47388342493605e-07,-0.282093029307211,-0.282093276695554,-0.277305649414291,-0.278298781833544,0.278457172383908,0.278299029221886,-0.00379424747366763,0.000993132419253084,-0.00379449486201011
0.00730698228585782,0.000159807378800931,2.50632307116218e-07,0.809942928880199,0.809942678247892,0.814757802899312,0.813760433787088,-0.813600626408287,-0.81376018315478,-0.00381750490688826,0.000997369112224811,-0.00381775553919539
0.00733802138674377,0.000161229329411481,2.53905203132577e-07,0.548926714654531,0.548926460749328,0.553744077864265,0.552742472059069,-0.552581242729657,-0.552742218153865,-0.0038157574045371,0.00100160580519648,-0.00381601130974019
0.00736608530754533,0.000162516903581343,2.56889331659043e-07,2.16899478938317,2.16899453249384,2.17384281250465,2.17283737610473,-2.17267485920115,-2.1728371192154,-0.00384258672155857,0.00100543639991812,-0.00384284361089016
0.00739865603199255,0.00016401973488402,2.60382519282679e-07,0.878743234064926,0.878742973682407,0.883600624716331,0.882590742563945,-0.882426722829061,-0.882590482181426,-0.00384750849901927,0.00100988215238551,-0.00384776888153859
0.00742813076816953,0.0001653823633433,2.63571381199494e-07,-0.0447155030622434,-0.0447157666336246,-0.0398322848985438,-0.0408461902153909,0.0410115725787342,0.0408464537867721,-0.00386931284685249,0.00101390531684709,-0.00386957641823369
0.00745559277417046,0.000166657961913691,2.66566268851099e-07,-0.787894315851821,-0.78789458241809,-0.783001274573402,-0.784018928326399,0.784185586288312,0.784019194892667,-0.00387538752542271,0.00101765375299678,-0.00387565409169155
0.00748602430460285,0.000168077721723847,2.69911905301641e-07,0.208011706587785,0.20801143667588,0.212937787636723,0.211915980121297,-0.211747902399573,-0.211915710209391,-0.00390427353351119,0.0010218075154261,-0.00390454344541649
0.00752657850339728,0.000169973167335515,2.74414602690995e-07,0.0635002823619676,0.0635000079473649,0.0683959648362496,0.0673686218612225,-0.067198648693887,-0.0673683474466198,-0.00386833949925493,0.00102734297502709,-0.00386861391385762
0.00756813795662552,0.000171915106544841,2.79081191414398e-07,-0.708050550728361,-0.708050829809553,-0.703126865847989,-0.704159881495174,0.704331796601719,0.704160160576365,-0.00389066923318737,0.00103301564718494,-0.00389094831437875
0.00761961669473943,0.000174330745040758,2.84935214050816e-07,0.237013963092255,0.237013678157041,0.241955549630042,0.240915507374427,-0.240741176629386,-0.240915222439213,-0.00390154428217124,0.00104004225561541,-0.0039018292173853
0.00768091108297752,0.000177222821221257,2.92012140693161e-07,1.58003819819462,1.58003790618248,1.58503139099948,1.58398298234482,-1.5838057595236,-1.58398269033268,-0.00394478415020005,0.00104840865465539,-0.00394507616234074
0.00774271700772164,0.000180162351031687,2.99266441607341e-07,2.08813523171121,2.08813493244477,2.09316102165373,2.09210417677768,-2.09192401442665,-2.09210387751124,-0.00396894506646328,0.00105684487605018,-0.00396924433290469
0.00780791116468396,0.000183275015131286,3.0704807714665e-07,2.47926187401452,2.47926156696644,2.48425581258076,2.48319006900536,-2.48300679399023,-2.48318976195729,-0.00392819499084718,0.00106574357539113,-0.00392850203892436
0.00787043077976851,0.000186245286216335,3.14635156787001e-07,1.3149547077664,1.31495439313125,1.31995403072503,1.31887975351283,-1.31869350822661,-1.31887943887767,-0.00392504574642061,0.00107427721219966,-0.00392536038157743
0.00792732244577345,0.00018895879120683,3.21645284534171e-07,0.618935944749908,0.618935623104623,0.623971313154193,0.62288927049407,-0.622700311702863,-0.622888948848786,-0.00395332574416207,0.00108204266012291,-0.00395364738944659
0.00798421411177839,0.000191696052934713,3.28757149830841e-07,2.41285613672028,2.41285580796313,2.41794223786292,2.41685242975488,-2.41666073370194,-2.41685210099773,-0.00399629303459603,0.00108980810804615,-0.00399662179174598
0.00804762237668171,0.000194790317740748,3.3680485629895e-07,1.48521182156654,1.48521148476169,1.49038698995762,1.4892885269162,-1.48909373659846,-1.48928819011135,-0.00407670534965643,0.00109846304142347,-0.00407704215451266
0.00812472393640818,0.000198603108519962,3.46765429653057e-07,2.2180358053143,2.21803545854887,2.2232186783586,2.22210969131272,-2.2219110882042,-2.22210934454729,-0.00407388599841463,0.00110898704588491,-0.00407423276384433
0.00818872685850283,0.000201773950545678,3.55180431295998e-07,1.42513126328498,1.42513090810455,1.4303350745008,1.4292173513536,-1.42901557740305,-1.42921699617317,-0.0040860880686131,0.00111772314720437,-0.00408644324904439
0.00824354929844774,0.000204499270720089,3.6249441918353e-07,1.04702573868416,1.04702537618974,1.05230000199119,1.0511747958358,-1.05097029656508,-1.05117443334138,-0.00414905715164227,0.00112520615539013,-0.00414941964606141
0.00828967791422166,0.000206820620170269,3.68724968908572e-07,-0.635608695431562,-0.635609064156531,-0.630292953585318,-0.631424456082311,0.631631276702482,0.63142482480728,-0.00418423934925083,0.00113150249699367,-0.00418460807421972
0.00833442108691633,0.000209093285109272,3.74835810992368e-07,2.03680766448338,2.03680728964757,2.04217348005466,2.04103587032261,-2.0408267770375,-2.0410354954868,-0.00422820583922956,0.00113760973205768,-0.00422858067504039
0.0083807172910972,0.000211459124157483,3.81229252854358e-07,0.842077998944212,0.842077617714959,0.847456130612096,0.846312201663396,-0.846100742539239,-0.846311820434143,-0.00423420271918418,0.00114392894869964,-0.00423458394843701
0.00842576450938289,0.00021376623987258,3.87519271899833e-07,1.518875436567,1.51887504904773,1.52426907977255,1.52311900208798,-1.5229052358481,-1.5231186145687,-0.00424356552097893,0.00115007768457343,-0.00424395304025094
0.00847134748034372,0.000216113379121575,3.93953669501061e-07,1.9703633497474,1.97036295579373,1.97579596848098,1.97463966893278,-1.97442355555366,-1.97463927497911,-0.00427631918537963,0.00115629954819663,-0.00427671313904909
0.00852904662555503,0.000219107980577825,4.02199461692867e-07,0.848217278201984,0.848216876002522,0.85368682489207,0.852522649678793,-0.852303541698215,-0.852522247479331,-0.00430537147680932,0.0011641752132775,-0.00430577367627105
0.00858751974840328,0.000222151377221412,4.10671778828978e-07,0.120143900572778,0.120143489900999,0.125612191312994,0.124440034790287,-0.124217883413065,-0.124439624118508,-0.00429613421750852,0.00117215652270769,-0.00429654488928735
0.00864606718390861,0.000225196216140691,4.19271753331938e-07,0.31959846802264,0.319598048750887,0.325072460323038,0.323892312347568,-0.323667116131427,-0.323891893075814,-0.00429384432492735,0.00118014797547006,-0.00429426359668067
0.00870097852168893,0.000228052650827069,4.27443976321611e-07,0.678156454654158,0.678156027210182,0.683622523113751,0.682434879995954,-0.682206827345127,-0.682434452551978,-0.00427842534179568,0.00118764311779707,-0.004278852785772
0.00876259022115326,0.000231273239894433,4.36736082817073e-07,2.05963961721326,2.05963918047718,2.06515248533385,2.0639564325055,-2.06372515926561,-2.06395599576942,-0.00431681529224326,0.00119605282834412,-0.00431725202832611
0.00882858654439042,0.000234737155970891,4.46834195043728e-07,2.80849689304017,2.80849644620597,2.81403221615338,2.81282715513373,-2.81259241797776,-2.81282670829954,-0.00433026209356147,0.00120506101965256,-0.00433070892775644
0.00888778565347243,0.000237860593054758,4.56020197239063e-07,0.0733920681853896,0.0733916121651924,0.0789382450721686,0.0777251036493402,-0.0774872430562854,-0.0777246476291429,-0.00433303546395052,0.00121314142282845,-0.00433349148414776
0.00892577126746284,0.000239869541830935,4.61978409670358e-07,0.78617446271163,0.786174000733221,0.791757548011395,0.79053922172885,-0.790299352187019,-0.790538759750441,-0.00436475901722,0.00121832628254492,-0.00436522099562964
0.00896375688145324,0.000241892294345905,4.67986857500061e-07,0.312353409840758,0.312352941853901,0.317973315567066,0.316749804424805,-0.316507912130459,-0.316749336437947,-0.00439639458404678,0.00122351114226138,-0.00439686257090427
0.0090134995200533,0.000244553686410338,4.75931451919251e-07,-0.577505194442769,-0.577505670374221,-0.57187895018024,-0.573109250961419,0.573353804647829,0.573109726892871,-0.00439594348135053,0.00123030078117925,-0.00439641941280244
0.00907303104816519,0.000247750386829757,4.85553766566555e-07,0.580919743035286,0.580919257481519,0.586584084762414,0.585345658204406,-0.585097907817577,-0.58534517265064,-0.00442591516912083,0.00123842655800743,-0.00442640072288736
0.0091336910543548,0.000251025892759168,4.95487237162096e-07,2.24291799561981,2.24291750013257,2.24862668460036,2.24737997823351,-2.24712895234075,-2.24737948274627,-0.00446198261370245,0.00124670636684687,-0.00446247810093947
0.00922112835464466,0.000255774259264633,5.10035779299153e-07,2.01330363097113,2.01330312093535,2.0190455577174,2.01778691656556,-2.01753114230629,-2.01778640652978,-0.00448328559442679,0.00125864115184493,-0.00448379563020618
0.00928826331135264,0.00025943703523305,5.21391652663748e-07,2.24661462066957,2.24661409927792,2.25232098537988,2.25105318061856,-2.25079374358332,-2.2510526592269,-0.00443855994898046,0.00126780476132859,-0.00443908134063298
0.00935539826806062,0.000263085831979903,5.32908360811441e-07,2.05826471810496,2.0582641851966,2.06398051817366,2.06270354980285,-2.06244046397087,-2.06270301689449,-0.00443883169788872,0.00127696837081226,-0.00443936460624972
0.00942159321977853,0.000266707207795937,5.44421423348745e-07,3.27939522297681,3.27939467855538,3.28520117104438,3.28391516737039,-3.2836484601626,-3.28391462294897,-0.00451994439358838,0.00128600367398457,-0.00452048881501188
0.0094826235628104,0.000270088388884336,5.55176460387108e-07,0.858326587067195,0.858326031890735,0.864176475572268,0.862882141540187,-0.862612053151302,-0.862881586363726,-0.0045555544729915,0.00129433403208146,-0.00455610964945186
0.00954546525082346,0.000273616793468758,5.66392941880839e-07,3.03380671683891,3.03380615044597,3.03976452721983,3.03846161558948,-3.03818799879601,-3.03846104919654,-0.00465489875056369,0.00130291163034757,-0.00465546514350557
0.0096411823463218,0.000279096266265573,5.83759752148511e-07,1.02550884918696,1.02550826542721,1.03158177229997,1.03026579573107,-1.0299866994648,-1.03026521197132,-0.0047569465441053,0.00131597656889881,-0.00475753030385739
0.00971894268111276,0.00028362703203208,5.98123927222733e-07,0.888426873816317,0.88842627569239,0.894615737546251,0.893289147053157,-0.893005520021125,-0.893288548929229,-0.00486227323683952,0.00132659049309392,-0.0048628713607668
0.00982177177845641,0.00028971379187942,6.1747710917337e-07,-1.18324144499934,-1.18324206247645,-1.17700202849732,-1.17834265468415,1.17863236847603,1.17834327216126,-0.00489879031519025,0.00134062618683406,-0.00489940779229947
0.0099015098020316,0.000294462383702325,6.32767812166354e-07,1.65626414949341,1.6562635167256,1.66253624697308,1.66118473691672,-1.66089027453302,-1.66118410414891,-0.00492058742331114,0.00135151005635392,-0.00492122019112329
0.00998124782560678,0.000299231156849857,6.48307317344148e-07,0.676226938790155,0.676226290482838,0.682553249021638,0.681190855095764,-0.680891623938915,-0.681190206788447,-0.00496391630560922,0.00136239392587389,-0.0049645646129266
0.0100520718087322,0.000303496392373972,6.62319479283787e-07,0.617258445105208,0.617257782785729,0.623618015063703,0.622245953993389,-0.621942457601015,-0.62224529167391,-0.00498750888818122,0.0013720610703134,-0.00498817120766049
0.010131164535615,0.000308277633047994,6.78202436950162e-07,0.966642569719403,0.966641891516966,0.972970090479097,0.971587233619262,-0.971278955986214,-0.971586555416825,-0.00494466389985893,0.00138285685983475,-0.00494534210229591
0.0102130371921892,0.000313259834445665,6.94904915293042e-07,0.501103161382951,0.501102466478036,0.507593064643146,0.506199032546311,-0.505885772711865,-0.506198337641395,-0.00509587116335963,0.0013940320968352,-0.00509656606827491
0.0103359694930253,0.00032089325379848,7.20493035250364e-07,1.44530057059985,1.44529985010682,1.4518147769165,1.45040396513211,-1.45008307187831,-1.45040324463908,-0.00510339453225694,0.00141081178439317,-0.00510411502529218
0.0104009695328006,0.000324924888070166,7.34271254153667e-07,1.16758775124841,1.16758701697716,1.17415734303141,1.17273765904377,-1.1724127341557,-1.17273692477252,-0.00514990779535829,0.00141968398764059,-0.00515064206661253
0.0104489301539926,0.000327924732167676,7.44548183453455e-07,-0.134816408296206,-0.13481715284439,-0.128216418965537,-0.129642649355004,0.129970574087172,0.129643393903187,-0.00517375894120245,0.00142623038946685,-0.00517450348938589
0.0104968907751846,0.00033094644149223,7.54919739209333e-07,2.90020747318791,2.90020671826817,2.90688642373674,2.90545364694544,-2.90512270050395,-2.9054528920257,-0.00524617375753644,0.00143277679129294,-0.00524692867727561
0.0105429184788858,0.000333887388961459,7.64963263136683e-07,1.18695439235481,1.18695362739155,1.19371468498089,1.19227562562202,-1.19194173823306,-1.19227486065876,-0.00532123326721456,0.00143905935886779,-0.00532199823047774
0.0105945230155852,0.000337214677324449,7.763297718356e-07,2.36024160626871,2.36024082993894,2.36704902986584,2.36560292672762,-2.3652657120503,-2.36560215039785,-0.00536132045891602,0.00144610313822024,-0.00536209678868804
0.0106528272980864,0.000341000478870272,7.89307933333096e-07,0.598018301934253,0.598017512626319,0.604875359142299,0.603421297740571,-0.603080297261701,-0.603420508432638,-0.00540299580631842,0.00145406140172799,-0.00540378511425177
0.0107269362535456,0.000345855794895015,8.06013988573764e-07,-1.30248898350517,-1.30248978951916,-1.29555780139195,-1.29702197832157,1.29736783411647,1.29702278433556,-0.0054670051836041,0.00146417692961931,-0.00546781119759276
0.0108020937824935,0.000350828234617837,8.23198559223827e-07,1.05771987448558,1.05771905128702,1.06471301400513,1.06323857842221,-1.06288775018759,-1.06323775522365,-0.0055187039366329,0.00147443558291727,-0.00551952713519221
0.0108800285106856,0.000356036203475511,8.4127818504457e-07,3.07022220645969,3.07022136518151,3.07728600563237,3.07580093232137,-3.0754448961179,-3.07580009104319,-0.00557872586167818,0.00148507331100056,-0.00557956713986307
0.0110704935078318,0.000368980234923651,8.8659550196091e-07,-0.0969351758798347,-0.0969360624753367,-0.0897888306149565,-0.0912999015126055,0.0916688817475291,0.0913007881081074,-0.00563527436722923,0.00151107089764897,-0.00563616096273119
0.011232876729764,0.000380007505011529,9.26508239254331e-07,-0.164887141274873,-0.164888067783112,-0.157688963533529,-0.15922219898606,0.159602206491072,0.1592231254943,-0.00566494228881209,0.00153323545253126,-0.00566586879705133
0.0114011732910968,0.000391651740812017,9.69123781727071e-07,0.888282160215108,0.888281191091326,0.895613864929607,0.894057657778856,-0.893666006038044,-0.894056688655075,-0.0057754975637484,0.00155620715075089,-0.00577646668753018
0.0115465497808994,0.00040185160930684,1.00697697697322e-06,1.18809192836878,1.1880909213918,1.19547244626344,1.19389639589768,-1.19349454428837,-1.1938953889207,-0.00580446752889507,0.00157605036576092,-0.00580547450587199
0.0116659256956863,0.000410288886317149,1.03878897395807e-06,0.249817331772264,0.24981629298329,0.257323774820416,0.25573143019726,-0.255321141310943,-0.255730391408286,-0.00591409842499532,0.00159234462315666,-0.00591513721396927
0.0117413131598153,0.000415675955840435,1.05922078695685e-06,-0.168022801168912,-0.168023860389699,-0.160475195738784,-0.162077830400321,0.162493506356162,0.162078889621108,-0.00594497076859052,0.00160263466153776,-0.00594602998937749
0.0118167006239444,0.000421094746202808,1.07991957342305e-06,-0.260967657674239,-0.260968737593813,-0.253396117994586,-0.255009042694505,0.255430137440708,0.255010122614078,-0.00595861497973427,0.00161292469991881,-0.0059596948993077
0.0119098270170862,0.000427811137773947,1.10585914029781e-06,0.720132013899145,0.720130908040004,0.727726220063827,0.726100584044184,-0.72567277290641,-0.726099478185044,-0.00596857014503915,0.00162563601964272,-0.00596967600417941
0.0120179874800978,0.000435643305764631,1.1365016607726e-06,1.18229488445792,1.18229374795626,1.18998298675148,1.18834258733147,-1.1879069440257,-1.18834145082981,-0.00604770287354817,0.00164039942001115,-0.00604883937520895
0.012108025944684,0.00044224580750481,1.16243616546022e-06,0.724914141581854,0.724912979145688,0.732642565234947,0.730989875983104,-0.730547630175599,-0.730988713546939,-0.00607573440125053,0.00165268925184292,-0.00607689683741597
0.0122495120457989,0.00045273962731953,1.20398005181969e-06,-0.593939768680618,-0.59394097266067,-0.586014525799393,-0.587686527246276,0.588139266873596,0.587687731226328,-0.00625324143434158,0.00167200144688329,-0.00625444541439335
0.0123896429977451,0.000463379604618911,1.24609786106719e-06,1.78625849504925,1.78625724895139,1.79428302362143,1.79259189495106,-1.79212851534645,-1.7925906488532,-0.00633339990181114,0.00169112867036225,-0.00633464599967226
0.0125365756964487,0.000474615377856172,1.2913134115688e-06,1.40919569445535,1.40919440314194,1.41731023547078,1.41559905117013,-1.41512443579227,-1.41559775985672,-0.00640335671477477,0.00171118430065254,-0.0064046480281863
0.0126550384214267,0.000483772335286471,1.32855954569265e-06,0.0294056283725367,0.0294042998129911,0.0375765870006895,0.0358492330888048,-0.0353654607535184,-0.0358479045292591,-0.00644360471626809,0.00172735391188471,-0.00644493327581378
0.0127857599888163,0.000494011497264759,1.37049044306228e-06,-0.220352427989672,-0.220353798480115,-0.212096650871652,-0.213841847669767,0.214335859167032,0.213843218160211,-0.00651058031990473,0.00174519679811536,-0.00651195081034781
0.0128813567312174,0.000501549156630204,1.40171152850997e-06,1.3371296795655,1.33712827785397,1.34543919829073,1.3436809529817,-1.34317940382507,-1.34367955127018,-0.00655127341620521,0.00175824530902857,-0.00655267512773361
0.0129769534736185,0.000509115886405724,1.433405852903e-06,-1.33333247986977,-1.33333391327563,-1.32501593431848,-1.32678722813842,1.32729634402483,1.32678866154428,-0.00654525173135179,0.0017712938199419,-0.00654668513720469
0.0130822584325633,0.000517464253484674,1.46886744218958e-06,1.30727955098626,1.30727808211882,1.31568269638843,1.31389702893115,-1.31337956467767,-1.31389556006371,-0.00661747794488687,0.00178566745728048,-0.006618946812329
0.0131729279821433,0.000524722759267216,1.49986426443033e-06,0.579186649843757,0.579185149979492,0.587645778006924,0.585847734577644,-0.585323011818377,-0.585846234713379,-0.00666108473388705,0.00179804342927992,-0.0066625845981515
0.0132570906011627,0.000531506287619786,1.52902365560924e-06,1.07347416244711,1.07347263342346,1.08198683398576,1.08017730275025,-1.07964579646263,-1.08017577372659,-0.00670314030313568,0.0018095312355082,-0.00670466932679137
0.0133536017866837,0.000539351010826285,1.56292369020489e-06,0.67792027905747,0.67791871613378,0.68651150441871,0.684688799855054,-0.684149448844228,-0.684687236931364,-0.00676852079758383,0.00182270456365619,-0.00677008372127408
0.0134804698509129,0.000549721472059206,1.60824406046373e-06,3.28545226998871,3.28545066174465,3.29406967645435,3.29222965498973,-3.29167993351767,-3.29222804674567,-0.00677738500102132,0.00184002146462037,-0.00677899324508191
0.0135744426083318,0.000557461643823828,1.64237050044421e-06,-0.698298397081852,-0.698300039452353,-0.689599715164202,-0.691452563473335,0.692010025117159,0.691454205843836,-0.00684583360851676,0.00185284830913324,-0.00684747597901725
0.0136684153657507,0.00056529041763228,1.67697596034652e-06,2.58419965886583,2.58419798188987,2.59302661621701,2.59116094106336,-2.59059565064573,-2.5911592640874,-0.00696128219752978,0.00186567515364633,-0.0069629591734901
0.0137705846477804,0.000573894139923452,1.7151502951774e-06,2.54883535784311,2.54883364269281,2.5576601324246,2.55578051163894,-2.55520661749901,-2.55577879648864,-0.00694515379582761,0.0018796207856635,-0.00694686894612273
0.0138678887468788,0.00058206133860116,1.75204131401264e-06,0.464764858210928,0.464763106169614,0.473571823822914,0.471678921480085,-0.471096860141484,-0.471677169438771,-0.00691406326915667,0.00189290234282846,-0.0069158153104707
0.0139567187825872,0.000589528739644275,1.78617418026769e-06,3.26904007402395,3.26903828784977,3.27785950309396,3.27595447586423,-3.27536494712458,-3.27595268969005,-0.00691440184027448,0.00190502722973607,-0.00691618801445459
0.0140323743862716,0.000595861901473197,1.81558709235423e-06,2.51627673478004,2.51627491919295,2.52498652187188,2.52307116800396,-2.52247530610249,-2.52306935241687,-0.00679443322391782,0.00191535386792019,-0.00679624881101004
0.0140948352032544,0.000601049563552875,1.84010542233259e-06,-0.786730535219491,-0.786732375324914,-0.777961699385481,-0.779885578864542,0.780486628428095,0.779887418969965,-0.00684495635494908,0.00192387947906103,-0.00684679646037145
0.0141593318690433,0.000606451773590801,1.86564645180693e-06,1.65619923252582,1.65619736687937,1.66506678009043,1.66313409711633,-1.66252764534274,-1.66313223146988,-0.00693486459051407,0.00193268297409954,-0.00693673023696584
0.0142158883716006,0.000611248930890865,1.8882320091931e-06,-0.8951741049462,-0.89517599317821,-0.886215801991055,-0.888156204664825,0.888767453595716,0.888158092896834,-0.00701790028137517,0.00194040267377016,-0.00701978851338436
0.0142903003232771,0.000617598940322917,1.91821975240155e-06,-0.851866786218449,-0.851868704438202,-0.842859927047317,-0.844810486606553,0.845428085546876,0.844812404826306,-0.00705629961189591,0.00195055955923662,-0.00705821783164828
0.0143704907678312,0.000624508188300355,1.95088408546681e-06,-0.309303562437516,-0.309305513321601,-0.300177298688325,-0.302138803870442,0.302763312058742,0.302140754754527,-0.0071647585670741,0.00196150518211685,-0.00716670945115955
0.0144481841871747,0.000631272030116106,1.98287934019356e-06,1.80324058926748,1.80323860638814,1.81241549268793,1.81044338271526,-1.80981211068515,-1.81044139983592,-0.00720279344778829,0.00197210997266439,-0.00720477632712857
0.014558913035951,0.000640989328493113,2.02907646383322e-06,1.42267516650162,1.42267313742516,1.43190250276386,1.42991527881811,-1.42927428948962,-1.42991324974165,-0.00724011231648758,0.00198722394574946,-0.00724214139295132
0.0146696418847273,0.000650763670016896,2.07597981949168e-06,-0.968977511321054,-0.968979587300874,-0.959656105907414,-0.961658443826249,0.962309207496265,0.961660519806068,-0.00731906749480571,0.00200233791883464,-0.0073211434746252
0.014791365221875,0.000661575961299155,2.1283609893766e-06,1.07381758203194,1.07381545367095,1.08317760338815,1.08115865079968,-1.08049707483838,-1.08115652243869,-0.0073410687677371,0.00201895258846951,-0.00734319712872655
0.0148909073463626,0.000670450036318127,2.17183869942017e-06,-0.296343902567321,-0.296346074406021,-0.286946441832919,-0.288978981458615,0.289649431494933,0.288981153297314,-0.00736492110870612,0.00203253962569577,-0.00736709294740556
0.0149939050855624,0.000679714513859545,2.21743671277129e-06,2.56690153420675,2.56689931677004,2.57639324325182,2.57434664491356,-2.5736669303997,-2.57434442747685,-0.0074451107068092,0.00204659833826515,-0.00744732814352211
0.0150819189826934,0.000687681667186138,2.25689808331307e-06,-0.319123184766058,-0.319125441664141,-0.309589682666691,-0.311648294492742,0.312335976159928,0.311650551390825,-0.00747489027331577,0.00205861182605138,-0.00747714717139908
0.01515985829702,0.000694768979117985,2.29222652753816e-06,-0.182098476114483,-0.18210076834101,-0.172493474752307,-0.174562724932428,0.175257493911546,0.174565017158956,-0.00753575118205455,0.002069250180121,-0.00753804340858208
0.0152650979000033,0.000704433256033716,2.34050648950979e-06,2.33307301785414,2.33307067734765,2.3427603424422,2.34067672754552,-2.33997229428949,-2.34067438703903,-0.00760370969138568,0.00208361489667475,-0.00760605019787519
0.0153875390694645,0.000715828633608454,2.39752043198558e-06,1.09188708506194,1.09188468754151,1.10182993702457,1.09972960947749,-1.09901378084388,-1.09972721195706,-0.00784252441555,0.00210032754708322,-0.00784492193598196
0.0154875439654049,0.000725324451414912,2.44477231746412e-06,2.98465517115554,2.98465272638323,2.99464250407034,2.99252852631988,-2.99180320186847,-2.99252608154756,-0.00787335516433929,0.00211397775046107,-0.00787579993665677
0.0155793023639868,0.000734056832307438,2.48867542709894e-06,0.948329395538799,0.948326906863372,0.958336264116186,0.956209761770899,-0.955475704938591,-0.956207273095472,-0.00788036623210031,0.00212650234528755,-0.00788285490752738
0.0156447746914652,0.000740311018894665,2.52032262208018e-06,0.293408786570295,0.293406266247673,0.303486382047675,0.301350943034064,-0.300610632015169,-0.301348422711442,-0.00794215646376906,0.00213543901361074,-0.00794467678639116
0.0157102470189437,0.000746613479656195,2.55223887769377e-06,1.33873321231403,1.33873066007515,1.34888121541322,1.34673683973129,-1.34599022625163,-1.34673428749241,-0.0080036274172588,0.00214437568193393,-0.00800617965613659
0.0157821327632371,0.000753559023042441,2.58759344150614e-06,0.419262738872182,0.41926015127874,0.429407784138918,0.427253596387081,-0.426500037364038,-0.427251008793639,-0.00799085751489897,0.00215418775183679,-0.00799344510834049
0.0158631304477379,0.000761370995366979,2.62782069356667e-06,-0.824058403309909,-0.824061031130603,-0.813938856171688,-0.816104099730905,0.816865470726272,0.816106727551599,-0.00795430357900406,0.00216524355921699,-0.00795693139969766
0.0159473859195394,0.000769527126155852,2.67010559128956e-06,-0.543180727456248,-0.54318339756184,-0.532932547507352,-0.535109291546771,0.535878818672926,0.535111961652362,-0.00807143590947768,0.00217674403941837,-0.00807410601506897
0.016032324761,0.000777826496021145,2.7131911722767e-06,-0.0977372014701627,-0.097739914661335,-0.0874370326682741,-0.0896253704646754,0.0904031969606966,0.0896280836558477,-0.00811183100548728,0.00218833779640136,-0.00811454419665955
0.0161823616519891,0.000792659017386447,2.79043183685536e-06,0.373371616632659,0.373368826200822,0.38386981264342,0.381660995508913,-0.380868336491527,-0.381658205077076,-0.00828937887625386,0.00220881713450738,-0.00829216930809074
0.0163084937128769,0.000805318298717051,2.85650156628178e-06,-0.416798346723419,-0.416801203224986,-0.406147067762128,-0.408373101336565,0.409178419635282,0.408375957838131,-0.00842524538685469,0.0022260335744369,-0.00842810188842097
0.0164182607697812,0.000816499377928212,2.91485589805785e-06,0.256689200187857,0.256686285331959,0.267439203937147,0.265198187669744,-0.264381688291816,-0.265195272813846,-0.00850898748188716,0.00224101626740281,-0.0085119023377852
0.0166131378349026,0.000836542909952008,3.020445709916e-06,-1.16501685657933,-1.16501987702504,-1.1540887684761,-1.15635638455691,1.15719292746687,1.15635940500262,-0.00866047202241038,0.00226761608081816,-0.00866349246812037
0.0167783118501263,0.000853696819868457,3.11195541845341e-06,-0.166576249537689,-0.166579361493107,-0.155671568814019,-0.15796173038003,0.158815427199898,0.157964842335448,-0.00861451915765921,0.00229016156601047,-0.00861763111307767
0.0169256910658163,0.000868997403313076,3.19517049678369e-06,0.914580738499459,0.914577543328963,0.92548362844921,0.923173350305416,-0.922304352902103,-0.923170155134919,-0.00859261180595661,0.00231027814379359,-0.00859580697645335
0.017047016730157,0.000881636420734791,3.26478315350761e-06,0.954532956149411,0.954529691366257,0.965591548570323,0.963264710037383,-0.962383073616649,-0.96326144525423,-0.00873175388797265,0.00232683853293914,-0.00873501867112614
0.0171545414543893,0.000892995113029345,3.32732167297649e-06,1.39505451988316,1.39505119256148,1.4062438269433,1.40390231178538,-1.40300931667235,-1.40389898446371,-0.00884779190222384,0.0023415151579198,-0.00885111922389692
0.0172473590008565,0.000902889229371645,3.38195191334203e-06,1.22179724866394,1.22179386671203,1.23305971167096,1.23070552734946,-1.22980263812008,-1.23070214539754,-0.00890827868551636,0.00235418432150847,-0.00891166063742976
0.017328136843319,0.000911580583865909,3.42998675918641e-06,1.62530324848402,1.62529981849726,1.63669324316697,1.6343280330455,-1.63341645246163,-1.63432460305874,-0.0090247845614766,0.00236521012147239,-0.00902821454823588
0.0174144450719111,0.000920957062266392,3.48182069897889e-06,1.77983844874698,1.77983496692628,1.79126132586904,1.7888843350756,-1.78796337801334,-1.7888808532549,-0.00904588632862557,0.00237699079343257,-0.00904936814932444
0.0174888593600202,0.000929070202807017,3.52693732336522e-06,0.498617276047087,0.498613749109763,0.510081780231742,0.50769463223393,-0.506765562031123,-0.507691105296607,-0.0090773561868438,0.00238714799781115,-0.00908088312416716
0.0175624152678672,0.000937096330350771,3.57192205604739e-06,0.494536466679574,0.494532894757518,0.505985927292002,0.503588739254728,-0.502651642924377,-0.503585167332672,-0.00905227257515379,0.00239718803727462,-0.00905584449720981
0.0176540037237226,0.000947096994773451,3.62847478558396e-06,2.71852156471193,2.71851793623714,2.73000444077527,2.72759475133956,-2.72664765434478,-2.72759112286477,-0.00907318662762657,0.00240968943570863,-0.00907681510241209
0.0177569816605082,0.000958379313210125,3.69277692856817e-06,1.03027639474866,1.03027270197173,1.04182426804497,1.03940052259963,-1.03844214328642,-1.0393968298227,-0.00912412785096994,0.00242374544534063,-0.00912782062789841
0.0178645838496654,0.000970217927618241,3.7607804895636e-06,0.0607791518954893,0.0607753911149997,0.0723612692274957,0.0699228365835722,-0.068952618655954,-0.0699190758030827,-0.00914368468808298,0.00243843264392342,-0.00914744546857254
0.0179863025596218,0.000983645231160882,3.83871148514525e-06,0.805864694512473,0.805860855800988,0.817468167238902,0.815013120556934,-0.814029475325773,-0.815009281845449,-0.0091484260444602,0.00245504668196828,-0.00915226475594533
0.0180809096987117,0.000994111530274154,3.90002328161259e-06,1.83387262449334,1.83386872447006,1.84554528116163,1.843077321045,-1.84208320951473,-1.84307342102172,-0.00920469655165501,0.0024679601166302,-0.00920859657493667
0.0181755168378016,0.00100465718363882,3.96198494510502e-06,0.226300626918454,0.226296664933509,0.238072239885814,0.235591366334522,-0.234586709150883,-0.235587404349577,-0.0092907394160677,0.00248087355129212,-0.00929470140101279
0.0183130106282785,0.00102018312726212,4.05320565090547e-06,-0.594254070539254,-0.594258123744904,-0.582277770422356,-0.584777411236847,0.585797594364109,0.584781464442498,-0.00947665930240671,0.0024996408144905,-0.0094807125080576
0.0184722057137987,0.00103841050045087,4.16058242032099e-06,0.897976532212555,0.897972371630135,0.910052427232711,0.907531057029137,-0.906492646528687,-0.907526896446717,-0.00955452481658237,0.00252137020357401,-0.00955868539900273
0.0186128222657627,0.00105465559601733,4.25701281340759e-06,0.19020207064422,0.190197813631407,0.202429419994374,0.199888856285177,-0.198834200689159,-0.199884599272363,-0.00968678564095665,0.00254056370919775,-0.00969104265377005
0.018787198197584,0.00107519363670586,4.37868975650137e-06,1.79183359347163,1.79182921478188,1.8042835331539,1.80171916794068,-1.80064397430397,-1.80171478925092,-0.00988557446904226,0.00256436521322634,-0.00988995315879881
0.0189001240583295,0.00108858943085805,4.45874347600439e-06,1.34142060337311,1.34141614462963,1.35386833142656,1.35128855235833,-1.35019996292747,-1.35128409361485,-0.00986794898522092,0.00257977906823159,-0.00987240772869691
0.0190130499190751,0.00110199111383473,4.53978652599009e-06,1.61553541912183,1.61553087933531,1.62799969778626,1.62540450486302,-1.62430251374918,-1.62539996507649,-0.00986908574118694,0.00259519292323662,-0.00987362552771298
0.0191180860482907,0.00111446768448214,4.61605598978177e-06,1.28735945232166,1.28735483626567,1.29991128253364,1.29730175266707,-1.29618728498259,-1.29729713661108,-0.00994230034540688,0.00260952986656671,-0.00994691640139678
0.0192153291206963,0.00112611754741216,4.68743372846357e-06,1.04704591847422,1.04704123104049,1.05970541030184,1.05708260720797,-1.05595648966055,-1.05707791977424,-0.0100366887337489,0.00262280309387197,-0.0100413761674774
0.0192962560084391,0.0011358744466946,4.7474017971005e-06,-0.0280983853932699,-0.028103132795067,-0.0154060133356525,-0.0180398625734763,0.0191757370201709,0.0180446099752734,-0.0100585228197936,0.00263384923782384,-0.0100632702215907
0.0193779703364672,0.00114578155100885,4.80847855823254e-06,0.741336136762653,0.741331328284095,0.75408710546594,0.751442102602226,-0.750296321051217,-0.751437294123668,-0.0101059658395735,0.00264500286371383,-0.0101107743181317
0.0194673003896361,0.00115664137258421,4.87585416577668e-06,0.848588941849132,0.848584065994966,0.861413861406144,0.858756665405463,-0.857600024032879,-0.858751789551297,-0.010167723556331,0.00265719600068048,-0.0101725994104968
0.0195580991433901,0.00116773004835311,4.94498912075807e-06,1.54414381718988,1.54413887220076,1.55702107138391,1.55435148177546,-1.55318375172711,-1.55434653678634,-0.0102076645855862,0.00266958960844899,-0.010212609574707
0.0196480010093416,0.00117876973494954,5.01409164663441e-06,0.338050105780825,0.338045091689178,0.35090824798501,0.348226387189808,-0.347047617454859,-0.348221373098161,-0.0101762814089833,0.00268186079520211,-0.01018129550063
0.019726085936073,0.00118834631402685,5.07463720848088e-06,2.98804119337109,2.98803611873388,3.00094047825361,2.99824795922892,-2.9970596129149,-2.99824288459172,-0.0102067658578342,0.00269251902468826,-0.0102118404950429
0.0198012310782366,0.00119758292728085,5.13336552441468e-06,1.80008658614295,1.80008145277742,1.81301708683217,1.81031431084492,-1.80911672791764,-1.8103091774794,-0.0102277247019742,0.00270277598724733,-0.0102328580674986
0.0198989269084757,0.00120960821481764,5.21039683466953e-06,0.787604316467522,0.787599106070687,0.800588854780117,0.797872743766225,-0.796663135551407,-0.79786753336939,-0.010268427298703,0.00271611101389202,-0.0102736376955377
0.0199830249802286,0.00121997940283692,5.27732247597426e-06,1.55476070233552,1.55475542501305,1.5677145749145,1.56498698490479,-1.56376700550195,-1.56498170758231,-0.0102262825692618,0.00272759000971856,-0.0102315598917377
0.0201317030645656,0.0012383577105877,5.39703739090836e-06,0.854671423201411,0.85466602616402,0.867665805269278,0.864917921392244,-0.863679563681656,-0.864912524354853,-0.0102464981908332,0.00274788387703362,-0.0102518952282241
0.0202782165278572,0.00125655538290634,5.51675931536794e-06,-0.302632227505853,-0.302637744265168,-0.289442245663121,-0.29221012794676,0.293466683329667,0.292215644706076,-0.0104220995590925,0.00276788228363911,-0.0104276163184079
0.0203988223766772,0.00127172339049289,5.61662747644154e-06,0.60455561083261,0.604549994205134,0.617789073558884,0.615004729137572,-0.613733005747079,-0.614999112510096,-0.0104491183049615,0.00278434442131248,-0.010454734932438
0.0204958397779505,0.00128399227439702,5.69783265087217e-06,2.06253914849299,2.06253345066034,2.07589897017569,2.07310138333013,-2.07181739105573,-2.07309568549748,-0.0105622348371432,0.0027975868455572,-0.0105679326697943
0.0205928571792238,0.00129637724395367,5.77981942315209e-06,1.90181597041749,1.90181019059807,1.91530597677444,1.91249514750464,-1.91119877026069,-1.91248936768522,-0.010679177087149,0.00281082926980192,-0.0106849569065721
0.0207003104914528,0.00131020163601627,5.87154609086005e-06,0.154317794219875,0.154311922673784,0.167872747404853,0.165047251257477,-0.16373704962146,-0.165041379711386,-0.0107294570376019,0.00282549614737621,-0.0107353285836928
0.0208096222685077,0.00132433244979436,5.96585779678942e-06,1.06612199581751,1.06611602995971,1.07973978889973,1.07689937220297,-1.07557503975318,-1.07689340634518,-0.0107773763854613,0.00284041669675927,-0.0107833422432582
0.0209308185388067,0.00134012309841065,6.07160740491545e-06,-0.34509230027111,-0.345098371878515,-0.331316719000738,-0.334173678424958,0.335513801523369,0.334179750032363,-0.0109186218461517,0.00285695942421965,-0.0109246934535566
0.0210502367188288,0.00135590321469694,6.17703704082221e-06,-0.386675857939024,-0.386682034976065,-0.372719822879033,-0.375593082329657,0.376948985544354,0.375599259366698,-0.0110827756093673,0.0028732594506235,-0.0110889526464081
0.0212368694835871,0.00138090293319893,6.34429114981128e-06,1.43134026031374,1.43133391602259,1.4456356293326,1.44273689537723,-1.44135599244403,-1.44273055108608,-0.0113966350634847,0.00289873395536655,-0.0114029793546344
0.0213881945864009,0.00140161392222565,6.4821666329806e-06,0.0363490331115421,0.0363425509449091,0.050826307524077,0.0479069183956791,-0.0465053044734534,-0.0479004362290461,-0.0115578852841369,0.0029193891283979,-0.0115643674507699
0.0215407561441562,0.00142269152695302,6.62325350686325e-06,-0.268550826133785,-0.268557449387292,-0.254031919060798,-0.256972132132578,0.258394823659531,0.256978755386085,-0.011578694001207,0.0029402130717805,-0.0115853172547139
0.0216933177019116,0.00144390440529117,6.76644626443909e-06,1.72888984127439,1.72888307482812,1.74367041182135,1.74070937480618,-1.73926547040089,-1.74070260835992,-0.0118195335317983,0.00296103701516293,-0.0118262999780627
0.0218156104123007,0.00146111957888908,6.88276659206697e-06,0.862548100482208,0.862541217715616,0.877373443338156,0.874395713936558,-0.872934594357669,-0.874388831169966,-0.01184761345435,0.00297772940159846,-0.0118544962209421
0.0220270686971121,0.00149111444767432,7.0871567914172e-06,1.74638147997778,1.74637439282099,1.76136780316006,1.75836121068564,-1.75687009623797,-1.75835412352885,-0.0119797307078553,0.00300659247441626,-0.0119868178646467
0.0222355486579666,0.00152087144036249,7.29273996480185e-06,0.875463128389411,0.875455835649446,0.890548910960802,0.887513861940942,-0.885992990500579,-0.887506569200977,-0.0120507335515304,0.00303504901985996,-0.0120580262914952
0.0224427623510488,0.00155091492444329,7.50111837773682e-06,1.78666618432667,1.7866586832083,1.80199730825291,1.79893397552727,-1.79738306060283,-1.79892647440889,-0.0122677912005951,0.00306333272563952,-0.0122752923189728
0.0226090930354859,0.00157524653724615,7.67134135163239e-06,0.0713511325815975,0.0713434612402458,0.0868066168862076,0.0837205807954053,-0.0821453342581592,-0.0837129094540537,-0.0123694482138079,0.00308603609080224,-0.0123771195551595
0.0227754237199229,0.00159990751212707,7.84422572764635e-06,0.354568062945656,0.354560218719928,0.37018720413914,0.367078464683175,-0.365478557171048,-0.367070620457447,-0.0125104017375188,0.0031087394559649,-0.0125182459632465
0.0229527679709765,0.00162627363113362,8.03151595319936e-06,0.458374525723719,0.458366494207766,0.474039328489859,0.47090638236809,-0.469280108736956,-0.470898350852136,-0.0125318566443707,0.00313294612176918,-0.0125398881603239
0.0231209366082123,0.00165146795884095,8.21194657812235e-06,0.826810108540771,0.826801896594193,0.842573732974607,0.839417832615663,-0.837766364656822,-0.839409620669085,-0.0126077240748916,0.00315590035894431,-0.0126159360214697
0.0233047869488851,0.00167921810041085,8.41238133797474e-06,0.143107800080063,0.143099387698725,0.158955285442332,0.155774290366597,-0.154095072266187,-0.155765877985259,-0.0126664902865344,0.00318099507573508,-0.0126749026678724
0.023503885158981,0.00170932446106121,8.63320201362883e-06,-0.306741469359715,-0.306750102561728,-0.290834569060056,-0.294042740115872,0.295752064576933,0.294051373317885,-0.0126987292438427,0.00320817105581556,-0.0127073624458563
0.023771799257727,0.00175019283597023,8.93654852540654e-06,2.440034545292,2.44002560874347,2.45616382471147,2.4529190846267,-2.45116889179073,-2.45291014807817,-0.0128845393347001,0.00324474008477527,-0.0128934758832253
0.0240090298638973,0.00178679758037421,9.21115766409502e-06,0.0842010108897396,0.0841917997320756,0.100432704441306,0.097155583481662,-0.0953687859012878,-0.0971463723239979,-0.0129545725919223,0.00327712095964416,-0.0129637837495864
0.0242125557561413,0.0018185020217625,9.45128742461144e-06,2.37632483989811,2.37631538861068,2.39288497345527,2.38958007215752,-2.38776157013575,-2.38957062087009,-0.0132552322594068,0.00330490129775374,-0.0132646835468315
0.024389939748089,0.00184657817525935,9.66403953863891e-06,0.00454938570985192,0.00453972167031328,0.0212357218908605,0.0179066085028552,-0.0160600303275958,-0.0178969444633166,-0.0133572227930033,0.00332911338800536,-0.0133668868325419
0.0245960467934145,0.00187953432936345,9.91534579425344e-06,2.82311337401457,2.82310345866877,2.84004404279068,2.83668679674917,-2.8348072624198,-2.83667688140337,-0.0135734227345972,0.003357246041511,-0.0135833380803914
0.0248002175151198,0.00191257238200122,1.01686923081505e-05,0.348409115104102,0.348398946411794,0.365472515901139,0.362087401505295,-0.360174829123294,-0.362077232812987,-0.0136782864011925,0.00338511439584427,-0.0136884550935006
0.0249937645395616,0.00194416665040104,1.04129403387592e-05,1.00867703489148,1.00866662195114,1.02579592052384,1.02238438785895,-1.02044022120855,-1.02237397491861,-0.0137073529674685,0.00341153266489025,-0.0137177659078072
0.025164930040032,0.00197217195298461,1.06322733184805e-05,-1.86511920795774,-1.86512984023106,-1.84784308046499,-1.85127797642495,1.85325014837794,1.85128860869827,-0.0138412315327849,0.0034348959599646,-0.0138518638061034
0.0253215380926992,0.00199804886915055,1.08357060446727e-05,1.60181635731393,1.60180552160788,1.61929766720413,1.61584139497304,-1.61384334610389,-1.61583055926699,-0.0140250376591098,0.00345627223109068,-0.0140358733651544
0.0254676646425936,0.00202243793012272,1.10279215272912e-05,1.05831659491925,1.05830556699772,1.07593323342106,1.07245701559524,-1.07043457766512,-1.07244598767371,-0.014140420675991,0.00347621782581609,-0.0141514485975183
0.0256510524928305,0.00205340961929344,1.12724610653037e-05,0.250290559274898,0.250279286813832,0.268144140833309,0.264642891418497,-0.262589481799203,-0.264631618957432,-0.0143523321435993,0.00350124941481256,-0.0143636046046646
0.0258580730019406,0.00208865191297919,1.15529919354287e-05,-0.712140731499325,-0.712152284491261,-0.694269913866391,-0.697799420618269,0.699888072531249,0.697810973610205,-0.0143413108810559,0.00352950675187813,-0.0143528638729914
0.026035861956526,0.00211897008839209,1.17977156517813e-05,1.98941500007473,1.98940320235907,2.00728691425615,2.0037331401385,-2.00161417005011,-2.00372134242285,-0.0143181400637797,0.00355377411764701,-0.0143299377794315
0.0261953162867047,0.00214610825158366,1.20201922977091e-05,0.0671880023553978,0.0671759821631001,0.0850308822878959,0.0814553433954747,-0.079309235143891,-0.081443323203177,-0.0142673410400768,0.00357553889242126,-0.0142793612323745
0.0264303823899207,0.00218644107861241,1.23533270066986e-05,2.78489003351833,2.78487768019132,2.80312962751902,2.79952200319632,-2.79733556211771,-2.79950964986932,-0.0146319696779957,0.0036076243226999,-0.0146443230050024
0.0267717838655041,0.00224619190253411,1.28483165983805e-05,0.27967732141002,0.279664473093421,0.298093193129512,0.294438969092554,-0.29219277719002,-0.294426120775955,-0.014761647682534,0.00365422403695848,-0.0147744959991324
0.0271058671282381,0.00230511587707368,1.33456264270466e-05,1.35736616276374,1.35735281713731,1.37598408882313,1.37228426397395,-1.36997914809687,-1.37227091834752,-0.014918101210206,0.0036998248491853,-0.0149314468366331
0.027236478940208,0.00232832202140729,1.35435550202406e-05,-0.27036800590305,-0.27038154945807,-0.251653605216898,-0.25537125797121,0.257699579992617,0.25538480152623,-0.0149967479318399,0.00371765275431141,-0.0150102914868601
0.027367090752178,0.00235166671212398,1.3743465785435e-05,0.660538468973243,0.660524725507457,0.679414639398228,0.67567915873879,-0.673327492026666,-0.675665415273005,-0.0151406897655475,0.00373548065943752,-0.0151544332313329
0.0275195603065337,0.00237912429758314,1.39793589721894e-05,0.42644440158508,0.426430422226108,0.445358506355752,0.441602214310969,-0.439223090013385,-0.441588234951996,-0.0151578127258884,0.00375629204478378,-0.0151717920848606
0.027672860410749,0.00240674648457332,1.42192919900722e-05,0.685745950632601,0.685731731340611,0.704623860451324,0.700846643654999,-0.698439897170426,-0.700832424363009,-0.0151006930223979,0.0037772167963247,-0.015114912314388
0.0278492342217284,0.0024386506670126,1.44987563241646e-05,1.93222726087754,1.93221276212122,1.95134834457712,1.94754705357555,-1.94510840290854,-1.94753255481923,-0.0153197926980086,0.00380129100157034,-0.0153342914543328
0.0280472487348296,0.00247473979137806,1.4816905162951e-05,0.877857231146388,0.877842414241225,0.89703040166918,0.893202082607131,-0.890727342815753,-0.893187265701968,-0.0153448514607435,0.00382831906204906,-0.0153596683659064
0.0282411801654779,0.00251042058705571,1.51330261000081e-05,0.988060400793163,0.988045267767063,1.00754198141349,1.00368719161273,-1.00117677102567,-1.00367205858663,-0.015626790819567,0.00385478980075504,-0.015641923845667
0.0284351115961263,0.00254644463258944,1.54536865375198e-05,-1.38691227258818,-1.38692772627472,-1.36736664008096,-1.37124790062042,1.37379434525301,1.37126335430696,-0.0156643719677585,0.00388126053946114,-0.015679825654296
0.0286228983302963,0.00258145386898926,1.57685348745635e-05,0.493747798977306,0.493732030442431,0.513388530223999,0.509481637668334,-0.506900183799345,-0.50946586913346,-0.0157338386910287,0.00390689255566412,-0.0157496072259033
0.0288132859881669,0.00261722891884696,1.6092136242087e-05,0.412084971206834,0.412068879070592,0.431842680501217,0.427909800915357,-0.42529257199651,-0.427893708779115,-0.0158248297085231,0.0039328795858608,-0.0158409218447652
0.0289885763980331,0.00265021544643538,1.63940090467165e-05,-0.507648897641076,-0.507665291650123,-0.487888633932672,-0.491845439844563,0.494495655290998,0.49186183385361,-0.0158034577965129,0.00395680591189118,-0.0158198518055597
0.0292316951976295,0.00269628573211611,1.68189493748622e-05,-0.546369486501091,-0.546386305450466,-0.526472383593477,-0.530462374091266,0.533158659823382,0.530479193040641,-0.0159071124098253,0.00398999049778892,-0.0159239313592002
0.0294622960431137,0.0027401810077619,1.72287706719976e-05,2.15765590194845,2.15763867317778,2.17774762942128,2.17372616298014,-2.17098598197238,-2.17370893420947,-0.016070261031687,0.00402146644114598,-0.0160874898023589
0.0296978247697633,0.00278547765503001,1.76541953526656e-05,1.56917635885009,1.56915870465474,1.58947973274095,1.58542611772358,-1.58264064006855,-1.58540846352823,-0.0162497588734924,0.00405361501737223,-0.0162674130688452
0.0300342169376068,0.00285067572502074,1.82739245700521e-05,-0.415830480715131,-0.415848754639701,-0.395467655909625,-0.399567186894037,0.402417862619058,0.399585460818607,-0.0162632938210935,0.00409953098441246,-0.0162815677456635
0.0304515431898226,0.00293214535541175,1.90626768423016e-05,1.37195588838585,1.37193682570901,1.3925261047087,1.38836961063099,-1.38543746527558,-1.38835054795415,-0.0164137222451401,0.00415649407771101,-0.0164327849219825
0.0308495723973252,0.00301092604326245,1.98357233348338e-05,1.63616540196241,1.63614556623907,1.6570938277556,1.65288300454148,-1.64987207849822,-1.65286316881814,-0.0167176025790701,0.00421082321411737,-0.0167374383024048
0.0311847492898682,0.00307808950173927,2.05026564530454e-05,0.0441501152964843,0.0441296126400312,0.0651798439620533,0.0609232706603244,-0.0578451811585852,-0.0609027680038714,-0.0167731553638401,0.00425657330172885,-0.0167936580202932
0.0315503400081618,0.00315129798338684,2.12468243436117e-05,-0.286574213026032,-0.286595459850376,-0.265490243376408,-0.269796718111571,0.272948016094957,0.269817964935914,-0.0167774949144618,0.00430647473516299,-0.0167987417388055
0.0318918927312122,0.00322019341212266,2.19578541372624e-05,0.584513140244018,0.584491182389881,0.605829872856197,0.601476777762199,-0.598256584350076,-0.601454819908062,-0.0169636375181811,0.00435309509399784,-0.0169855953723184
0.0322446070855589,0.00329228240227544,2.27082972654028e-05,0.449652335725883,0.449629627428617,0.47134275118672,0.466941512223105,-0.463649229820829,-0.466918803925839,-0.0172891764972222,0.00440123896361483,-0.0173118847944876
0.0326425080021109,0.00337540024887648,2.35749800063454e-05,-0.541787269135242,-0.541810844115248,-0.519752958468265,-0.524208509057168,0.527583909306044,0.524232084037174,-0.0175787600780744,0.00445555058890268,-0.0176023350580807
0.0329816843667735,0.0034472727689153,2.43308620598116e-05,1.13132589912817,1.13130156826611,1.15381186428841,1.14931001770254,-1.14586274493363,-1.14928568684048,-0.0179841185743757,0.00450184658586528,-0.0180084494364354
0.0331499404178594,0.00348337464011768,2.47117635408565e-05,0.737934280524011,0.73790956876047,0.760382280212339,0.755857467457714,-0.752374092817596,-0.755832755694173,-0.0179231869337031,0.00452481275462446,-0.017947898697244
0.0333181964689453,0.00351940343077999,2.50966136506037e-05,0.761817508918457,0.761792412304806,0.784337194870797,0.779789415947414,-0.776270012516634,-0.779764319333763,-0.0179719070289571,0.00454777892338376,-0.0179970036426077
0.0334864232278707,0.00355551310905063,2.5485348988976e-05,-0.190929305029447,-0.190954790378436,-0.168511669196832,-0.173082410290731,0.176637923399782,0.17310789563972,-0.0178468947387161,0.00457074109389929,-0.0178723800877051
0.0336369511867639,0.00358778593015142,2.58365314606112e-05,-0.65683242610013,-0.656858262631591,-0.634159671572543,-0.638750959033034,0.642338744963186,0.638776795564495,-0.0180814670670958,0.00459128746049131,-0.0181073035985564
0.033766363351203,0.00361582808023066,2.61409913484938e-05,-0.752951326817118,-0.752977467808466,-0.730088567711421,-0.734697519330728,0.738313347410959,0.734723660322076,-0.0182538074863896,0.00460895161930652,-0.0182799484777381
0.0338886258674054,0.00364251168767978,2.64308090908571e-05,2.75465306215648,2.75462663134738,2.77752968280279,2.77290404291841,-2.76926153123073,-2.77287761210932,-0.0182509807619371,0.00462563988437603,-0.0182774115710278
0.0340014292004506,0.00366712052146282,2.67000867285295e-05,-1.98082691105551,-1.98085361114223,-1.95788279258125,-1.96252382959617,1.96619095011763,1.9625505296829,-0.0183030814593383,0.00464103701491947,-0.0183297815460668
0.0341541937476227,0.00370052663895967,2.70676404703706e-05,0.776384422170853,0.776357354530383,0.799431160910322,0.794769272244909,-0.791068745605949,-0.794742204604438,-0.0183848500740553,0.00466188866541373,-0.0184119177145257
0.0343111562528922,0.00373505670254822,2.74487639680058e-05,1.17875954637647,1.1787320976125,1.20190286744258,1.19721955412491,-1.19348449742236,-1.19719210536094,-0.0184600077484391,0.00468331331767224,-0.0184874565124071
0.0344970319212532,0.00377622683107439,2.79046675726621e-05,-0.847279282726253,-0.847307187393825,-0.823967150639956,-0.828675835122232,0.832452061953307,0.828703739789805,-0.0186034476040203,0.00470868448227679,-0.018631352271593
0.0347053904628282,0.00382264493409631,2.84216549364026e-05,0.801572820382525,0.801544398727588,0.824963907542692,0.820226783088139,-0.816404138154042,-0.820198361433202,-0.0186539627056139,0.00473712445455332,-0.0186823843605504
0.0349655608341548,0.00388102613767319,2.90760572690138e-05,0.4139793885105,0.413950312453231,0.437728771143665,0.432956134642945,-0.429075108505272,-0.432927058585676,-0.018976746132445,0.00477263650072041,-0.019005822189714
0.0352081333154293,0.00393598626997361,2.96951482462064e-05,1.41679181516981,1.41676212002156,1.44068472940329,1.43587898288658,-1.43194299661661,-1.43584928773834,-0.0190871677167708,0.00480574651670707,-0.0191168628650169
0.0354255304762103,0.00398565270955386,3.02573833450127e-05,-1.65575848433352,-1.65578874171686,-1.6316778659221,-1.63651328614058,1.64049893885014,1.63654354352393,-0.0192451981929338,0.00483542021848504,-0.0192754555762789
0.0356168993789941,0.00402970876609688,3.0758138817236e-05,1.17556479984287,1.17553404170405,1.19974736775556,1.19488582657151,-1.19085611780541,-1.19485506843269,-0.0193210267286337,0.00486154118405069,-0.0193517848674509
0.0358082682817779,0.00407386888395119,3.1264385236807e-05,-0.90982598996839,-0.909857254353626,-0.885581158869733,-0.890468821019349,0.894542689903301,0.890500085404586,-0.0193571689490402,0.00488766214961622,-0.019388433334277
0.0359942656657695,0.00411703543899563,3.17617018988305e-05,0.711562803971511,0.711531042269612,0.735994842437,0.731081792509161,-0.726964757070166,-0.731050030807262,-0.0195189885376504,0.00491304992783859,-0.0195507502395492
0.0362020035390654,0.00416540580948139,3.23233349446539e-05,1.08051959344079,1.08048727010584,1.10492421243905,1.09998280725727,-1.09581740144779,-1.09995048392233,-0.0194632138164856,0.00494140518178043,-0.0194955371514303
0.0363969109269186,0.00421070512255782,3.28562174450834e-05,0.374445417970772,0.374412561753327,0.398767601330876,0.393799592196769,-0.389588887074211,-0.393766735979324,-0.0193541742259966,0.00496800913410772,-0.0193870304434417
0.0365889113914726,0.00425530899493065,3.33867583929964e-05,0.160223312906431,0.160189926148038,0.184754673162675,0.179760456857756,-0.175505147862825,-0.179727070099363,-0.0195371439513245,0.00499421630491881,-0.0195705307097175
0.0367638777454649,0.00429619008826936,3.3875095797603e-05,1.81301471006912,1.81298083497332,1.83756042983966,1.83254233144083,-1.82824614135256,-1.83250845634503,-0.0195276213717099,0.00501809839882883,-0.0195614964675075
0.0369211309274404,0.00433307921270615,3.43179667237983e-05,1.36273221274452,1.3626978947778,1.38748213658563,1.38244257385852,-1.37810949464582,-1.3824082558918,-0.0197103611139999,0.00503956272710648,-0.0197446790807236
0.0370697822563678,0.00436819537178505,3.47400931966061e-05,0.590599947454613,0.590565207361417,0.615376696195772,0.610316843253339,-0.605948647881554,-0.610282103160143,-0.019716895798726,0.00505985294243239,-0.0197516358919226
0.0372144664576602,0.00440254259450142,3.51542188334145e-05,-0.876075119200158,-0.876110273418992,-0.851112623026483,-0.856192224689762,0.860594767284263,0.856227378908595,-0.0198828945103965,0.00507960166327925,-0.0199180487292299
0.0374238897425418,0.00445255364650058,3.57593837438482e-05,0.0619397902867934,0.0619040309030496,0.0871763620774484,0.0820681751093812,-0.0776156214628807,-0.0820324157256374,-0.0201283848225878,0.0051081869680672,-0.0201641442063317
0.0376166297824506,0.00449901653446441,3.63223846380002e-05,-1.61748984594758,-1.61752616833222,-1.59204166501801,-1.59717616010549,1.60167517663995,1.59721248249012,-0.0203136858420965,0.00513449508747588,-0.0203500082267345
0.0377881765751264,0.00454066220184336,3.68283925278969e-05,1.25617530035178,1.25613847195925,1.28172583021267,1.2765679197855,-1.27202725758366,-1.27653109139298,-0.0203926194337221,0.00515791042716374,-0.0204294478262499
0.0380159466642894,0.00459608556341279,3.75074312491e-05,1.54684334373399,1.54680583630274,1.57228019387596,1.56709119389052,-1.56249510832711,-1.56705368645927,-0.0202478501565253,0.00518899998544287,-0.0202853575877744
0.0382774418634129,0.00465964256636292,3.82971132819527e-05,2.02903016920062,2.02899187208734,2.05455213252067,2.04932743965623,-2.04466779708986,-2.04928914254294,-0.0202972704556088,0.00522469286444505,-0.0203355675688908
0.0385010984978164,0.00471423690885541,3.89811136075991e-05,2.00173845100104,2.00169946988743,2.02731096371032,2.02205574275505,-2.01734150584619,-2.02201676164144,-0.0203172917540071,0.00525522095527275,-0.0203562728676148
0.0387247551322198,0.00476892020814049,3.96730532265242e-05,1.42450370790796,1.42446403485473,1.45017878098145,1.44489303193535,-1.44012411172721,-1.44485335888212,-0.0203893240273876,0.00528574904610024,-0.0204289970806142
0.0390109183741308,0.00483905721669064,4.05699730208212e-05,1.56676060268597,1.56672003271295,1.59251769550402,1.58719288650576,-1.58235382928907,-1.58715231653274,-0.0204322838197883,0.00532480899826249,-0.0204728537928092
0.0393135119254783,0.00491374870385889,4.15326148272208e-05,1.17430870582819,1.17426717321336,1.2002385812154,1.19487246960412,-1.18995872090026,-1.19483093698929,-0.0205637637759328,0.00536611161127909,-0.0206052963907601
0.0395917867307454,0.0049824895357344,4.2430860401507e-05,0.734905281251732,0.734862850391331,0.760899133029076,0.755495038200563,-0.750512548664829,-0.755452607340162,-0.0205897569488309,0.00540409482851245,-0.0206321878092324
0.0400167387708238,0.00508830238047657,4.3826642005647e-05,0.548957983265454,0.548914156623448,0.575060250549524,0.569598151743122,-0.564509849362646,-0.569554325101116,-0.0206401684776683,0.00546209880640236,-0.0206839951196739
0.040378270063479,0.0051787908806562,4.50371432017165e-05,1.32402876846008,1.32398373131688,1.35040159502287,1.34489014887576,-1.3397113579951,-1.34484511173256,-0.0208613804156801,0.00551144614710886,-0.0209064175588818
0.0406767104869981,0.00525435902419549,4.60524742441845e-05,1.84390344372371,1.84385739124947,1.87071030776432,1.86515812588684,-1.85990376686264,-1.86511207341259,-0.0212546821631208,0.00555218187748463,-0.021300734637365
0.0409739998235093,0.00533078913369311,4.70785610638031e-05,0.658376627372317,0.658329548811253,0.685510283174501,0.679917522684666,-0.674586733550973,-0.679870444123602,-0.0215408953123485,0.00559276048983526,-0.0215879738734123
0.0412886378378636,0.00541258374098771,4.81806821373845e-05,-0.330624588925766,-0.330672769607903,-0.303150818649242,-0.3087865257653,0.314199109506287,0.308834706447437,-0.0218380631604658,0.00563570711605821,-0.0218862438426032
0.0415541509685906,0.00548206207116086,4.91237816433819e-05,1.39176302312959,1.39171389934795,1.4190876126341,1.41341566421006,-1.4079336021389,-1.41336654042841,-0.0216526410804676,0.00567194842404528,-0.021701764862111
0.0418175659692478,0.00555105071317852,5.00712480589689e-05,1.1553999597334,1.15534988848534,1.18301505764606,1.17730715429903,-1.17175610358585,-1.17725708305097,-0.021907194565624,0.00570790334703175,-0.0219572658136828
0.0420548992283313,0.00561363487114582,5.09350418479835e-05,-0.577590403075688,-0.577641338117536,-0.549968163391221,-0.555708461624767,0.561322096495913,0.555759396666615,-0.021881941450921,0.00574029823354627,-0.021932876492769
0.0423426698806516,0.0056897075772202,5.19953411599087e-05,0.197277801098475,0.197225805757315,0.225113393804072,0.219333816214316,-0.213644108637096,-0.219281820873156,-0.0220560151158411,0.00577957758975658,-0.022108010457001
0.0426285704619608,0.00576585223994365,5.30628648327039e-05,0.860116014676045,0.860062951811212,0.888156169397685,0.882337567707717,-0.876571715467773,-0.882284504842884,-0.0222215530316724,0.00581860168996784,-0.0222746158965051
0.0428926592208987,0.00583695966175338,5.40615533797055e-05,1.16369367546037,1.16363961390699,1.19219086169489,1.18633621311706,-1.18049925345531,-1.18628215156368,-0.0226425376566937,0.00585464857782747,-0.0226965992100734
0.0431245153372779,0.00590004870995638,5.49484532563661e-05,0.380648263803468,0.380593315350211,0.409211715890508,0.403325420030682,-0.397425371320726,-0.403270471577426,-0.0226771562272144,0.0058862958598257,-0.0227321046804708
0.0434365958381015,0.00598514422225745,5.61572293640025e-05,-1.19111656906304,-1.1911727262924,-1.16254161037344,-1.16847050377078,1.17445564799304,1.16852666100015,-0.0226460652922542,0.00592889339734159,-0.0227022225216182
0.0437925487412225,0.00608260432303506,5.75569962383021e-05,0.0729517244396727,0.0728941674434344,0.101665134166937,0.0956876548531269,-0.0896050505300919,-0.0956300978568886,-0.0227359304134543,0.00597747931381029,-0.0227934874096926
0.0441035107518411,0.00616776684707309,5.87982644578507e-05,1.68381965595103,1.68376085768657,1.71242473517188,1.70640481098927,-1.7002370441422,-1.70634601272481,-0.0225851550382368,0.00601992418261288,-0.0226439533026945
0.0443610722647332,0.00623814144061437,5.98393540806762e-05,2.05848460587657,2.05842476652249,2.08710897230113,2.0810538921694,-2.07481575072879,-2.08099405281532,-0.0225692862928319,0.00605508013173228,-0.0226291256469127
0.0446501310258106,0.00631741421720192,6.1021768221461e-05,1.87071941750343,1.87065839573521,1.89956044165566,1.89346590634686,-1.88714849212966,-1.89340488457864,-0.0227464888434366,0.00609453530879955,-0.0228075106116581
0.0449832767063372,0.00640941738952605,6.24030161650988e-05,-0.662445237495977,-0.662507640512142,-0.63347517486115,-0.639615183006564,0.64602460039609,0.639677586022729,-0.0228300544894129,0.00614000814541371,-0.022892457505578
0.045245761259243,0.00648221026155776,6.35053147056595e-05,0.161382520386438,0.161319015071733,0.190415561875155,0.184239725808548,-0.17775751554699,-0.184176220493842,-0.0228572054221095,0.00617583606660785,-0.0229207107368151
0.0455082458121488,0.00655511966355627,6.46200045849825e-05,2.09537472853385,2.09531010852927,2.12443066971749,2.11821900572969,-2.11166388606613,-2.1181543857251,-0.0228442771958366,0.00621166398780204,-0.0229088972004217
0.0457287518797034,0.00661645875501176,6.55660092966695e-05,-0.681337364411621,-0.681402930420918,-0.652032528812152,-0.658274290853053,0.664890749608065,0.65833985686235,-0.023063073558568,0.00624176204090143,-0.0231286395678646
0.0459835600727353,0.0066880027380403,6.66701459421305e-05,0.6828812650291,0.682814594883158,0.712290373273409,0.706013831098749,-0.699325828360709,-0.705947160952807,-0.0231325660696485,0.00627654217465978,-0.0231992362155906
0.0463165447464371,0.00678195551056739,6.81308727870327e-05,0.00605652652330506,0.00598839565051803,0.0357787876853331,0.0294567946507421,-0.0226748391401747,-0.0293886637779551,-0.0234002681274371,0.00632199303459101,-0.0234683990002241
0.0466612383127947,0.00688046655027076,6.96644412396175e-05,0.717627408283823,0.717557743842584,0.747769237696883,0.741400195592948,-0.734519729042677,-0.741330531151708,-0.0237727873091242,0.00636904210393574,-0.0238424517503638
0.0470142472471935,0.00698212594005063,7.12579097120685e-05,1.35968201084453,1.35961075293482,1.38983362832065,1.38341640213829,-1.37643427619824,-1.38334514422857,-0.023734391293756,0.00641722618236029,-0.0238056492034679
0.0473038320135578,0.00706569768565242,7.2582450827783e-05,1.2408866732761,1.24081409082527,1.27112179721845,1.26466504406174,-1.25759934637609,-1.26459246161091,-0.023778370785642,0.00645675315670391,-0.0238509532364699
0.0475956097055284,0.00715034612280893,7.39329003442852e-05,0.843118948516562,0.843045015616218,0.87375890856995,0.867262329114752,-0.860111982991943,-0.867188396214408,-0.0241433805981895,0.00649657945519799,-0.0242173134985338
0.0478501982052025,0.00722508788265905,7.51243662214324e-05,1.14527426570205,1.14519914133583,1.17613576883713,1.16960443923529,-1.16237935135263,-1.16952931486907,-0.0243301735332426,0.00653132960183433,-0.024405297899464
0.0481276115584645,0.0073071927116063,7.64367270410321e-05,1.30985093981185,1.30977450308481,1.34117061517759,1.33460141994271,-1.32729422723111,-1.33452498321567,-0.0247504801308664,0.00656919523487387,-0.0248269168579074
0.0483863883946448,0.00738489487824524,7.76743213062589e-05,1.83867595107523,1.83859827675392,1.8702065208938,1.86360200382383,-1.85621710894558,-1.86352432950252,-0.0249260527486017,0.00660451706997178,-0.0250037270699079
0.0486857056638221,0.00747500907007967,7.91220680892471e-05,-0.0174253149598991,-0.0175044370279884,0.0140781573192577,0.00743278483355414,4.22242365255288e-05,-0.00735366276546489,-0.0248580997934532,0.00664537248570357,-0.0249372218615425
0.0489335815769215,0.00754965898855965,8.03342194309687e-05,1.17334539425459,1.17326506003516,1.20498793859503,1.19830873219955,-1.19075907321099,-1.19822839798012,-0.0249633379449639,0.00667920639547903,-0.0250436721643947
0.0491568817511073,0.00761736347232682,8.14364730913106e-05,0.40236546285912,0.402284026386029,0.4343176304613,0.427607944630156,-0.419990581157829,-0.427526508157065,-0.0252424817710359,0.00670968583114395,-0.0253239182441273
0.0493596555643113,0.00767931254328444,8.24459163351016e-05,1.68193751027801,1.68185506436167,1.71397188640496,1.707234522891,-1.69955521034771,-1.70715207697466,-0.0252970126129888,0.00673736351396093,-0.0253794585293239
0.0495742793074484,0.00774505285819586,8.35232194967424e-05,0.58933939062604,0.589255867406544,0.62140868526016,0.614642026603036,-0.60689697374484,-0.614558503383539,-0.0253026359769953,0.00676665865712422,-0.0253861591964921
0.0497964570273345,0.00781309537199272,8.46480597403969e-05,0.46735879281983,0.467274144760089,0.499365571334939,0.492568586451943,-0.48475549107995,-0.492483938392203,-0.0252097936321133,0.00679698488299552,-0.0252944416918537
0.0500444818244675,0.00788929557064555,8.59153173387052e-05,0.867327736124935,0.867241820807596,0.899700792918476,0.892869953803727,-0.884980658233081,-0.892784038486388,-0.0255422176787918,0.00683083911474935,-0.0256281329961305
0.0503791179772941,0.00799254345139101,8.76445509251913e-05,1.38785358317077,1.38776593861985,1.42022921219699,1.41335269680309,-1.4053601533517,-1.41326505225216,-0.0254991136323115,0.00687651539390344,-0.0255867581832367
0.0507163502717779,0.00809720146859154,8.9409857201943e-05,0.647722505388201,0.647633095530999,0.680410400824445,0.67348785479012,-0.665390653321529,-0.673398444932918,-0.0257653494019191,0.00692254603432441,-0.0258547592591211
0.0510491347136692,0.00820181329225795,9.11743896565061e-05,1.26067947167538,1.26058829728572,1.29394654049301,1.28697857092947,-1.27877675763721,-1.28688739653981,-0.0262990992540937,0.00696796956354429,-0.0263902736437502
0.0513343216419883,0.00829262422339821,9.27045820205942e-05,2.17669688075072,2.1766041761687,2.21031033329246,2.20330343703902,-2.19501081281562,-2.203210732457,-0.0266065562882969,0.00700689625343998,-0.0266992608703176
0.0516069551911457,0.00838053466189918,9.41831768537493e-05,2.97801644519744,2.97792226202059,3.01201078009886,3.00496667063342,-2.99658613597152,-3.00487248745656,-0.026950225435975,0.00704410946544032,-0.027044408612829
0.0518615746746466,0.00846332043742921,9.55781409017097e-05,0.476814597440186,0.476719019299285,0.510887553109183,0.503808689267958,-0.495345368830529,-0.503713111127056,-0.0269940918277715,0.00707886384122514,-0.0270896699686732
0.052088093005551,0.00853731960303224,9.68306315908481e-05,-0.091150889329134,-0.0912477199607248,-0.0568068850883393,-0.0639166676286604,0.0724539872316927,0.0640134982602513,-0.0272342217004735,0.00710978254032114,-0.0273310523320644
0.0525338905782419,0.00868361173215258,9.93273638216672e-05,1.91229147482318,1.91219214745936,1.94655782309684,1.93938719126034,-1.93070357952818,-1.93928786389652,-0.0270957164371561,0.00717063183650279,-0.0271950438009778
0.0529260819524938,0.00881250142912943,0.000101558735142743,0.914804429081908,0.914702870346765,0.949338090798765,0.942113926662955,-0.933301425233826,-0.942012367927813,-0.0273094975810476,0.00722416413581017,-0.0274110563161903
0.0533007387455054,0.00893637553688204,0.000103720982800118,-0.883410894868596,-0.883514615851396,-0.848974692329941,-0.856249995376237,0.865186370913119,0.856353716359037,-0.0271608994923597,0.00727530304629564,-0.0272646204751598
0.0535348206052751,0.00901355201275445,0.000105087132377072,1.81504106411824,1.81493597698586,1.84968649332023,1.84237923918831,-1.83336568717556,-1.84227415205594,-0.0273381750700752,0.00730725413191924,-0.0274432622024523
0.0537689024650448,0.0090911852472487,0.000106464993510501,0.627866281809919,0.627759816816408,0.662725622937746,0.655386417720203,-0.646295232472954,-0.655279952726692,-0.027520135910284,0.00733920521754305,-0.0276266009037945
0.0542403477319711,0.00924927360725438,0.000109275885162623,2.93008461373103,2.92997533784587,2.96555560844028,2.95815205313553,-2.94890277952828,-2.95804277725037,-0.0280674394044973,0.0074035553047529,-0.0281767152896597
0.054833822633174,0.00945176048490095,0.000112883487473051,1.72258422199059,1.72247133850312,1.75860067417296,1.75111611230323,-1.74166435181833,-1.75100322881576,-0.0285318903126375,0.00748456186973212,-0.0286447738001105
0.0553114677062439,0.00961674333577086,0.000115843738656647,1.38252033678049,1.38240449304183,1.41870707097818,1.41115731277652,-1.40154056944075,-1.41104146903786,-0.0286369759960314,0.00754975820165815,-0.028752819734688
0.0557437787941541,0.00976681850633813,0.000118567010180482,0.80336101466385,0.803242447653669,0.8399290634994,0.832320296844034,-0.822553478337696,-0.832201729833854,-0.0289592821801844,0.00760876665536525,-0.0290778491903649
0.0561378936685725,0.0099046926227474,0.000121086353273277,3.20133330745119,3.20121222109792,3.2379862839056,3.2303237224021,-3.22041902977935,-3.23020263604882,-0.028990414950905,0.00766256150350308,-0.0291115013041785
0.0564742921844573,0.0100226629417552,0.000123264547755988,0.754029462268504,0.753906197720748,0.790733109336464,0.783024630999443,-0.773001968057688,-0.782901366451687,-0.0289951687309393,0.00770847833702148,-0.0291184332786953
0.0567970620182769,0.0101360888753421,0.000125378604488389,1.58396172333957,1.58383634473508,1.62079064372364,1.61303810880484,-1.6029020199295,-1.61291273020035,-0.0290763854652731,0.00775253491879702,-0.0292017640697615
0.0571366119820005,0.0102558202390656,0.000127628121480385,1.21513107142474,1.21500344330326,1.2521185015799,1.2443196196696,-1.23406379943054,-1.24419199154812,-0.0291885482448633,0.00779888191029454,-0.0293161763663436
0.0574917653691613,0.0103815910556998,0.000130009151060054,1.77004792760072,1.76991791844966,1.80726824294592,1.79942088424937,-1.78903929319367,-1.79929087509831,-0.0293729566486509,0.00784735869655173,-0.029502965799711
0.057879847733956,0.0105195480781987,0.000132643991237701,-0.070630619525299,-0.0707632635165367,-0.033367011895539,-0.0412673420307097,0.0517868901089084,0.0413999860219474,-0.0293632774945893,0.00790033013517066,-0.029495921485827
0.0582524402281955,0.0106525735731631,0.000135206225668413,1.09068273245331,1.09054752622765,1.12810745318555,1.12015626590708,-1.10950369233392,-1.12002105968141,-0.0294735334537675,0.00795118727847055,-0.0296087396794358
0.0585333267433659,0.0107533611688279,0.000137159005324574,1.06597730350557,1.06584014450025,1.10361583892141,1.09562631193944,-1.08487295077061,-1.09548915293412,-0.0296490084338668,0.00798952698196387,-0.0297861674391913
0.0588142132585363,0.010854704920541,0.000139130097412037,2.33312672803458,2.33298759793717,2.37104689667194,2.36301902998648,-2.35216432506594,-2.36287989988907,-0.0298923019519042,0.00802786668545741,-0.030031432049316
0.0591126897048321,0.0109631333408131,0.000141244832283569,1.2400778343886,1.23993658955632,1.27812251987802,1.27005391254525,-1.25909077920443,-1.26991266771296,-0.0299760781566469,0.0080686073327747,-0.0301173229889304
0.0594839090276423,0.0110984097280553,0.000143904132663738,0.709331564731319,0.709187660598655,0.747465144189868,0.739345867145309,-0.728247457417254,-0.739201963012646,-0.0300143024139908,0.00811927704455817,-0.0301582065466546
0.0599633287879634,0.011272907590454,0.000147386457629404,0.212907868873319,0.212760482415689,0.250879934155303,0.24269521854226,-0.231422310951806,-0.24254783208463,-0.0297873496689411,0.00818471561304357,-0.0299347361265705
0.0603721772563948,0.0114216334224443,0.000150398754866603,0.630477702002103,0.630327303247237,0.66864156931071,0.660401047782442,-0.648979414359998,-0.660250649027575,-0.0299233457803388,0.00824052152826837,-0.0300737445352054
0.0607473082039447,0.0115587478738529,0.000153197169735644,0.0196960235211826,0.019542826351447,0.0582251102267948,0.0499333850681508,-0.0383746371942979,-0.0497801878984152,-0.0302373615469682,0.00829172515864397,-0.0303905587167038
0.0610945785898522,0.0116872183826645,0.000155817472904897,0.835795126405327,0.835639308932422,0.874613194958377,0.866274069006499,-0.854586850623835,-0.866118251533594,-0.0304789426011718,0.00833912595187769,-0.0306347600740767
0.0614163716978888,0.0118066227602335,0.000158271263885922,0.140815125956611,0.140656854692725,0.179664520683727,0.171281471468603,-0.159474848708369,-0.171123200204717,-0.0304663455119914,0.00838304921512464,-0.0306246167758774
0.0619153795185442,0.0119925676343792,0.000162125430354305,2.83133453445254,2.83117240902219,2.87058538025223,2.86213421878945,-2.85014165115507,-2.8619720933591,-0.0307996843369063,0.0084511614627818,-0.0309618097672604
0.0624143873391996,0.012180390915555,0.000166039672183643,-0.354864151861781,-0.355030191533964,-0.315279137388613,-0.323798411099052,0.335978802014607,0.323964450771236,-0.0310657407627286,0.00851927371043881,-0.0312317804349123
0.0631320628819253,0.0124536715775889,0.000171775620365069,1.50587752740098,1.50570575178061,1.5461820455787,1.53756481249311,-1.52511114091552,-1.53739303687275,-0.0316872850921384,0.00861723308558315,-0.0318590607125033
0.0637799603997251,0.0127031766106534,0.000177063112032983,0.382336829973942,0.382159766861909,0.422738632948345,0.414032964863625,-0.401329788252971,-0.413855901751592,-0.0316961348896833,0.00870566808471979,-0.0318731980017163
0.0645784798265698,0.0130151667031644,0.000183723971594789,0.512915109316015,0.51273138534442,0.55392585468585,0.545111192411643,-0.532096025708478,-0.544927468440048,-0.0321960830956278,0.00881466227420724,-0.0323798070672227
0.0652618712510416,0.0132847550881608,0.000189552539590149,0.322081697072276,0.321892144532686,0.363518395259393,0.354610453232798,-0.341325698144637,-0.354420900693207,-0.0325287561605215,0.00890794202659512,-0.0327183087001116
0.0658940224438178,0.013536351119609,0.000195050146982717,1.80496200518536,1.80476695503837,1.84651266788139,1.83751844015582,-1.82398208903622,-1.83732339000884,-0.0325564349704686,0.0089942277255699,-0.0327514851174513
0.0664230315739998,0.0137475188922091,0.000199729489989675,0.63838692298776,0.63818719349777,0.680378736558048,0.671312301545546,-0.657564782653337,-0.671112572055556,-0.0329253785577861,0.0090664350125027,-0.0331251080477758
0.0670858773867298,0.014014679165811,0.000205694713559444,2.59920145569551,2.59899576098196,2.64148163881302,2.63232472842862,-2.61831004926281,-2.63211903371506,-0.0331232727331048,0.00915691038440336,-0.0333289674466641
0.0675345552956517,0.0141971938604598,0.000209797415134511,1.59030287218658,1.59009307477144,1.63304121997073,1.62382306713764,-1.60962587327718,-1.6236132697225,-0.0335201949510575,0.00921815283309013,-0.033729992366192
0.0679832332045736,0.0143809368279631,0.000213952965636701,3.20929411678271,3.20908016381708,3.25234736739969,3.24306797211791,-3.22868703528995,-3.24285401915228,-0.0337738553352009,0.0092793952817769,-0.0339878083008376
0.0684999522049681,0.0145943622479303,0.000218804674818544,1.36647777603082,1.366258971356,1.40976473095962,1.40041480593649,-1.38582044368856,-1.40019600126168,-0.0339370299056723,0.00934992502312992,-0.0341558345804909
0.068985625827704,0.0147959897366064,0.000223429687678756,0.287232436221116,0.287009006533437,0.330920227168862,0.321504009954101,-0.306708020217494,-0.321280580266422,-0.0342715737329847,0.00941621721476094,-0.0344950034206634
0.0693082969341701,0.0149308115786814,0.000226537372258486,1.73255573027795,1.73232919290569,1.77615788228267,1.76669762196196,-1.75176681038328,-1.7664710845897,-0.034141891684013,0.00946026032071168,-0.0343684290562716
0.0696309680406363,0.0150659828268209,0.000229673028265584,1.05672383884613,1.05649416581787,1.10062397126961,1.09111966784295,-1.07605368501613,-1.09088999481469,-0.0343958289968205,0.00950430342666264,-0.0346255020250861
0.0699665093810352,0.0152071599569641,0.000232963565723406,-0.440076068653424,-0.440309032219148,-0.396135987192693,-0.405686090452405,0.420893250409369,0.405919054018128,-0.0343899782010197,0.00955010325971212,-0.0346229417667431
0.0702746684336074,0.0153369532504144,0.000236012396974853,2.07849598934396,2.07825997694698,2.12257850695504,2.11298634141726,-2.09764938816685,-2.11275032902029,-0.0344903520733078,0.00959216553777242,-0.0347263644702824
0.0705812250514874,0.0154666706636938,0.000239070919092922,1.6290154417772,1.62877637085811,1.67345691181408,1.66382290272313,-1.64835623205944,-1.66358383180404,-0.034807460945931,0.00963400909094636,-0.0350465318650239
0.070941153840698,0.0156199093733554,0.000242694662987911,3.36354530028475,3.36330260562177,3.40797732475743,3.39829418706005,-3.38267427768669,-3.39805149239706,-0.0347488867752936,0.00968313769738272,-0.0349915814382817
0.0712463733468714,0.0157498873646654,0.000245795360107292,0.997454745511626,0.997208950151519,1.04190722450148,1.03218242576045,-1.01643253839579,-1.03193663040035,-0.034727680248827,0.00972479874102516,-0.0349734756089343
0.0715356975934214,0.0158732408776255,0.000248758105382004,-0.628533581969258,-0.628782340074641,-0.583870452180571,-0.593634742336197,0.609507983213822,0.593883500441579,-0.0348988396330617,0.00976429015562541,-0.0351475977384438
0.0718615447392031,0.0160124813849957,0.000252122347281023,0.551520311766863,0.551268189419582,0.595986497542996,0.586177730766819,-0.570165249381823,-0.585925608419538,-0.0346574189999562,0.00980876677617748,-0.0349095413472372
0.0721435878981099,0.0161326084747653,0.00025505779197978,0.011525066830502,0.0112700090385223,0.0562249947079342,0.0463777303517704,-0.0302451218770051,-0.0461226725597906,-0.0348526635212684,0.00984726435616379,-0.0351077213132481
0.0724117527610419,0.0162473159735382,0.000257869001635584,2.32509387232145,2.32483600331981,2.37006549458338,2.36018162697012,-2.34393431099658,-2.35992375796848,-0.0350877546486679,0.00988386761326909,-0.0353456236503034
0.0726643956189075,0.0163561631487665,0.000260535621766825,-0.447559815871778,-0.447820351493545,-0.402423544791778,-0.412341896980622,0.428698060129388,0.412602432602388,-0.0352179188911561,0.00991835218884363,-0.0354784545129229
0.072927595467714,0.0164698642867162,0.000263332467967331,-0.116579310095772,-0.11684264256374,-0.0714010334421374,-0.0813553111867402,0.0978251754734564,0.0816186436547076,-0.0352239989090321,0.00995427774460281,-0.0354873313769995
0.0732151860775187,0.0165941555923315,0.000266410460734502,0.649957970297689,0.649691559836955,0.695174538928121,0.685181006402274,-0.668586850809942,-0.684914595941539,-0.0352230361045844,0.00999353252584678,-0.0354894465653189
0.0736062502360501,0.0167633119463968,0.000270632735262774,0.413471462276039,0.413200829540776,0.458359788920874,0.448312877955425,-0.431549566009028,-0.448042245220162,-0.0348414156793863,0.0100469109654486,-0.0351120484146491
0.0739201805333468,0.0168981984308787,0.000274052795117694,0.247805777572604,0.247531724777486,0.292636321337639,0.282546560346055,-0.265648361915177,-0.282272507550938,-0.0347407827734515,0.0100897609915834,-0.0350148355685692
0.0741841815067266,0.017011640420515,0.000276949924348095,0.714936799486038,0.71465984956169,0.759856078310846,0.749730282413724,-0.732718641993209,-0.749453332489376,-0.0347934829276855,0.0101257958971225,-0.0350704328520336
0.0745165325562338,0.0171547233205721,0.000280624439812689,0.27862552315497,0.278344898715157,0.323789658725434,0.313618498455137,-0.296463775134565,-0.313337874015324,-0.034992975300167,0.0101711602702968,-0.0352735997399797
0.0749010295153406,0.0173207825365961,0.000284913606373436,-0.191347204806266,-0.191632118412639,-0.146326135903155,-0.156549778220863,0.173870560757459,0.156834691827237,-0.0347974265854024,0.0102236423177078,-0.0350823401917758
0.0752617977490905,0.0174768205716801,0.000288975275112907,0.920979042878392,0.920690067603279,0.966348501370881,0.95607561586646,-0.93859879529478,-0.955786640591347,-0.0350965729880676,0.0102728855044212,-0.0353855482631805
0.0757137355326637,0.0176737276037135,0.00029411446347696,0.0917797592451519,0.0914856447816749,0.137613581387773,0.12727900847693,-0.109605280873216,-0.126984894013453,-0.0354992492317781,0.0103345729108428,-0.035793363695255
0.0760959990575164,0.0178418212803577,0.000298506061286142,1.2430447448813,1.24274623882001,1.28923738690708,1.27885063680222,-1.26100881552186,-1.27855213074093,-0.0358058919209232,0.0103867501048611,-0.0361043979822093
0.0766308700350264,0.018080281997612,0.000304720469647605,1.72704952949729,1.72674480902765,1.77405064820591,1.76359089069921,-1.7455106087016,-1.76328617022956,-0.0365413612019143,0.0104597575067029,-0.0368460816715619
0.0771838165379677,0.0183304338259133,0.000311231533127776,-0.161684915628507,-0.161996147161635,-0.11444738823999,-0.124982620373724,0.143313054199637,0.125293851906851,-0.0367022952547836,0.0105352321337338,-0.0370135267879114
0.0777115682788326,0.0185687774742598,0.000317528542208907,2.60365444743223,2.60333691889002,2.65098974273698,2.64038247494411,-2.62181369746985,-2.6400649464019,-0.0367280275118755,0.0106072677928704,-0.0370455560540845
0.07820300141263,0.0187914353894995,0.000323464777554211,2.5952926520737,2.59496918729614,2.64247386126014,2.63179951512915,-2.61300807973965,-2.6314760503516,-0.0365068630554575,0.0106743461309859,-0.0368303278330115
0.0786397274552314,0.0189899821618199,0.000328798997393733,2.64756283401673,2.64723403501934,2.69530956317491,2.68457560596943,-2.66558562380761,-2.68424680697203,-0.0370127719526963,0.0107339572054834,-0.0373415709500899
0.0790298761764889,0.0191683251712277,0.000333611441910539,1.22386715366215,1.22353354222024,1.27171110286886,1.26092389217671,-1.24175556700548,-1.2605902807348,-0.0370567385145526,0.0107872106921532,-0.0373903499564632
0.0794200248977464,0.0193483471522043,0.000338468579343525,2.13739799538291,2.13705952680356,2.18598756802561,2.17514710384679,-2.15579875669458,-2.17480863526744,-0.0377491084638804,0.0108404641788229,-0.0380875770432239
0.0798453688490437,0.0195468767774333,0.000343815457553275,3.40053615741461,3.40019234195705,3.44947166613079,3.43857314448002,-3.41902626770259,-3.43822932902247,-0.0380369870654156,0.0108985216507724,-0.038380802522969
0.0803380589898556,0.0197775944998194,0.000350076659628797,1.98581840920176,1.98546833254213,2.03467189005895,2.02370611849445,-2.00392852399463,-2.02335604183482,-0.0378877092926941,0.0109657715645013,-0.0382377859523229
0.0808395694101413,0.0200136554739936,0.000356524757882361,1.83115249982697,1.83079597506909,1.88063503084953,1.86960080544416,-1.84958714997016,-1.86924428068627,-0.0384483056171876,0.0110342254053735,-0.0388048303750699
0.0817030795236549,0.0204250675044851,0.000367806107397525,2.0258770226905,2.02550921658311,2.07563693218433,2.06448484166287,-2.04405977415839,-2.06411703555548,-0.0386078189723706,0.0111520905214526,-0.0389756250797682
0.0824302861434155,0.0207730735471038,0.000377483403122102,0.463307529541002,0.46293004613788,0.513370458542929,0.502119107698626,-0.481346034151522,-0.501741624295504,-0.0388115781576241,0.0112513508443028,-0.0391890615607462
0.0831207924663325,0.0211064140538571,0.000386822696768208,3.73707920514403,3.73669238244727,3.78769390726774,3.77634830552049,-3.75524189146663,-3.77596148282372,-0.0392691003764538,0.0113456017472515,-0.0396559230732221
0.083709916068558,0.021392681010994,0.000394907594714176,0.413110845227997,0.412715937633282,0.46378514746237,0.452359133082221,-0.430966452071227,-0.451964225487507,-0.0392482878542242,0.0114260143801494,-0.0396431954489384
0.0842347236094074,0.0216481119493006,0.000402200712005659,0.000358237129323818,-4.39635826818413e-05,0.0510293938895901,0.0395317457199188,-0.0178836337706182,-0.0391295450079131,-0.039173508590595,0.0114976481696713,-0.0395757093026006
0.0846781820019783,0.0218643990906718,0.000408430135107172,0.539566236439692,0.539157806304585,0.590721786812761,0.57916360863412,-0.557299209543448,-0.578755178499013,-0.0395973721944276,0.0115581781786414,-0.0400058023295348
0.0852559369984039,0.0221478524444489,0.000416638366030757,1.11632350517262,1.11590686680659,1.16754459794728,1.15590755889758,-1.13375970645314,-1.15549092053155,-0.0395840537249632,0.0116370390496994,-0.0400006920909939
0.0857685885479931,0.0224000681897667,0.000424009333146198,2.16412741991383,2.16370341058068,2.21591942934974,2.20421241574682,-2.18181234755705,-2.20378840641367,-0.0400849958329861,0.0117070136029271,-0.0405090051661321
0.0861789365407533,0.0226041481923917,0.000429969189786013,1.17177046710988,1.1713404979201,1.22378403547774,1.21202101128149,-1.1894168630891,-1.21159104209171,-0.0402505441716083,0.0117630241962514,-0.0406805133613943
0.0866973001172297,0.0228633640364181,0.000437574474141776,0.599908486234199,0.599470911760058,0.652519471869942,0.640685693455347,-0.617822329418929,-0.640248118981206,-0.0407772072211481,0.0118337784145942,-0.0412147816952898
0.0873978325755726,0.0232184237933855,0.000447989915952825,1.77662191310533,1.77617392318938,1.82957288653936,1.81764348870095,-1.79442506490756,-1.81719549878499,-0.0410215755956165,0.0119293978384176,-0.0414695655115693
0.0879730858205718,0.0235106304123047,0.000456661641745751,1.48662234097717,1.48616567933542,1.53990181857193,1.5278939013399,-1.50438327092759,-1.52743723969815,-0.0412715603627298,0.0120079172320364,-0.0417282220044757
0.088713734345881,0.0238877819745389,0.000467984980841736,0.497413384286093,0.496945399305251,0.550576108794027,0.538467096481524,-0.514579314506985,-0.537999111500682,-0.0410537121954306,0.0121090123125033,-0.0415216971762724
0.0893663901039161,0.0242214259989998,0.000478110921689272,1.73556361008058,1.73508549915889,1.78910145298222,1.77690335619291,-1.75268193019391,-1.77642524527122,-0.0413397461123295,0.0121980967893112,-0.0418178570340189
0.0900273811544136,0.0245607386604623,0.000488508133308868,0.226255258921575,0.225766750788266,0.279891497849369,0.267603178854579,-0.243042440194116,-0.26711467072127,-0.0413479199330039,0.0122883189947898,-0.0418364280663128
0.0906978442982848,0.0249076010094354,0.000499200805304449,-0.0458933647738117,-0.0463925655791162,0.00870578964778764,-0.00367404444919095,0.0285816454586263,0.0041732452544954,-0.0422193203246208,0.0123798340969786,-0.0427185211299252
0.0912954495289583,0.0252217841467637,0.000508857563170957,1.4241347261751,1.42362586861193,1.47932318728704,1.46686178285431,-1.44163999870754,-1.46635292529114,-0.0427270566792068,0.0124614044327287,-0.0432359142423777
0.0919886537475925,0.0255885091923143,0.000520209718803803,-0.348186249908777,-0.348706459627581,-0.292861571890551,-0.305417595476451,0.331006104668766,0.305937805195255,-0.042768654432326,0.0125560235859006,-0.0432888641511298
0.0927199678179537,0.025976003589978,0.000532361799114595,0.754603757846536,0.754071396047421,0.810027752518819,0.797371907962157,-0.771395904372179,-0.796839546163042,-0.0427681501156206,0.0126558445566624,-0.0433005119147353
0.0934228024805325,0.0263508404674842,0.000544211188276747,-0.162027778670693,-0.16257198985897,-0.106145936113378,-0.118897714334039,0.145248554801523,0.119441925522316,-0.0431300643366546,0.0127517782206612,-0.0436742755249313
0.0940268667305442,0.026675968421059,0.000554530053250198,0.783654453759938,0.783099923706688,0.840152274429019,0.827318044246496,-0.800642075825437,-0.826763514193246,-0.0436635904865581,0.0128342301825234,-0.0442181205398083
0.094640772171217,0.0270103581004566,0.000565146008428738,1.49965413991122,1.49908899390279,1.55684320332313,1.54392517790197,-1.51691481980151,-1.54336003189354,-0.0442710379907498,0.0129180254211596,-0.0448361839991787
0.095141656383108,0.0272852888530596,0.000573904812357476,0.731668134024491,0.731094229212133,0.789060480699451,0.776074086911954,-0.748788798058894,-0.775500182099596,-0.044405952887463,0.0129863937874971,-0.0449798576998205
0.0956519823705108,0.0275669382480017,0.000582919129571785,1.67764841556316,1.67706549643359,1.73573893318816,1.72268288227586,-1.69511594402786,-1.72209996314629,-0.0450344667127009,0.0130560509122977,-0.0456173858422728
0.0960937203305905,0.027814619577613,0.000590796358609378,2.04839565326856,2.04780485690995,2.1074102532258,2.09429390713557,-2.06647928755796,-2.09370311077696,-0.0458982538670076,0.0131163460902308,-0.0464890502256172
0.0964826063116365,0.0280348527203052,0.000597789160756352,0.763143632321679,0.762545843160923,0.822073355752148,0.808903928533416,-0.780869075813111,-0.80830613937266,-0.0457602962117368,0.0131694272187322,-0.0463580853724932
0.0968642694054054,0.0282512490938518,0.000604705127667088,1.6047293832302,1.60412467810253,1.66397629888489,1.65075477642819,-1.62250352733434,-1.65015007130053,-0.0460253931979993,0.0132215224566989,-0.0466300983256664
0.0973014227789899,0.028499576241444,0.000612691333666483,-0.0139042311659383,-0.0145169224996048,0.0453927842545359,0.0321115923946468,-0.00361201615320281,-0.0314989010609803,-0.0460158235605851,0.0132811918598891,-0.0466285148942516
0.0978208830234145,0.0287958068370386,0.000622271180764239,1.17390434421817,1.17328207303741,1.23345190930416,1.22009981353586,-1.19130400669882,-1.21947754235509,-0.0461954693176825,0.0133520957683084,-0.0468177404984467
0.0982950701725857,0.0290667302839661,0.000631101729222848,0.288994338369286,0.288363236640063,0.348763937269323,0.335347117159625,-0.306280386875659,-0.334716015430403,-0.0463527787903393,0.0134168201096979,-0.0469838805195622
0.0988086365174722,0.0293634483721653,0.000640758301129111,1.89080369682385,1.89016293852273,1.95127439475217,1.93778747522394,-1.90842402685178,-1.93714671692281,-0.0469837784000882,0.0134869195282308,-0.0476245367012174
0.09942860149829,0.0297255196277389,0.000652545371106717,1.07364799977079,1.07299545439969,1.13517347684938,1.12160193498345,-1.09187641535571,-1.12094938961235,-0.0479539352126597,0.0135715418659261,-0.0486064805837665
0.1,0.0300648865134477,0.000663536660961815,1.08306222024129,1.08239868358033,1.14566314193749,1.13201360683248,-1.10194872031904,-1.13135007017152,-0.048951386591193,0.0136495351050065,-0.0496149232521548
0.100496486965567,0.0303626618935607,0.000673187820622595,0.948405474932058,0.947732287111435,1.01110535517504,0.997414768587317,-0.967052106693757,-0.996741580766695,-0.0490092936552597,0.0136905865877214,-0.0496824814758824
0.101177905053375,0.0307734668153851,0.000686587427988129,1.54477128742278,1.54408469999479,1.60775905643864,1.59401212754026,-1.56323866072487,-1.59332554011227,-0.0492408401174769,0.0137469288983827,-0.0499274275454651
0.1018029731364,0.0311517169107364,0.000699035897720499,2.02688920885921,2.02619017296149,2.09018559644795,2.07638698447754,-2.0452352675668,-2.07568794857982,-0.0494977756183221,0.0137986119704179,-0.0501968115160425
0.102439401861177,0.0315400106588233,0.000711865750023768,2.38826313255866,2.38755126680864,2.45212570025659,2.43827446587188,-2.40673445521306,-2.43756260012186,-0.0500113333132188,0.0138512343847133,-0.0507231990632424
0.102991233729001,0.0318789737083406,0.000723117961095321,1.39202233077386,1.39129921281276,1.45605802909737,1.44216116709712,-1.41028219338878,-1.44143804913603,-0.050138836323268,0.0138968620002493,-0.0508619542843634
0.103672873302441,0.0322982064945044,0.000737181382404536,1.08732111806897,1.08658393668656,1.1514827029027,1.13752948027849,-1.10523127378399,-1.13679229889608,-0.0502083622095226,0.0139532226242081,-0.0509455435919273
0.104358049050822,0.0327211799153489,0.000751501112891699,0.570533666530125,0.569782165417234,0.63506667062236,0.621056794989428,-0.588335615074079,-0.620305293876536,-0.0505231284593026,0.0140098756329314,-0.0512746295721943
0.105350163132016,0.033338565122319,0.000772563343818287,0.764570127370208,0.76379756402639,0.829939216406111,0.815847308903503,-0.782508743781184,-0.815074745559685,-0.0512771815332951,0.0140919075026076,-0.0520497448771133
0.106342277213209,0.0339597268221389,0.000794016676857307,3.40626350621491,3.40546948953806,3.47109034653899,3.45691640716671,-3.42295668034457,-3.45612239048985,-0.0506529009517958,0.0141739393722835,-0.0514469176286529
0.106980052617421,0.0343568995024189,0.000808013850640921,1.54769082939753,1.54688281554689,1.61245646656071,1.59822979342541,-1.56387289392299,-1.59742177957477,-0.0505389640278817,0.014226673135298,-0.0513469778785227
0.107617828021634,0.0347530656572639,0.000822171551146719,1.98689696131665,1.9860747897655,2.05177337394539,2.03749396704708,-2.00274090138982,-2.03667179549594,-0.0505970057304357,0.0142794068983125,-0.0514191772815824
0.108320072405978,0.0351927798401351,0.000837946323901141,1.37667015920948,1.37583221288558,1.44261204359923,1.42827457239066,-1.39308179255052,-1.42743662606676,-0.0516044131811766,0.014337471208566,-0.0524423595050778
0.108911665091442,0.035568348591124,0.000851388579139525,1.13176484016466,1.13091345158552,1.1981474449252,1.1837610585213,-1.14819270993018,-1.18290966994216,-0.0519962183566416,0.0143863864039,-0.0528476069357811
0.109508796540748,0.0359492139412463,0.000865100005742072,1.66785862599937,1.66699352599362,1.73451536373534,1.72007960416946,-1.68413039022821,-1.71921450416372,-0.0522209781700953,0.0144357595658757,-0.0530860781758373
0.110069213832881,0.0363077276915673,0.000878099830986874,1.26515316066632,1.26427506083533,1.33167100595186,1.31718890889401,-1.28088118120245,-1.31631080906303,-0.052035748227693,0.0144820970578474,-0.0529138480586799
0.110610812775291,0.0366537059426351,0.00089078404874196,2.21139815554585,2.21050737149711,2.27795439092807,2.26342751235296,-2.22677380641032,-2.26253672830421,-0.0520293568071066,0.0145268785751171,-0.0529201408558486
0.111098469564131,0.0369665329734469,0.000902306695840794,1.40953905962796,1.40863675293212,1.47667186098727,1.46210466104296,-1.42513812806951,-1.46120235434712,-0.0525656014149949,0.0145671999443096,-0.0534679081108358
0.111653228069811,0.0373251317216976,0.000915532893106385,0.93622362119245,0.935308088299343,1.00374219625343,0.98912912670773,-0.951803994986032,-0.988213593814623,-0.0529055055152802,0.0146130695457014,-0.0538210384083866
0.112493809677969,0.0378743695757979,0.000935814987794309,1.05152120161931,1.05058538663151,1.11998674382678,1.1053041717085,-1.0674298021327,-1.1043683567207,-0.0537829700891896,0.0146825721182782,-0.0547187850769839
0.113445073832724,0.0385027912573105,0.000959122726207411,-1.20569947631753,-1.20665859904374,-1.13660032435076,-1.15136155070715,1.18986434196446,1.15232067343336,-0.0543379256103826,0.0147612263563841,-0.05529704833659
0.114425776522462,0.0391574854098079,0.000983550192384516,0.247412306274977,0.246428756082593,0.317196438908662,0.302354124221046,-0.263196638811238,-0.301370574028661,-0.0549418179460684,0.0148423146876158,-0.0559253681384529
0.115257829089118,0.039714909056057,0.00100459468791251,1.90859439803014,1.90758980334223,1.97889194993206,1.96398083788636,-1.9242659288303,-1.96297624319844,-0.0553864398562165,0.0149111120457075,-0.056391034544129
0.115937277191142,0.0401751830193778,0.00102199832601478,0.251794344155283,0.250772345829269,0.322442784353119,0.307475492882874,-0.267300309863496,-0.306453494556859,-0.0556811487275907,0.0149672914702448,-0.0567031470536055
0.116576798871521,0.0406101370988056,0.001038560483548,1.6371222824122,1.63608372192865,1.70818955882238,1.69316938920018,-1.65255925210138,-1.69213082871664,-0.0560471067879817,0.0150201696221977,-0.0570856672715299
0.117139641467,0.0409941961975722,0.0010532826921708,2.027249009599,2.02619572690682,2.09860617924265,2.08353947159492,-2.04254527539735,-2.08248618890275,-0.056290461995923,0.0150667076477289,-0.0573437446880938
0.117777732973172,0.0414342423755449,0.00107013941781434,0.227923850053693,0.226853710635879,0.300001140931007,0.284881673383718,-0.243447431008173,-0.283811533965904,-0.0569578233300251,0.0151194675472888,-0.0580279627478394
0.118503848166047,0.0419399978010875,0.00108953867999225,1.01118380761219,1.0100942689322,1.08419176021691,1.06901225462763,-1.02707225682654,-1.06792271594764,-0.0578284470154367,0.0151795055892849,-0.0589179856954289
0.119258727373529,0.0424685548005982,0.00110995374364255,1.50377448380577,1.50266453006213,1.57679875783035,1.56155683587792,-1.51908828107732,-1.56044688213428,-0.0577823520721474,0.0152419219524262,-0.05889230581579
0.1199005704024,0.0429204545970458,0.00112751062721191,1.08979726070409,1.08866975007688,1.16358125093045,1.1482862588879,-1.10536580429086,-1.14715874826069,-0.0584889981838173,0.0152949920425449,-0.0596165088110292
0.12048774985271,0.0433376300760043,0.00114373368293764,0.0392982107207819,0.0381544770378442,0.113318336716464,0.0979747943821155,-0.0546371643061113,-0.0968310606991779,-0.0586765836613337,0.0153435423343483,-0.0598203173442713
0.12136473580747,0.0439632367440701,0.00116825254048181,1.77596320027526,1.77479494773478,1.85065868892043,1.83524263395985,-1.79127939721578,-1.83407438141937,-0.0592794336845917,0.0154160549605797,-0.0604476862250736
0.12213581472922,0.0445195599277644,0.0011900986083042,0.169698239263047,0.168508140654743,0.245058061131781,0.229578250352371,-0.185058690424607,-0.228388151744067,-0.0598800110893243,0.0154798107794096,-0.0610701096976285
0.12294589240257,0.0451080246941493,0.00121334267138048,0.650704795042559,0.649491452371178,0.726635857384077,0.711089066216638,-0.665981041522489,-0.709875723545258,-0.0603842711740797,0.015546791167439,-0.0615976138454603
0.123745285113482,0.045693041812484,0.00123657659007686,0.633733349946639,0.632496773356562,0.709906212501475,0.694293324420461,-0.648600282607977,-0.693056747830384,-0.0605599744738221,0.0156128880810142,-0.0617965510638989
0.124407845315643,0.0461801492414742,0.00125605784331733,-0.143837089350558,-0.145093147193875,-0.0669594785612489,-0.0826271497092375,0.128807298950712,0.0838832075525548,-0.0612099396413202,0.0156676711479886,-0.0624659974846375
0.126647094398945,0.0478542003608012,0.00132342297438194,2.32867300266555,2.32734957969117,2.40704384964753,2.39119102863376,-2.34333682827296,-2.38986760565938,-0.0625180259682083,0.0158528210137709,-0.0638414489425903
0.128146453834534,0.0489947391656882,0.00136986254474496,0.821318088462645,0.8199482259179,0.901224477089424,0.885247683177627,-0.836252944011939,-0.883877820632882,-0.0639295947149821,0.0159767939117967,-0.065299457259727
0.129645813270123,0.0501503060605691,0.00141739023674208,1.27298541295804,1.2715680227213,1.35289584678631,1.33679507997648,-1.28664477391591,-1.33537768973974,-0.0638096670184432,0.0161007668098225,-0.0652270572551852
0.13066168321008,0.0509341162800219,0.00145021263819383,2.29301133697575,2.29156112433756,2.37376486738621,2.35758010447947,-2.30664598819945,-2.35612989184128,-0.0645687675037152,0.0161847629067453,-0.0660189801419091
0.131677553150038,0.0517266504999533,0.00148353964377873,1.2945942853463,1.29311074570252,1.37644596867742,1.36017720967375,-1.3084505591738,-1.35869367002997,-0.0655829243274533,0.0162687590036683,-0.0670664639712319
0.132617412869553,0.0524691191097332,0.00151482783570182,0.966535261170566,0.965020433334864,1.04921567903475,1.03286920875626,-0.980400089646522,-1.03135438092055,-0.0663339475856897,0.016346470278497,-0.0678487754213914
0.133446941507191,0.0531301728033271,0.00154280997533374,2.23985543042916,2.23831262045382,2.32298750485998,2.30657244591171,-2.25344227310838,-2.30502963593638,-0.0667170154825536,0.0164150589482732,-0.0682598254578872
0.134329078918581,0.0538353929620275,0.00157294638732252,2.94576617369318,2.94419322730586,3.02931723421042,3.01282923669335,-2.95899384373132,-3.01125629030603,-0.0670630630001656,0.0164879975170722,-0.0686360093874883
0.135304215123948,0.0546238900831256,0.00160671829156669,0.752584163258009,0.750977444966443,0.836877813608845,0.820309188019224,-0.765685297936099,-0.818702469727658,-0.0677250247612151,0.0165686255896209,-0.0693317430527818
0.136093296939176,0.0552668940509814,0.00163440240062459,1.3657509444529,1.36411654205228,1.45060596344736,1.43397209348932,-1.37870519943834,-1.43233769108869,-0.0682211490364135,0.0166338699580435,-0.069855551437038
0.136955313020738,0.0559701518929647,0.0016650108001209,1.86593585120681,1.86427084040669,1.9509153136503,1.93421016883364,-1.87824001694068,-1.93254515803352,-0.0682743176268346,0.0167051448166526,-0.0699393284269554
0.137895791877786,0.0567375349193686,0.00169884067542316,2.0727565507635,2.07105771008807,2.15706189019705,2.14027898291286,-2.08354144799349,-2.13858014223743,-0.0675224321493624,0.0167829072841923,-0.0692212728247856
0.138881033491726,0.0575407960805522,0.00173476603708903,-0.798412747705922,-0.800147513743011,-0.712739340727755,-0.729603711639172,0.787144507719724,0.731338477676261,-0.0688090360667502,0.0168643709114166,-0.0705438021038391
0.139867351842865,0.0583607417243242,0.00177123383218214,1.19978523036479,1.19801399653261,1.28697196670327,1.27002604313579,-1.21166530141147,-1.26825480930361,-0.0702408127710015,0.0169459235674805,-0.0720120466031837
0.140517671797194,0.0589081912768333,0.00179555841701114,-0.134396694107072,-0.136192252524083,-0.0466295476529456,-0.0636292422158715,0.122537433492705,0.0654248006328827,-0.0707674518912001,0.016999694562926,-0.0725630103082112
0.141167991751523,0.0594588091982169,0.00182010758727138,0.950039362914863,0.948219255327591,1.03782992710607,1.0207764615477,-0.961317652349485,-1.01895635396043,-0.0707370986328392,0.0170534655583714,-0.0725572062201105
0.141971829761628,0.0601380283762053,0.00185076236809071,-0.368918446713306,-0.370769209081396,-0.28038589698679,-0.297505827013447,0.357643855389652,0.299356589381538,-0.0714126196998588,0.0171199300266575,-0.0732633820679495
0.14264442256873,0.0607132986579254,0.00187667705041854,0.536610052192858,0.534733375142439,0.626172541540868,0.60899699891225,-0.548283700254324,-0.607120321861831,-0.0723869467193923,0.0171755426286184,-0.0742636237698108
0.143207073149163,0.0611987633939965,0.00189854334920512,1.12153605892921,1.11963751558001,1.21132176279462,1.19409969801703,-1.13290093462303,-1.19220115466782,-0.0725636390878148,0.0172220647775951,-0.07446218243702
0.144292927088437,0.0621358362820394,0.00194122827886216,0.469794672875086,0.467853444596224,0.559450470578054,0.542138623152957,-0.480002786870918,-0.540197394874095,-0.0723439502778707,0.0173118474250974,-0.0742851785567329
0.145378781027711,0.0630754000901267,0.00198455274655624,1.39329043182641,1.39130587907985,1.48290579106308,1.46550416099048,-1.40242876090035,-1.46351960824392,-0.0722137291640665,0.0174016300725996,-0.0741982819106228
0.146275170553749,0.0638524146486932,0.00202080002901393,2.78953026135045,2.78750946132144,2.88008800883385,2.86261226177191,-2.79875984712322,-2.8605914617429,-0.0730820004214583,0.0174757470619387,-0.0751028004504724
0.147467705245783,0.0648932317768584,0.00206970313121058,0.743670724803759,0.741601021672548,0.833923669318843,0.816349318827827,-0.751456087050969,-0.814279615696617,-0.0726785940240687,0.0175743504910155,-0.0747482971552793
0.148982581990712,0.0662165966529937,0.00213294559737787,0.287537310089045,0.285404364491667,0.378324152757289,0.360624546336466,-0.294407949683472,-0.358491600739088,-0.0730872362474208,0.0176996064208234,-0.0752201818447987
0.15022816072177,0.0673043843490097,0.00218588681639172,0.237227417196007,0.235041530379615,0.328172775153087,0.31037017941473,-0.243065795065721,-0.308184292598339,-0.0731427622187234,0.0178025957383569,-0.0753286490351152
0.151270424845178,0.0682162262088925,0.00223083843084319,2.62541994446489,2.62318910603405,2.71654745388341,2.69865867967388,-2.63044245346499,-2.69642784124304,-0.0732387352089909,0.0178887742095228,-0.0754695736398343
0.152279218597641,0.0691051877432336,0.00227491439651079,1.35489470543016,1.35261979103365,1.44645681977001,1.4284846345504,-1.35937944680717,-1.42620972015389,-0.0735899291202435,0.017972185219608,-0.0758648435167544
0.153802673902778,0.070460868693562,0.00234254365663495,0.93528830895201,0.932945765295375,1.0288176012581,1.0107194507998,-0.940258582106239,-1.00837690714317,-0.0754311418477919,0.0180981504583011,-0.0777736855044269
0.155043257492043,0.0715830168818202,0.00239857738612499,2.86064027367691,2.85824169629079,2.9554424564144,2.93724172965641,-2.86565871277459,-2.93484315227029,-0.0766014559794987,0.0182007267579887,-0.0790000333656238
0.155908738849013,0.0723739158849712,0.00243818692403796,1.67396244812573,1.67152426120169,1.76874804878365,1.75047576064454,-1.67810184475957,-1.7480375737205,-0.0765133125188062,0.018272288139112,-0.0789514994428442
0.156774220205983,0.0731649461249203,0.00247822416634638,1.031032497644,1.02855427347765,1.12578570778783,1.10744185826759,-1.03427691214267,-1.10496363410125,-0.0764093606235967,0.0183438495202353,-0.0788875847899431
0.157564574298006,0.0738892607120495,0.00251515994519223,-0.634035324239066,-0.636550484184258,-0.539087551112502,-0.557496750197977,0.631386010910027,0.56001191014317,-0.0765385740410882,0.0184091990854756,-0.0790537339862805
0.158513858155148,0.0747602878988468,0.00255999566744581,2.33037169711641,2.32781170144896,2.42543369234423,2.4069460027594,-2.33218571486055,-2.40438600709195,-0.0765743056429868,0.0184876895848354,-0.0791343013104329
0.159479015351304,0.0756474664416702,0.00260611033579612,2.33853797443013,2.33593186409433,2.43420084957394,2.41563335702004,-2.33998589057837,-2.41302724668424,-0.0770953825899112,0.0185674925539017,-0.0797014929257074
0.160322499494661,0.0764279147143101,0.00264685015937239,0.439907356804149,0.437260506644777,0.535928917824078,0.517291682704645,-0.440863767990335,-0.514644832545273,-0.0773843259004965,0.0186372351194327,-0.0800311760598689
0.161156393843494,0.0772027265451745,0.00268753104184296,-0.0569255671243124,-0.0596130981661554,0.0397765045698369,0.021070319806564,0.0561324067386104,-0.0183827887647211,-0.0779958869308765,0.0187061847632728,-0.0806834179727194
0.16207795707465,0.0780640930257346,0.00273295889222315,0.81192299595686,0.809190037064637,0.90886403317095,0.890081649958014,-0.812017556932279,-0.887348691065791,-0.0781586540011533,0.0187823832129366,-0.0808916128933764
0.162999520305806,0.0789287978389549,0.002778882252081,1.43924070683824,1.43646182458616,1.53659614864274,1.51773756698014,-1.43880876914118,-1.51495868472806,-0.0784968601418934,0.0188585816626001,-0.0812757423939743
0.163596045330863,0.0794906075278886,0.00280887333386802,-0.200348875913781,-0.203157749247649,-0.102368193877819,-0.121276098560868,0.200766706088756,0.124084971894736,-0.0790727773529127,0.0189079046830487,-0.0818816506867807
0.16419257035592,0.0800552426653823,0.0028390737573856,0.188857884974205,0.186018811216819,0.286986191857951,0.268028964154453,-0.187973721489071,-0.265189890397068,-0.0791710791802485,0.0189572277034972,-0.0820101529376341
0.16498006060888,0.0808013126498687,0.00287926356760745,2.03462443199145,2.03174516842385,2.13276722664449,2.11374488616916,-2.03294357351929,-2.11086562260155,-0.0791204541777093,0.0190223404753311,-0.0819997177453167
0.16576755086184,0.0815502177817705,0.00291981951799521,1.30572194653619,1.3028021270182,1.40479553965278,1.38570808640561,-1.30415786862384,-1.38278826688762,-0.0799861398694193,0.0190874532471652,-0.0829059593874144
0.166423075747014,0.0821783997906912,0.00295386018992659,-0.23559963460829,-0.238553494798216,-0.136160501312689,-0.155302155919324,0.237480555710015,0.158256016109251,-0.0802974786889658,0.0191416546066351,-0.0832513388788924
0.167900404096114,0.0836010586157168,0.00303151744182368,0.921849577116716,0.918818059674892,1.02269299893434,1.00342919304601,-0.919828134430295,-1.00039767560419,-0.0815796159292961,0.0192638058883268,-0.0846111333711198
0.169122923294064,0.0847920833455011,0.00309677501038574,0.291060409471477,0.287963634461091,0.392180228105222,0.372815339551681,-0.28802325620618,-0.369718564541296,-0.0817549300802045,0.0193648885535402,-0.0848517050905903
0.170461625038639,0.0861031995566647,0.0031692747698027,1.01806017929453,1.01489090452473,1.1201004243096,1.10062484666381,-1.01452164710715,-1.09745557189401,-0.0825646673692801,0.0194755776457805,-0.0857339421390828
0.171731442507935,0.0873558400610883,0.00323905644448116,-0.561622484004198,-0.56486154044868,-0.459617020709797,-0.47919759182672,0.566553431887808,0.482436648271201,-0.0824248921774782,0.0195805711169228,-0.0856639486219594
0.172742214161011,0.0883530995638208,0.00329530890302479,2.30881945260425,2.30552414370122,2.41050730276513,2.39084315709757,-2.30249005753375,-2.38754784819454,-0.0820237044933192,0.0196641456675608,-0.0853190133963442
0.173752985814087,0.0893508052101086,0.00335218628222378,2.53863297472935,2.53528078844712,2.64166216805938,2.62191444784118,-2.53256364263107,-2.61856226155896,-0.0832814731118336,0.019747720218199,-0.0866336593940575
0.17458350916496,0.0901784643945136,0.00339939160037277,1.78638644949615,1.78298705789577,1.88954360823824,1.86972721710349,-1.77954875270898,-1.86632782550312,-0.0833407676073421,0.0198163911347529,-0.0867401592077148
0.175401655134378,0.0909952958762805,0.00344631054227044,1.02606264148429,1.02261633094202,1.12988359846119,1.10999955982015,-1.01900426394387,-1.10655324927788,-0.0839369183358645,0.0198840386410342,-0.0873832288781349
0.176290218789333,0.0918897493336597,0.00349773926224904,-0.366685676150096,-0.370183415412345,-0.262299187357726,-0.282256695914492,0.374146445248152,0.285754435176741,-0.0844289802356037,0.0199575085567665,-0.0879267194978527
0.177735067526577,0.0933549651731477,0.00358242145840213,0.929786479827488,0.926204058369086,1.03473567070177,1.01465869640456,-0.921303731231411,-1.01107627494616,-0.0848722165770711,0.0200769742972111,-0.0884546380354733
0.17896557055276,0.0946169492065595,0.00365557969598349,0.0247763566237505,0.0211207769277671,0.131830719040425,0.11165200194388,-0.0170350527373203,-0.107996422247896,-0.0868756453201293,0.0201787170965456,-0.0905312250161128
0.18013492490604,0.0958255030662424,0.00372599958941412,0.568553565125255,0.564827565535841,0.675328691034783,0.655053287150164,-0.559227784083922,-0.65132728756075,-0.0864997220249086,0.0202754038846195,-0.0902257216143227
0.181200576168877,0.0969257123979689,0.00379093564538871,4.04041604059048,4.03662510494509,4.14801811961525,4.12765460351937,-4.0307288911214,-4.12386366787398,-0.087238562928893,0.0203635160958768,-0.0910294985742821
0.182078702937092,0.097839141325909,0.00384499246245189,0.194960687578566,0.191115695116114,0.302306910155504,0.281870787106481,-0.184031645780572,-0.278025794644029,-0.0869100995279151,0.0204361230490231,-0.090755091990367
0.182944801673591,0.0987372476492455,0.00389879428168245,2.01495382915472,2.01105503487304,2.12207428466854,2.10156654919104,-2.0028293015418,-2.09766775490936,-0.0866127200363196,0.0205077354774987,-0.0905115143180022
0.183982108096241,0.0998124242022872,0.00396386391308133,0.222839158752283,0.218875294839202,0.330462902020153,0.309869397993564,-0.210056973791276,-0.305905534080482,-0.0870302392412803,0.02059350402659,-0.0909941031543616
0.184941036736503,0.10081121015712,0.00402463173594589,0.807136652802947,0.803112021067001,0.914581941548091,0.893909149553778,-0.793097939396659,-0.889884517817832,-0.0867724967508317,0.0206727919943124,-0.0907971284867776
0.185968961081357,0.101879478883822,0.00409042802048219,1.7813579978902,1.77726756986972,1.88877543959656,1.86801765480001,-1.76613817591619,-1.86392722677953,-0.0866596569098148,0.0207577847965439,-0.0907500849302969
0.186981479426588,0.102935094285364,0.00415590159480691,2.42392217412341,2.41976627252861,2.53190320293443,2.51106169916392,-2.40812660487855,-2.50690579756911,-0.0871395250405014,0.0208415037705159,-0.0912954266353081
0.188051963924027,0.104059083421872,0.00422584303493134,-0.686502179591008,-0.690728022625939,-0.577456262577505,-0.598386278190004,0.702445361611876,0.602612121224935,-0.0881159014010038,0.0209300156124992,-0.0923417444359351
0.189243420595364,0.105321002965528,0.00430456500166175,0.88477303686777,0.880468471866108,0.995169584494578,0.974141054587966,-0.868820051622438,-0.969836489586305,-0.0893680177201963,0.0210285299066117,-0.0936725827218581
0.190405747004961,0.106563303719077,0.00438226101073052,0.260487361435869,0.256105100425139,0.370878512986958,0.349753877390123,-0.243190573671046,-0.345371616379392,-0.0892665159542538,0.0211246355968347,-0.0936487769649843
0.191471543792053,0.107706262915167,0.00445428766971752,0.283367261611555,0.278912973941837,0.39481046186038,0.373597702019774,-0.265891439104607,-0.369143414350057,-0.0902304404082196,0.0212127598406059,-0.0946847280779372
0.192589372593096,0.108920989548583,0.00453064242360008,0.480208079951698,0.475677437528097,0.593513331189366,0.572208144894721,-0.463287155346137,-0.567677502471121,-0.0920000649430232,0.0213051862946454,-0.0965307073666233
0.193518963073028,0.109944077477281,0.00459478125265085,0.93491767958051,0.930322898327859,1.04907721437144,1.02769516590283,-0.917751088425548,-1.02310038465018,-0.0927774863223189,0.0213820484686105,-0.0973722675749698
0.19444855355296,0.110972946385079,0.00465950836087658,-0.0794032196259837,-0.0840627279868603,0.0354188670910959,0.0139599564485203,0.0970129899365592,-0.00930044808764375,-0.093363176074504,0.0214589106425756,-0.0980226844353806
0.195383303078325,0.112009731598756,0.00472519046403325,1.7362777176699,1.73155252720587,1.85033320618074,1.82879700679416,-1.7167872751954,-1.82407181633013,-0.0925192891242552,0.0215361993865799,-0.0972444795882885
0.196213052510954,0.112927235519289,0.00478399357519813,0.272801579264619,0.268017585689421,0.386996895243482,0.365392088930933,-0.252464853411645,-0.360608095355735,-0.0925905096663145,0.0216048063125489,-0.0973745032415127
0.197096073771142,0.113904034736294,0.00484708706632422,-0.00874603325380292,-0.0135931203201271,0.10507808290278,0.0834002649413597,0.0305037697949348,-0.0785531778750354,-0.0921462981951626,0.0216778179614208,-0.0969933852614868
0.197944274846916,0.11484238821748,0.00490819178279153,0.899767269880336,0.894859078097545,1.01452638078005,0.992778430238689,-0.877936042021209,-0.987870238455898,-0.0930111603583532,0.0217479505413589,-0.0979193521411448
0.199120274727274,0.11615364405263,0.00499372491762313,0.873147917797522,0.868154192879898,0.988358791253423,0.966513604445839,-0.850359960393209,-0.961519879528216,-0.0933656866483172,0.021845186807584,-0.0983594115659404
0.2,0.117138374456316,0.00505833030032003,-0.198511933580222,-0.203570263880542,-0.0826223300801732,-0.104540256011504,0.22167863046782,0.109598586311824,-0.0939716775687178,0.0219179259313309,-0.0990300078690378
0.200837587885715,0.118081884208069,0.00512033752789971,1.24049443395917,1.23537409643127,1.35742384489906,1.33548287858721,-1.21740099437915,-1.33036254105931,-0.094988444628044,0.0219409663118468,-0.100108782155944
0.201640941685553,0.118991232782882,0.00518026829515727,0.540446865165257,0.5352665968701,0.657123598713178,0.635160533732579,-0.516169300949697,-0.629980265437422,-0.0947136685673221,0.0219630649805989,-0.0998939368624794
0.202517042975029,0.119983803605621,0.00524613768668369,1.2361868379484,1.23094070026171,1.35349160015448,1.33150443536606,-1.21152063176044,-1.32625829767938,-0.0953175974176628,0.0219871647884211,-0.100563735104346
0.203317327062017,0.120895031785594,0.00530677463981045,0.2520082238818,0.246701449241989,0.370080102530225,0.34807092351476,-0.227175891729166,-0.34276414887495,-0.0960626996329607,0.0220091790154645,-0.101369474272771
0.204026785720735,0.121708102290909,0.00536090552672368,-0.967942893246412,-0.973303798773136,-0.849387950712203,-0.871416645527425,0.993124747818334,0.876777551054149,-0.0965262477189867,0.0220286948152223,-0.10188715324571
0.204881574882726,0.122689086983857,0.00542659604668184,0.0139916278629003,0.00856503181621847,0.1320777589215,0.110025550552788,0.0126635364310695,-0.104598954506106,-0.0960339226898875,0.022052208368712,-0.101460518736569
0.205614416018494,0.123529131810604,0.00548332413339047,1.68883180112082,1.68334847698743,1.80738665943282,1.78531429205881,-1.6617851602482,-1.77983096792542,-0.0964824909379909,0.0220723673740102,-0.101965815071381
0.20641233991309,0.124450653451227,0.00554552097522437,0.768818331148302,0.763272810173078,0.888777670917435,0.86668335424059,-0.742232700789363,-0.861137833265366,-0.097865023092288,0.0220943166768448,-0.103410544067512
0.207167456865424,0.125328184805307,0.00560479827912088,0.772486039468111,0.76688124118899,0.892444320662075,0.870329232216426,-0.745001047411119,-0.864724433937305,-0.0978431927483145,0.0221150884456496,-0.103447991027435
0.208057560694423,0.126365434677463,0.0056751948264387,-0.66683094350204,-0.672506138328479,-0.546756518271608,-0.568896091707154,0.695261526384617,0.574571286533593,-0.0979348517948859,0.0221395734355456,-0.103610046621325
0.208900314948628,0.127348897999058,0.00574236848885932,2.69825370330396,2.69251133481511,2.81897533808029,2.79681258214768,-2.66946368414862,-2.79107021365882,-0.0985588788437148,0.0221627559326056,-0.104301247332574
0.210017744313008,0.128664517381804,0.00583222280931989,0.769511096101942,0.763678873292623,0.891164141196717,0.868970646999872,-0.740306129618068,-0.863138424190552,-0.0994595508979293,0.0221934941968452,-0.105291773707249
0.211376275094579,0.130270662717666,0.00594268130615534,1.49781991614543,1.49187723483927,1.61964333794849,1.59741247326589,-1.46714181054823,-1.59146979195974,-0.0995925571204643,0.0222308646825982,-0.10553523842662
0.212597313647809,0.131715591103452,0.00604310196208196,1.21959294462293,1.21354984266085,1.34113372797975,1.31886927494974,-1.18715368384629,-1.31282617298766,-0.0992763303268089,0.0222644530300071,-0.105319432288891
0.213634699116027,0.1329425308803,0.00612926606458775,-0.804922428288006,-0.811051694352594,-0.682252662720487,-0.704545652166,0.8374881830463,0.710674918230588,-0.100376776122006,0.0222929894455129,-0.106506042186594
0.214492689180098,0.133964050235569,0.00620112023366533,0.96758442576189,0.961383305528224,1.09005339012027,1.0677367990708,-0.933772748835231,-1.06153567883714,-0.100152373308911,0.0223165910494667,-0.106353493542576
0.21527174566474,0.134893108726935,0.00626682842039713,1.72520552170477,1.71893869328437,1.84816282649316,1.82582480514586,-1.69093169641892,-1.81955797672546,-0.100619283441089,0.0223380213472963,-0.106886111861486
0.216268205501911,0.136084353472755,0.00635151889226541,1.25052112302112,1.24416960412885,1.37365784146036,1.35129240948045,-1.2152080560077,-1.34494089058819,-0.100771286459337,0.0223654319799103,-0.107122805351602
0.217211682802845,0.137211054253817,0.00643237468341264,1.28291514247556,1.27648276779214,1.40586850013412,1.38347711496602,-1.2462660607122,-1.37704474028261,-0.100561972490462,0.0223913851680979,-0.106994347173874
0.219123393187611,0.139490257465008,0.00659819500032493,0.570351761024257,0.563753566023933,0.693464121196367,0.671020148669435,-0.531529891204426,-0.66442195366911,-0.100668387645177,0.022443972526932,-0.107266582645502
0.220778912032636,0.141480501489717,0.00674394621081133,-0.0461881085327898,-0.0529320547436012,0.0783026445022144,0.0558131319372863,0.0856673695524305,-0.049069185726475,-0.102001240470076,0.0224895125649281,-0.108745186680887
0.222621236479985,0.143716096398348,0.00690851676478692,1.20573442826855,1.19882591150377,1.33177255045066,1.30923235919634,-1.16551626279799,-1.30232384243155,-0.103497930927786,0.0225401912543224,-0.110406447692573
0.224182294769312,0.145638024291529,0.00704994053900606,0.426822246136098,0.419772305597092,0.554190189435271,0.53160705656538,-0.385969032273851,-0.524557116026374,-0.104784810429282,0.0225831328698913,-0.111834750968288
0.226579251680944,0.148613930040706,0.00727066684396446,1.34019135138096,1.332920684537,1.46927547327636,1.44662640487867,-1.29801247483796,-1.4393557380347,-0.106435053497704,0.0226490683976921,-0.113705720341668
0.228789357455558,0.151391451786188,0.00747806064195137,1.97250485172384,1.96502679108189,2.1027049272252,2.07999506320368,-1.92860361141749,-2.07251700256173,-0.107490211479838,0.0227098640215253,-0.114968272121789
0.229738295296358,0.152595570858832,0.00756825871601415,1.44705603441923,1.43948777570322,1.57779610659163,1.5550601391733,-1.40246456831447,-1.54749188045729,-0.108004104754073,0.0227359674183283,-0.115572363470087
0.230687233137158,0.153801736757395,0.00765915286348789,1.00578221155175,0.998123058688267,1.13668470777522,1.11392263696009,-0.960120900202695,-1.1062634840966,-0.108140425408335,0.0227620708151308,-0.115799578271823
0.231912981312507,0.15536361357118,0.00777759286150715,-0.109444999172643,-0.11722259203415,0.0222799257651454,-0.000515862949752588,0.155879476520932,0.00829345581125974,-0.10892913622289,0.022795788714898,-0.116706729084398
0.233141555090317,0.156946577849922,0.00789748005926975,1.80643697831444,1.79853949825517,1.93925687783765,1.91642729349627,-1.75948071564635,-1.908529813437,-0.109990315181828,0.0228295843413813,-0.117887795241098
0.234470152736003,0.158664354367524,0.0080284614034083,0.243187407976544,0.235158946573136,0.376443706162416,0.353577574736447,-0.194913220368923,-0.345549113333039,-0.110390166759903,0.0228661314259692,-0.118418628163311
0.235903275354316,0.16053086236014,0.00817130722307009,0.484395519066905,0.476224211843835,0.6187771475889,0.595871593803779,-0.435340731443639,-0.587700286580708,-0.111476074736874,0.022905553785121,-0.119647381959944
0.237494738113187,0.16261648697724,0.0083318475134082,1.09458895512427,1.08625710761086,1.22922312512963,1.20627379336232,-1.04365730638508,-1.19794194584891,-0.111684838238048,0.0229493317673084,-0.120016685751456
0.239324472063698,0.165021779572668,0.0085189164088099,1.08638650343182,1.07786758702301,1.22176139293968,1.19876172882256,-1.0337399492499,-1.19024281241375,-0.112375225390744,0.0229996641171208,-0.120894141799554
0.240590755075475,0.16669148284371,0.00864994413740571,0.533490157040317,0.524840212902911,0.669262713816464,0.646228216766668,-0.479536733922958,-0.637578272629262,-0.112738059726352,0.0230344970497954,-0.121388003863757
0.241857038087252,0.168372201242525,0.00878225702508134,0.574835242092624,0.566052985067543,0.712149736804072,0.689080406821602,-0.520708205579077,-0.680298149796521,-0.114245164728978,0.02306932998247,-0.123027421754059
0.243116037727307,0.170057088946774,0.00891509388000179,2.37643642726024,2.36752133338024,2.51449071325309,2.49138675068905,-2.32132966174227,-2.48247165680905,-0.114950323428805,0.0231039625640426,-0.123865417308807
0.244470210480867,0.171883196376088,0.00905941247402554,1.39800506898509,1.38894565651106,1.5371313049088,1.51399009173971,-1.34210689536362,-1.50493067926569,-0.115985022754621,0.0231412131690936,-0.125044435228646
0.245806162329805,0.173693713377565,0.00920326149453008,-0.172877198247726,-0.182080459742256,-0.0333161256660552,-0.0564940882192735,0.230187801596839,0.0656973497138036,-0.116383110028453,0.0231779625532183,-0.125586371522983
0.247142114178742,0.175514374652129,0.00934857872744521,0.0338685581491806,0.0245199794217354,0.174555192864586,0.151340480927243,0.0241738937248862,-0.141991902199798,-0.117471922778063,0.0232147119373431,-0.126820501505508
0.24851105620601,0.177392170852379,0.00949901790287459,1.80445406650864,1.79495504860577,1.94491568866474,1.92166331984894,-1.74427114899656,-1.91216430194606,-0.117209253340293,0.0232523688158035,-0.126708271243167
0.249751807515349,0.17909420248104,0.009636712317921,-0.823083813282445,-0.832720525600366,-0.6818914461822,-0.705177945604213,0.884272148085253,0.714814657922134,-0.117905867678233,0.0232864994220126,-0.127542579996154
0.250967258572857,0.180770813727492,0.00977284029130415,2.66038284868319,2.65061000839189,2.80260858340298,2.77928864933448,-2.59851783560698,-2.76951580904317,-0.118905800651286,0.0233199340685029,-0.12867864094259
0.252236802408539,0.182532300641235,0.00991634559050375,1.03316663230557,1.02325028671506,1.1763196411618,1.15296478446183,-0.970432483820596,-1.14304843887133,-0.119798152156263,0.0233548566999717,-0.129714497746767
0.25371047610579,0.184592011561537,0.0100846269804353,4.63362180746724,4.6235371804868,4.77727356520668,4.75387817066785,-4.56928615910631,-4.74379354368741,-0.12025636320061,0.0233953945388299,-0.130340990181045
0.255714370897455,0.187398073607078,0.0103164009154277,1.27804712137607,1.26773072046064,1.42124554478923,1.39779502708148,-1.2103969534744,-1.38747862616605,-0.119747905705406,0.0234505177077551,-0.130064306620834
0.257904797576972,0.190452963342343,0.0105736187947302,0.139185099382444,0.128611480587714,0.282685868455859,0.259175096457123,-0.0687221331147802,-0.248601477662393,-0.119989997074679,0.0235107719987362,-0.13056361586941
0.258940306886423,0.191902359390651,0.0106966219173021,1.30305500768598,1.29235838576868,1.44651586120864,1.4229766044038,-1.23107424501315,-1.4122799824865,-0.119921596717824,0.0235392568048376,-0.130618218635126
0.259975816195875,0.193357902875902,0.0108205295285086,1.60883192410649,1.59801139457798,1.75343970594108,1.72987196433014,-1.53651406145424,-1.71905143480164,-0.121040040223655,0.023567741610939,-0.131860569752164
0.261455184612912,0.195454306490297,0.0109991301409944,0.017799593654907,0.00680046351391259,0.162942689024565,0.139334252924328,0.0561200535659689,-0.128335122783334,-0.121534659269421,0.0236084361002375,-0.132533789410415
0.262743264240543,0.197275046670722,0.0111561562809247,-0.00805613653552604,-0.0192122928164508,0.136296597088202,0.112652728473644,0.0846223181970785,-0.101496572192719,-0.12070886500917,0.0236438686145581,-0.131865021290094
0.263941154794834,0.198964041657301,0.0113034499164408,0.155164123646135,0.143860673729694,0.299903063243715,0.27622624303726,-0.0772622013799592,-0.26492279312082,-0.121062119391125,0.0236768202064542,-0.132365569307566
0.265381620612318,0.201000553702076,0.0114821817733747,1.47114343347784,1.45966125170446,1.61619832898097,1.59248188441853,-1.39148133071645,-1.58099970264515,-0.121338450940688,0.0237164445624423,-0.132820632714063
0.267238230728932,0.203634770137609,0.0117151488347289,0.758999922978472,0.747284774143743,0.904760847496598,0.88099333127435,-0.677358561136741,-0.869278182439621,-0.121993408295879,0.0237675162222477,-0.133708557130607
0.269567278957815,0.206979687868015,0.0120115679147833,2.17425168124529,2.16224011333051,2.32219256371324,2.29836097999629,-2.09138129212827,-2.2863494120815,-0.124109298750998,0.0238315837169529,-0.136120866665782
0.271416625457575,0.209648657072508,0.0122502725373938,-0.298740291761234,-0.310990564298628,-0.150389799541878,-0.174272255110952,0.38392091218346,0.186522527648346,-0.124468036650282,0.0238824555690737,-0.136718309187676
0.273265971957334,0.212340357624475,0.0124919460772966,-0.469216308337057,-0.481708254414354,-0.320168716661327,-0.344102044082521,0.556442401706996,0.356593990159818,-0.125114264254536,0.0239333274211944,-0.137606210331833
0.275007268059082,0.214885615770971,0.0127222280749776,0.623634810462877,0.6109125823879,0.773984048967055,0.75000282194576,-0.535117206174789,-0.737280593870782,-0.126368011482883,0.0239812270212952,-0.13909023955786
0.277362170323213,0.21833720443892,0.0130378857359984,-0.706041828483015,-0.719079714219013,-0.556058782615946,-0.580104788325148,0.798441992764068,0.593142674061147,-0.125937040157867,0.024046005709202,-0.138974925893865
0.280449905932824,0.222909392270332,0.0134591576401555,-0.298566959452135,-0.31202611709229,-0.145126693629196,-0.169257636817307,0.39216702908764,0.182716794457463,-0.129309322634827,0.0241309431881115,-0.142768480274983
0.281372235883993,0.224297857068553,0.0135866408408627,1.45872544565501,1.44513880481415,1.61320007784558,1.5890437631909,-1.36474590612235,-1.57545712235004,-0.130318317535888,0.0241563146546746,-0.143904958376751
0.282294565835163,0.225692008422118,0.0137148909471491,1.14202102943565,1.12830613848851,1.29691871977728,1.27273703365604,-1.04704502523392,-1.25902214270889,-0.130716004220384,0.0241816861212378,-0.144430895167533
0.283559326575325,0.227604316376393,0.0138920060136725,1.02485382424123,1.01096181822756,1.17868390661726,1.15446742943802,-0.926863113061622,-1.14057542342434,-0.129613605196785,0.0242164771792412,-0.143505611210458
0.284809776697512,0.229490021171919,0.0140685319063781,2.99048607615911,2.97641754425273,3.14576959885279,3.12151872427225,-2.89202870310033,-3.10745019236587,-0.131032648113143,0.0242508745805439,-0.145101180019521
0.285940061398233,0.231209849647597,0.0142293099070131,-0.18879475044341,-0.203024060350423,-0.0331418302282237,-0.0574237966977982,0.288633646345395,0.0716531066048113,-0.131370953745611,0.0242819664695745,-0.145600263652625
0.286976521993809,0.232794614179984,0.0143777626627558,1.7599244157918,1.74554665312904,1.91672463678377,1.89241415934011,-1.65961954516012,-1.87803639667735,-0.132489743548309,0.0243104774436693,-0.146867506211065
0.288022545736152,0.234399310915276,0.0145285805330397,0.0939310990065781,0.0794025184735384,0.250597540774452,0.226258289293498,0.00814102162177757,-0.211729708760459,-0.13232719028692,0.0243392514809533,-0.14685577081996
0.289159107345593,0.236142488478326,0.0146935853247918,-1.0096491797493,-1.02434276507409,-0.851952908372676,-0.876323424407962,1.11246591288629,0.891017009732754,-0.133325755341338,0.0243705160352858,-0.14801934066613
0.290144944510681,0.237666329696073,0.0148376678588308,0.748935399130684,0.734097731271853,0.906596002501686,0.882198368042415,-0.644532038346342,-0.867360700183584,-0.133262968911731,0.0243976344592718,-0.148100636770562
0.291076568882861,0.239106900941378,0.0149746491807735,-1.07750036860715,-1.09247501778792,-0.919206912538706,-0.943630174135617,1.18273707507699,0.958604823316391,-0.133870194471534,0.0244232615969119,-0.148844843652308
0.292223603587863,0.24088841607718,0.015144403230674,2.79191984178852,2.77677543855785,2.95093844147976,2.92648362723444,-2.68559521115726,-2.91133922400377,-0.134563785445919,0.0244548142453191,-0.149708188676593
0.293438557779973,0.242779977287072,0.0153255373656157,1.79704304668817,1.78171750932255,1.95595225816592,1.93146402294189,-1.68868404565481,-1.91613848557627,-0.134420976253717,0.0244882352240283,-0.149746513619332
0.29505788303969,0.245308122993112,0.0155690855124489,0.830225183977113,0.814656098464664,0.989186164698078,0.964653385049758,-0.719345262056646,-0.949084299537309,-0.134428201072645,0.02453277964832,-0.149997286585094
0.296365479734996,0.247349179604089,0.0157675242152393,0.830592599230094,0.814825075014854,0.9907156640464,0.96614691500796,-0.718797735403871,-0.950379390792721,-0.135554315777867,0.0245687490384401,-0.151321839993106
0.297659154223003,0.24939436956201,0.0159654193438162,0.570399050597281,0.554433631253465,0.733020017544674,0.708415682088408,-0.459021312526397,-0.692450262744591,-0.138016631491126,0.0246043354562664,-0.153982050834942
0.298983718573568,0.251502898269211,0.0161696771340797,-0.340000208224953,-0.356169885359033,-0.177619400615806,-0.202260172208716,0.453763070477927,0.218429849342795,-0.137740036016238,0.0246407715929099,-0.153909713150317
0.3,0.253121910158709,0.0163275199016666,0.0728815187531119,0.0565539988514453,0.235651349776538,0.210982622298431,0.0421392878602782,-0.194655102396764,-0.138101103545319,0.0246687274781077,-0.154428623446985
0.301335141187713,0.255256911193518,0.0165363736591054,1.86721043083582,1.85067405717671,2.03032836792078,2.00558599313314,-1.75032908193962,-1.98904961947404,-0.138375562297328,0.024742374787639,-0.154911935956433
0.302863275377497,0.257711638545839,0.0167774972007082,0.275100934323683,0.258323437122975,0.439217073375066,0.414390405650683,-0.156678767104844,-0.397612908449975,-0.139289471327,0.0248266677243832,-0.156066968527708
0.304599078970365,0.260520109658071,0.0170540966482685,-0.661540247487407,-0.678594344135675,-0.495224559691634,-0.520146975540385,0.780667085198456,0.537201072188654,-0.141393271947022,0.0249224158487508,-0.15844736859529
0.306583087622714,0.263767427762144,0.0173738146436875,1.24461932120573,1.22724550656204,1.41087346103943,1.38584160590391,-1.12207417814176,-1.36846779126022,-0.141222284698177,0.0250318551355295,-0.158596099341864
0.308415612967503,0.266761928457129,0.0176725095904746,0.49876952818253,0.481097018592055,0.665943407002022,0.640810468503524,-0.374048540046395,-0.62313795891305,-0.142040940320994,0.0251329384984981,-0.159713449911469
0.310318836762977,0.269883453795738,0.0179861770719662,1.94315065177121,1.92516447469925,2.10991674906162,2.08467882742481,-1.81479537362907,-2.06669265035285,-0.141528175653599,0.0252379216368079,-0.159514352725565
0.312582887926215,0.273607926538863,0.0183638880022297,0.95707132883866,0.93870744083643,1.12579292688801,1.10043011862621,-0.826822192087349,-1.08206623062398,-0.143358789787553,0.025362808261794,-0.161722677789782
0.314921759267173,0.277486263945156,0.0187593427593688,0.605273085212372,0.586513742453003,0.774313582133628,0.748821760114198,-0.471335496169042,-0.73006241735483,-0.143548674901827,0.02549182201943,-0.162308017661196
0.317095685784169,0.281115786815784,0.0191317258481699,-0.658036845781173,-0.677168571629343,-0.487632448928081,-0.5132441862348,0.794359973050584,0.53237591208297,-0.144792659546373,0.0256117373067187,-0.163924385394543
0.319231070788998,0.28468793640114,0.0195020492677915,1.13381568496883,1.11431363570104,1.30389817064328,1.27816864402569,-0.993480707624548,-1.2586665947579,-0.144352959056861,0.0257295266175919,-0.163855008324652
0.321417541384204,0.288368289125138,0.0198858999255039,-1.12658503007948,-1.14647093000498,-0.954846909586941,-0.980697043431835,1.26906533255697,1.00058294335734,-0.145887986647645,0.0258501338448935,-0.165773886573148
0.323492900363253,0.29188146662759,0.0202546440612547,0.928909609988973,0.908654965927719,1.10154673875668,1.07558212667793,-0.783700660050336,-1.05532748261667,-0.146672516688953,0.02596461207875,-0.166927160750208
0.32628636609456,0.296648043359585,0.0207577841304713,0.386040164098929,0.365282379968457,0.559889491320954,0.533770789744201,-0.237122746384616,-0.51301300561373,-0.147730625645272,0.0261187015767537,-0.168488409775743
0.32976578859851,0.302653581931885,0.0213954852246375,0.996110070959047,0.974714585734409,1.17279527863837,1.14648464971453,-0.843831067782648,-1.1250891644899,-0.150374578755487,0.0263106289238364,-0.171770063980124
0.334595370795285,0.311189810551139,0.0223012469036528,0.580070673332977,0.557769426429324,0.762465792259267,0.735888760247708,-0.424698949696568,-0.713587513344055,-0.155818086914731,0.0265770320115594,-0.178119333818384
0.338512358907188,0.31822389207518,0.0230538492011695,2.27689059291556,2.25383674371439,2.45876812239858,2.43197502661896,-2.11375113454378,-2.40892117741779,-0.155084433703402,0.0267930957796181,-0.178138282904571
0.34242934701909,0.325217623994138,0.0238225764891238,0.295345098930124,0.271522522441,0.475267644439246,0.448258484891569,-0.123040860897432,-0.424435908402445,-0.152913385961445,0.0270091595476769,-0.176735962450569
0.345748368058529,0.331117743688701,0.0244864415871214,1.06193353981185,1.03744709822473,1.24305197971693,1.21585974067768,-0.884741996988976,-1.19137329909056,-0.153926200865823,0.0271922390392558,-0.178412642452945
0.349523962038892,0.33790718858633,0.0252556026237126,0.27927259187526,0.254016989251547,0.462481019431195,0.435080516021777,-0.0971733274354469,-0.409824913398065,-0.155807924146517,0.0274005034094177,-0.18106352677023
0.353147123486385,0.34447695468639,0.0260078220332951,1.50095547016142,1.47494764812813,1.68603867175078,1.65843831225493,-1.31396135756854,-1.63243049022163,-0.157482842093505,0.0276003594958458,-0.183490664126801
0.356208270166426,0.350091327285105,0.0266542219214708,0.334284978036808,0.307630756115337,0.521627249628344,0.493858035168588,-0.143766707883483,-0.467203813247117,-0.15957305713178,0.0277692144597557,-0.186227279053251
0.358764262389993,0.354837938725804,0.0272016613471263,-0.769579595333106,-0.796781256680232,-0.580115254354927,-0.608025459110077,0.962863397835881,0.635227120457203,-0.161554136223029,0.0279102047551498,-0.188755797570155
0.361131188399606,0.359270639115464,0.0277149368679406,2.65130463929904,2.6235897024311,2.83990330200357,2.8118625359759,-2.45259189686044,-2.78414759910796,-0.160557896676856,0.0280407660276745,-0.188272833544796
0.363362031091214,0.363413651070551,0.0282042631030126,1.03705810249566,1.00885383939265,1.22366153023686,1.19549770938642,-0.832084058315867,-1.16729344628341,-0.158439606890758,0.0281638208504424,-0.186643869993771
0.364769637311535,0.366016446986015,0.0285157644610798,1.57654506033801,1.54802929587693,1.76369826215033,1.73545679676914,-1.36944034978312,-1.70694103230806,-0.158911736431126,0.0282414653811933,-0.187427500892206
0.366177243531856,0.368628941701065,0.0288293911473402,-0.136473842091301,-0.165303233238641,0.0516483822339159,0.0233292723219717,0.345299669379093,0.0055001188253685,-0.159803114413273,0.0283191099119443,-0.188632505560613
0.368286748597815,0.372557214857557,0.0293033997323863,-0.693038344481045,-0.722341744213432,-0.504094749668132,-0.532530221335657,0.905087436193215,0.561833621068044,-0.160508123145388,0.0284354716675251,-0.189811522877774
0.370545994134198,0.376791218909172,0.0298163844459177,0.0711865371562284,0.0413701527103107,0.261735744137003,0.233175650926186,0.143615567982986,-0.203359266480269,-0.161989113769958,0.0285600932108169,-0.191805498215876
0.372300465376048,0.380104337511612,0.0302185862694145,0.492493819933161,0.462275233663747,0.683321853269178,0.65466498221359,-0.274560644701977,-0.624446395944175,-0.162171162280429,0.0286568710555882,-0.192389748549843
0.374054936617898,0.383417503573357,0.0306241465155345,0.238282033481882,0.207657886966348,0.428894190105984,0.400140541205624,-0.0167230376322671,-0.36951639469009,-0.161858507723742,0.0287536489003595,-0.192482654239276
0.375749469709799,0.38661004545351,0.0310190324834756,0.801920585238837,0.770901552755362,0.992215782544003,0.963368662028597,-0.576758616575088,-0.932349629545122,-0.16144807678976,0.0288471205154057,-0.192467109273236
0.378375388659252,0.391576996575691,0.0316371313019561,-0.239998988508692,-0.271636119810648,-0.0479683904441844,-0.0769603584614531,0.468537355037144,0.108597489763409,-0.163038630047239,0.0289919680172687,-0.194675761349195
0.380532798487133,0.395690456411891,0.0321505927929746,2.02467480704564,1.99252421425266,2.21793601139124,2.18882503915865,-1.79313458274676,-2.15667444636568,-0.164150232113013,0.0291109722325849,-0.196300824905988
0.382842103179504,0.400100726069054,0.0327058743383406,1.23949961661143,1.20679374227309,1.43237992661027,1.40314157153679,-1.00304084546774,-1.37043569719845,-0.163641954925366,0.0292383550734754,-0.196347829263707
0.385749287942606,0.405677433330387,0.0334132570593842,-0.38366972810688,-0.417082985166265,-0.190597031427436,-0.219995748819207,0.625673182149594,0.253409005878591,-0.163673979287674,0.0293987173917705,-0.197087236347058
0.388198866044644,0.410388485987607,0.0340165229269243,-0.538440877936003,-0.572457400862928,-0.34338222870844,-0.372916066519206,0.783304552506813,0.40693258944613,-0.165524811416798,0.029533837810766,-0.199541334343722
0.390875586220585,0.415573697181266,0.0346833308030159,1.57257626428502,1.53789293348201,1.76813843482522,1.73845694728187,-1.32288325010061,-1.70377361647885,-0.165880682996849,0.0296814875433489,-0.200564013799865
0.393728774293537,0.421130789760813,0.0354028692642194,1.14604131105188,1.11063844178766,1.34472076070062,1.31488188933368,-0.893751099572865,-1.27947902006946,-0.168840578281804,0.0298388713669424,-0.204243447546023
0.39637807836327,0.426371296404991,0.0360791900739404,0.333727838964188,0.297648648890248,0.534606427794848,0.504621418986666,-0.0782501225816741,-0.468542228912725,-0.170893580022477,0.0299850088081823,-0.206972770096418
0.398657157014526,0.430919015642154,0.0366673935682397,-0.62062913670341,-0.65729653027165,-0.418971474393948,-0.449082198753729,0.880001214395883,0.485749592321969,-0.171546937949681,0.0301107243597808,-0.208214331517921
0.4,0.433614329045987,0.0370167502796019,0.983794174753895,0.946777424474293,1.18690607062461,1.15672127411881,-0.723106945072825,-1.11970452383921,-0.172927099364917,0.0301847965057931,-0.209943849644519
0.401305599908262,0.436247039164998,0.0373584107011911,-0.623844914348919,-0.66120332505011,-0.42069581221405,-0.450815784047807,0.887062823212805,0.488174194748998,-0.173029130301112,0.0301199718337569,-0.210387541002303
0.402723148477784,0.439108014439292,0.0377315956692821,1.61825272460209,1.58052112893281,1.82083651600953,1.79078692723917,-1.35167891279988,-1.75305533156989,-0.172534202637082,0.0300495887703598,-0.210265798306364
0.403899497765377,0.441474336403137,0.0380430400761517,2.78210718256959,2.74406414249344,2.98462027537205,2.95462909381839,-2.51315475741526,-2.91658605374224,-0.172521911248806,0.0299911815536578,-0.210564951324958
0.405358601744487,0.444414458312357,0.0384315547193575,1.77544977596505,1.73701822124569,1.97923082236771,1.94931208715563,-1.50489762884327,-1.91088053243627,-0.173862311190578,0.0299187352120842,-0.212293865909936
0.40681955113605,0.447374467720102,0.0388230225496679,-0.134094239750307,-0.172917262299975,0.0699458916682168,0.0400996944247477,0.407274773295354,-0.00127667187507979,-0.174193934175055,0.0298461972434691,-0.213016956724722
0.408406601430117,0.450587346643014,0.0392510753288858,0.111470009324996,0.0722189339961106,0.315684614495173,0.285917216288198,0.164670130354816,-0.246666140959312,-0.174447206963202,0.0297673982069752,-0.213698282292088
0.409891582361843,0.45360751038305,0.0396542355737636,0.456680651650537,0.417026416076773,0.662355291465306,0.632661624423039,-0.179054114039989,-0.593007388849275,-0.175980972772502,0.0296936670422671,-0.215635208346266
0.411143579466237,0.456162999470061,0.0399961338501315,1.65507713830576,1.61508100445562,1.86010306899101,1.83047156517438,-1.37430856570432,-1.79047543132425,-0.175394426868624,0.029631503816635,-0.215390560718755
0.412616158587881,0.459172380376338,0.040400601612325,0.823367345505102,0.782966743892777,1.02931702599501,0.999758637577664,-0.540586257201326,-0.959358035965339,-0.176391292072562,0.0295583884173433,-0.216791893684887
0.414426572039268,0.462889967183474,0.0409013281937939,0.921774498571283,0.880873170377489,1.12832409596243,1.09885559684233,-0.635965629658859,-1.05795426864854,-0.177081098271049,0.0294684991200991,-0.217982426464843
0.416396283281275,0.466941518206904,0.0414504701819325,1.48423816378716,1.44278769360523,1.6901208667841,1.66075016629623,-1.19380864808932,-1.61929969611429,-0.176512002509063,0.0293707004878683,-0.217962472690995
0.418253402777377,0.470750055810325,0.0419723685825672,2.28399931966806,2.2420269510855,2.48984645034519,2.46056795816823,-1.98981790235791,-2.41859558958567,-0.176568638500169,0.0292784921769571,-0.218541007082736
0.420029982524609,0.474402718037152,0.0424753922126547,1.8372240526587,1.79474866044604,2.04483512039731,2.01564483763177,-1.54124211959462,-1.97316944541912,-0.178420784973073,0.0291902827655353,-0.220896177185728
0.421439143674438,0.477310965581262,0.042877009503176,2.48277137042315,2.43989436091998,2.69001985492786,2.66089953877982,-2.18358857319856,-2.61802252927664,-0.178128168356667,0.0291203161480396,-0.221005177859843
0.422848304824268,0.480225252008918,0.0432809511757972,-0.330856706389798,-0.374137657565595,-0.123191595986398,-0.152241945516942,0.63246719752586,0.19552289669274,-0.178614760872855,0.029050349530544,-0.221895712048652
0.424298032925438,0.483226626492295,0.0436989507292015,0.0795633142751226,0.0358643635459211,0.287878570473272,0.258900201760209,0.224326424732085,-0.215201251031008,-0.179336887485087,0.028978368713063,-0.223035838214288
0.427319322205618,0.489546702411571,0.0445780417423774,-0.10034630094168,-0.144924342684057,0.11074538197644,0.0819170240633739,0.407629678348197,-0.0373389823209964,-0.182263325005054,0.0288283579130665,-0.226841366747431
0.430710056115992,0.496658959104157,0.0455775373766697,0.804118033786635,0.758540496409965,1.01431251911168,0.9856525153876,-0.488993556283443,-0.94007497801093,-0.181534481600966,0.0286600037240761,-0.227112018977635
0.433140997769095,0.501774700990674,0.0463025000003343,0.330181040662378,0.283878540662044,0.542935202365602,0.514395897941828,-0.0126211969511538,-0.468093397941494,-0.18421485727945,0.0285393044237743,-0.230517357279784
0.435571939422198,0.506925063856293,0.0470345188875402,0.349325437304602,0.302290918417062,0.561205196000182,0.532786590876709,-0.0258615270204167,-0.485752071989169,-0.183461153572108,0.0284186051234725,-0.230495672459648
0.438493383104661,0.513122351609559,0.0479235777301899,0.943349362223134,0.895425784492944,1.15645625293221,1.12818270114965,-0.615060349540089,-1.08025912341946,-0.184833338926514,0.0282735517825607,-0.232756916656704
0.44225804935207,0.521093460740394,0.0490842794614403,0.67268951299753,0.62360523353609,0.884167602686347,0.85608097130204,-0.334987510561646,-0.8069966918406,-0.18339145830451,0.0280866313843062,-0.23247573776595
0.44833275041496,0.533904855223467,0.0509925871051272,0.771135174713717,0.72014258760859,0.982915371344478,0.955130356482682,-0.421225501259215,-0.904137769377555,-0.183995181768964,0.0277850148617965,-0.234987768874092
0.453442188545032,0.544804180279384,0.0526314962638212,1.70200017137019,1.64936867510637,1.91709342951048,1.88956210465661,-1.34475792437722,-1.83693060839279,-0.187561933286419,0.027531324853874,-0.24019342955024
0.456468430783542,0.551327500119668,0.0536169577166112,0.00337515648205904,-0.0502418012345522,0.218193830708647,0.190812762575359,0.360514737544309,-0.137195804858748,-0.1874376060933,0.0273810681332879,-0.241054563809911
0.459494673022052,0.557829452659619,0.0546134152443485,0.278786347089142,0.224172931844793,0.493496269804959,0.466265458392257,0.0915639942673617,-0.411652043147909,-0.187479111303116,0.0272308114127017,-0.242092526547464
0.465011304863839,0.569848087431174,0.0564582559002954,0.812066589172976,0.755608333272681,1.03214636356047,1.0051894598339,-0.435341372402725,-0.948731203933604,-0.193122870660923,0.0269569037265687,-0.249581126561218
0.469183724229496,0.579087280302937,0.0578783321108466,0.473198356655933,0.415320024545087,0.693284604624035,0.666534866749167,-0.0874475864462299,-0.608656534638321,-0.193336510093234,0.0267497378748678,-0.25121484220408
0.473356143595153,0.588311745962872,0.0593198304881946,1.51457642474125,1.45525659425305,1.73466313913659,1.70812056711342,-1.11980882115055,-1.64880073662523,-0.193544142372179,0.0265425720231669,-0.252863972860373
0.477420775247047,0.597281506691999,0.0607445948249708,1.0770074430801,1.01626284825513,1.29595382693116,1.26961306896459,-0.672331562272593,-1.20886847413962,-0.192605625884493,0.0263407579665682,-0.253350220709463
0.481824922965608,0.60700970880307,0.0623111039078526,-0.0383020534142528,-0.100613157322105,0.181207248614841,0.155085162103171,0.451924546699899,-0.0927740581953186,-0.193387215517424,0.0261220865116703,-0.255698319425277
0.48616728042604,0.616630810273475,0.0638787676790148,0.556097515399597,0.492218747720582,0.778944237996197,0.753037754975654,-0.136406944702179,-0.689158987296639,-0.196940239576057,0.0259064830205437,-0.260819007255071
0.489662785974708,0.624428804548183,0.0651575036580597,2.26454678499899,2.19938928134093,2.48518929936428,2.4594563725759,-1.83502756802772,-2.39429886891784,-0.194909587576912,0.025732926788379,-0.260067091234971
0.4926095660184,0.630992789831955,0.0662471211007305,1.44263595756758,1.37638883646685,1.66254881369158,1.63696219822621,-1.00596940839425,-1.57071507712548,-0.194326240658628,0.0255866154653726,-0.260573361759358
0.49515939883693,0.636639127418066,0.0671984893935211,2.11570931673649,2.04851082734297,2.33553827026754,2.31007825719786,-1.6734391297798,-2.24287976780434,-0.194368940461373,0.0254600130696754,-0.261567429854894
0.498248986377229,0.643499626605624,0.0683618108993916,1.65250618057881,1.58414436967942,1.87142243835913,1.84611582718368,-1.20261620057806,-1.77775401628429,-0.193609646604868,0.025306611175451,-0.26197145750426
0.5,0.64736818208852,0.069026244757223,1.44621078737819,1.37718454262097,1.66457388802508,1.63935421687092,-0.991986034782405,-1.5703279721137,-0.193143429492734,0.0252196711541561,-0.262169674249957
0.502055219876832,0.651914234075284,0.0698108177534113,1.05576354664192,0.985952728888508,1.27540287975785,1.24979350963212,-0.597879275556836,-1.17998269187871,-0.1940299629902,0.0256093701257298,-0.263840780743612
0.504486431126693,0.657328584340645,0.0707455134109681,0.527723206986268,0.4569776935753,0.748681411466481,0.722611049047698,-0.0652824647070529,-0.65186553563673,-0.19488784206143,0.0260703624187829,-0.265633355472398
0.506917642376553,0.662763359912439,0.0716873914786024,0.967237254919291,0.895549863440689,1.18760744869711,1.16107609398528,-0.498312734072837,-1.08938870250667,-0.193838839065985,0.026531354711836,-0.265526230544587
0.508921417245933,0.667229659858211,0.0724690655756847,2.59001049378848,2.51754142821279,2.81078256726759,2.78387126829058,-2.11664160843237,-2.7114022027149,-0.193860774502103,0.0269112989770046,-0.266329840077788
0.51087894659836,0.671600075306902,0.0732373935544886,0.622041737779163,0.548804344224674,0.841980661648526,0.814698187215277,-0.143098111908375,-0.741460793660788,-0.192656449436114,0.027282474433249,-0.265893842990603
0.512941577594674,0.676171200359488,0.074051972282733,0.767147714727715,0.693095742444983,0.984195904243274,0.956522325584603,-0.280351125225115,-0.88247035330187,-0.189374610856887,0.0276735786586708,-0.26342658313962
0.514953760736154,0.680602826742525,0.0748515112207481,0.456288904204877,0.381437392984129,0.67340239257866,0.645347275326629,0.035255551415896,-0.570495764105881,-0.189058371121752,0.028055117252031,-0.2639098823425
0.517267591951998,0.685708677868331,0.0757768535873796,-0.145686222348315,-0.221463075935695,0.072768078876517,0.0442742262583219,0.641434451610009,0.0315026273290577,-0.189960448606637,0.0284938526181951,-0.265737302194017
0.519213230543637,0.690023872418848,0.0765598861921584,2.25551779150142,2.17895790530926,2.47479537794656,2.44593260452978,-1.75590873211094,-2.36937271833763,-0.190414813028366,0.0288627734167739,-0.266974699220524
0.521711169594633,0.695574667692335,0.0775718317434222,-0.719182208177416,-0.796754039920838,-0.499941225443661,-0.529277643695326,1.22485231138766,0.606849475438748,-0.189904564482089,0.029336418251665,-0.267476396225512
0.526333616868823,0.705859582484902,0.0794641132025147,-0.499030931715897,-0.578495044918412,-0.279522184593111,-0.309735084708937,1.01559466719384,0.389199197911452,-0.18929584700696,0.0302129001158255,-0.268759960209475
0.53044770039333,0.715067625110811,0.0811697694257105,0.208586425198385,0.127416655772675,0.430113547292415,0.399120558322574,0.315947066788237,-0.317950788896863,-0.190534133124188,0.0309929889698413,-0.271703902549899
0.536487672660473,0.728535107482758,0.0837105859857731,1.4970665365144,1.41335595052863,1.7162011365952,1.68406288282553,-0.955527775342773,-1.60035229683976,-0.186996346311128,0.0321382537696679,-0.270706932296901
0.540675019779079,0.737891358517852,0.0854975029233816,0.843711539038636,0.758214036115254,1.0628212616605,1.02988902721551,-0.291997668697654,-0.944391524292125,-0.186177488176871,0.03293223444499,-0.271674991100252
0.544862366897684,0.747341323092566,0.0873053289441922,1.61894178135165,1.53163645240745,1.84268141450748,1.80895519938717,-1.06161387629461,-1.72164987044298,-0.190013418035525,0.0337262151203122,-0.277318746979717
0.548992587170421,0.756764303544081,0.0891092615919184,1.366920574963,1.27781131337108,1.59135192832179,1.55684256459008,-0.800078261045997,-1.46773330299816,-0.189921989627079,0.0345093637317102,-0.279031251218997
0.553056694100563,0.766047409871733,0.0909045222694586,-0.945792030944607,-1.03669655321407,-0.720589185697333,-0.755869162008697,1.52191657188043,0.846773684278156,-0.18992286893591,0.0352799763113643,-0.280827391205368
0.555709518852365,0.772126940183531,0.0920871798906678,1.98995362135216,1.89786644146149,2.21435929572852,2.17857630604657,-1.40644936586304,-2.0864891261559,-0.188622684694414,0.0357829896819513,-0.280709864585081
0.558362343604167,0.778179012456814,0.093278359561269,0.662369755368875,0.569091395807605,0.884746916595262,0.848460913542724,-0.0702819010859099,-0.755182553981455,-0.18609115817385,0.0362860030525379,-0.279369517735119
0.560760918339342,0.783622312255894,0.094362642144152,1.23357964335606,1.13921700121191,1.45682436782304,1.42008356082564,-0.636461248569746,-1.32572091868149,-0.186503917469582,0.0367408069973993,-0.280866559613734
0.562785129370287,0.788242567201325,0.0952830570142699,0.22039363612148,0.12511057910721,0.444739992006544,0.407615365756567,0.380627201444758,-0.312332308742297,-0.187221729635087,0.0371246262499764,-0.282504786649357
0.564812385685531,0.792876568802635,0.0962098006851611,1.72990868865009,1.63369888796493,1.95350050132224,1.91599147839039,-1.12311490958776,-1.81978167770523,-0.186082789740301,0.037509022931846,-0.282292590425462
0.566770630111373,0.797347186072361,0.0971096825497944,2.48598757721422,2.38887789466442,2.70935082153448,2.67147048755828,-1.87412330148592,-2.57436080500848,-0.185482910344061,0.0378803339761986,-0.282592592893856
0.570797571336944,0.806532201582519,0.0989746210447747,0.708368378423074,0.609393757378299,0.932374537538114,0.893730638129388,-0.087198436546869,-0.794756017084613,-0.185362259706314,0.0386438994087261,-0.284336880751089
0.581253457762528,0.830595241097682,0.103907664111383,1.77681414475033,1.67290648063894,2.00437974418375,1.96375325973248,-1.1331580186348,-1.8598455956211,-0.186939114982156,0.040626484451268,-0.290846779093539
0.591567976312421,0.854573294716651,0.108903799015073,0.237341643784888,0.128437844769814,0.462279759467084,0.419697495336726,0.434875799379925,-0.310793696321652,-0.182355851551838,0.0425822641303584,-0.291259650566912
0.597391659283362,0.86800754839343,0.111781111099716,2.54538382877053,2.43360271767081,2.77231806625845,2.72863154886053,-1.8606240004671,-2.61685043776082,-0.183247720090004,0.0436865173979188,-0.29502883118972
0.6,0.874064738827152,0.113082969667446,-2.48836280070376,-2.60144577037121,-2.26306817651247,-2.3072492724741,3.18131401130125,2.42033224214154,-0.181113528229666,0.0441810959616271,-0.294196497897112
0.602737288661274,0.880358637879449,0.114457902439582,0.773126220154969,0.658668317715387,0.995301686609385,0.951049678508472,-0.070691040629023,-0.83659177606889,-0.177923458353503,0.0442520081009129,-0.292381360793085
0.605046384435836,0.885649278600879,0.11562461281891,-0.0113824716630856,-0.127007084481996,0.211429035724465,0.167117208239683,0.718532070361197,-0.0514925954207724,-0.178499679902768,0.0443118274847825,-0.294124292721678
0.607407901947205,0.891061870709358,0.116824289968469,0.0299657235877516,-0.0868585663807174,0.252961260379942,0.20858825547494,0.682473615234418,-0.0917639655064715,-0.178622531887189,0.044373004905002,-0.295446821855658
0.609564840792372,0.896018290532092,0.117925759576919,1.42634819106997,1.30842243149306,1.65082204440212,1.60639316188728,-0.710374871355191,-1.48846740231036,-0.18004497081731,0.0444288825148369,-0.297970730394228
0.611528614085408,0.900542901614379,0.118933353820064,-0.823601492458633,-0.942534846278697,-0.599820217893314,-0.644299973875481,1.54484287548986,0.763233327695545,-0.179301518583152,0.0444797559821668,-0.298234872403216
0.6137988261726,0.905764047998572,0.120103833118267,1.09815859997523,0.978054766856966,1.32039570497789,1.2758571369318,-0.370093088933225,-1.15575330381353,-0.177698536956563,0.0445385680460946,-0.297802370074831
0.617326818195473,0.913800873485918,0.121934716637343,0.845589728966981,0.723655012329637,1.06518443405312,1.02055446992401,-0.106753596438089,-0.898619753286664,-0.174964740957026,0.0446299641291112,-0.29689945759437
0.621062271641209,0.922247088683202,0.123888852411958,1.80240270218036,1.6785138497684,2.02123821789728,1.97651148319414,-1.05426439451093,-1.85262263078218,-0.174108781013777,0.0447267347031421,-0.297997633425735
0.625307567015507,0.931821987521389,0.126129024774014,-0.0260014464909561,-0.15213047126497,0.191962015159891,0.147125301929035,0.784696685592354,-0.0209962771550215,-0.173126748419991,0.0448367132308554,-0.299255773194005
0.628638080482219,0.939342039224665,0.127900801156425,-0.0468565157636597,-0.174757316920085,0.171948860353547,0.127025866914766,0.812316172309899,0.00087493424165877,-0.173882382678426,0.0449229934387805,-0.301783183834851
0.631968593948932,0.946878795106266,0.12968517326066,1.19334178863918,1.06365661537852,1.41281015179306,1.36780087814635,-0.420922083040084,-1.23811570488569,-0.174459089507168,0.0450092736467056,-0.304144262767827
0.636143532970349,0.956373390919651,0.131939805274575,0.01045211218695,-0.121487693087625,0.230065040209355,0.184947610685052,0.771425780234599,-0.0530078054104767,-0.174495498498102,0.0451174295243029,-0.306435303772678
0.639501532169157,0.964008088752001,0.133767678578141,1.16859104940158,1.03482337082344,1.38785251550638,1.34264809372939,-0.378640004977389,-1.20888041515125,-0.174057044327812,0.0452044217769934,-0.307824722905953
0.643535516066487,0.973139035101118,0.135980405156909,-0.721485024869901,-0.85746543002681,-0.503151196327027,-0.548460122401303,1.52159915750242,0.684440527558212,-0.173024902468598,0.0453089260742756,-0.309005307625508
0.647273454147604,0.981572381962434,0.138047074519299,0.646851372913794,0.508804298394496,0.864744197422564,0.819338436407348,0.162233945555086,-0.681291361888049,-0.172487063493553,0.0454057610152159,-0.310534138012852
0.6501306140596,0.98803531940049,0.139637331112118,0.617748382852756,0.478111051740638,0.835773071269699,0.790293292733237,0.197742026667253,-0.650655961621119,-0.172544909880481,0.0454797785364618,-0.312182240992599
0.652987773971596,0.994490764098561,0.14123673226478,-0.764620788461808,-0.905857520726588,-0.546607943406823,-0.592161739464531,1.58665250356309,0.733398471729311,-0.172459048997277,0.0455537960577077,-0.313695781262056
0.655824725932454,1.00091279236974,0.142833858225928,1.16665653284335,1.02382267461742,1.38449699042294,1.33886970035072,-0.337956907980982,-1.19603584212479,-0.17221316750737,0.0456272900722201,-0.315047025733298
0.658846665869786,1.00774172737574,0.144545006281844,1.90278066346368,1.75823565718183,2.12132408101199,2.07561850463084,-1.0678767772551,-1.931073498349,-0.172837841167168,0.045705576381144,-0.317382847449012
0.661344258663862,1.0134194629347,0.145966950051242,1.61822002786307,1.47225307781183,1.83701509543106,1.79124481646644,-0.777825353531743,-1.6452778664152,-0.173024788603369,0.0457702789646159,-0.318991738654612
0.663841851457939,1.01910738299485,0.14739588618781,0.738953032462153,0.591557146274343,0.958891004621708,0.91305602307362,0.106051359921231,-0.76566013688581,-0.174102990611467,0.0458349815480881,-0.321498876799277
0.666168436604196,1.02442633453544,0.148733293111832,0.902376860341046,0.753643567229215,1.12271278551463,1.0768175315034,-0.0523911969679605,-0.928084238391565,-0.17444067116235,0.0458952540112325,-0.323173964274182
0.66972665116308,1.03254981979024,0.150790458225177,-0.569087008939738,-0.719877467164915,-0.34905736826719,-0.395044801305785,1.42759462109602,0.545835259530963,-0.174042207633952,0.0459874330385959,-0.32483266585913
0.672659003223346,1.03926945392218,0.152496455342705,0.20695457449366,0.0544581191509546,0.429683737487981,0.383620339002016,0.65564911492016,-0.231123883659311,-0.176665764508356,0.0460633984859655,-0.329162219851061
0.675107808770188,1.0449194947693,0.153928584542715,-0.696097658878179,-0.850026243420894,-0.475342695661445,-0.521469532849539,1.56638902761884,0.675398117392254,-0.174628126028641,0.046126837188094,-0.328556710571356
0.677513298933302,1.05041712287862,0.155341952477246,0.0801207205449819,-0.075221231932264,0.298425818978182,0.252236665215329,0.798180457663287,-0.0968947127380834,-0.172115944670347,0.0461891537628532,-0.327457897147593
0.679747147764596,1.05549126553388,0.156660227853751,0.747204228025916,0.590544000172166,0.96455323389984,0.918306210098759,0.137185055435124,-0.761645982245009,-0.171101982072843,0.0462470238010811,-0.327762209926594
0.682043847509793,1.06069383634475,0.158021332917267,1.29054614264622,1.13252480972895,1.50719714800782,1.46089062595413,-0.400196789609377,-1.30286929303686,-0.170344483307912,0.0463065220536891,-0.328365816225179
0.684135685869735,1.06541421380584,0.159266063245433,1.82967993161492,1.67041386836949,2.04706901114978,2.00070829797798,-0.93529408417214,-1.84144223473255,-0.17102836636306,0.0463607131717989,-0.330294429608493
0.686148143566357,1.06997354014181,0.160468086014669,-0.759865621443746,-0.920333707458414,-0.543685111067392,-0.5900979589236,1.66007149906541,0.750566044938269,-0.169767662520146,0.0464128478562075,-0.330235748534814
0.688330021045569,1.07487708529665,0.161776292603663,-0.56434898929781,-0.726125281901473,-0.349121907726674,-0.395591279252417,1.47046836454907,0.55736757185608,-0.168757710045393,0.0464693715257422,-0.330534002649056
0.690312483909439,1.07932612938588,0.162969399383031,-0.208926203808116,-0.371895603191148,0.00650865523267746,-0.0400120739320018,1.11933820331789,0.202981473315033,-0.168914129876114,0.0465207291646793,-0.331883529259146
0.692204769490385,1.08359225421757,0.164112202961382,0.400524332795228,0.236412129833846,0.617128921300984,0.570559170628057,0.513033083589511,-0.406446967666675,-0.170034837832829,0.046569750672927,-0.334147040794211
0.695652502352243,1.09135019378813,0.166204373463715,0.999605855523937,0.833401482060221,1.21442637931566,1.16776731175176,-0.0764171179636264,-1.00156293828804,-0.168161456227823,0.0466590675639003,-0.334365829691539
0.69884089988212,1.09852018249669,0.168150571827966,1.02634900305949,0.858198431231523,1.24322392514059,1.19648225902107,-0.0979620765243758,-1.0283316871931,-0.170133255961578,0.0467416661195208,-0.338283827789544
0.7,1.10114515617963,0.168860811885993,-1.35295551187966,-1.52181632376566,-1.13654042108264,-1.18331211482408,2.28445727100371,1.35217292671007,-0.169643397055584,0.0467716937414404,-0.338504208941578
0.701300784779461,1.10408462439076,0.169659604156538,2.07334328086455,1.90368367670802,2.28998766513979,2.24295619534038,-1.13887157094962,-2.07329659118384,-0.169612914475826,0.0470314697994123,-0.339272518632364
0.702670531804646,1.10718421683639,0.170502726653863,-0.354355489806899,-0.524858216460763,-0.137620767470945,-0.184925785583837,1.29211000242023,0.355428512237701,-0.169429704223062,0.0473050181128923,-0.339932430876925
0.70433726081014,1.11096310271567,0.171531396997926,-1.76203543701695,-1.93356683401487,-1.54584838379137,-1.59348625965106,2.70444936236673,1.76501765664898,-0.16854917736589,0.0476378758596858,-0.340080574363816
0.706175420176693,1.11511948761047,0.172669358920663,1.00425336481584,0.831584005895173,1.22005741433434,1.17205244485417,-0.0569329572436978,-0.999383085933504,-0.167799080038332,0.0480049694801736,-0.340468438958994
0.709225459097857,1.12199029004846,0.174565595587879,-1.30411783162924,-1.47868342721712,-1.09046333117474,-1.13907741532178,2.26106770537024,1.31364301090965,-0.165040416307465,0.0486140841470364,-0.339606011895343
0.71168831284513,1.12750147023125,0.176104018192555,-0.123695431379125,-0.29979944957168,0.0890205086592078,0.0399145749395666,1.08758689529168,0.136189443252989,-0.163610006318692,0.0491059337196412,-0.339714024511247
0.714154392595702,1.13298338562806,0.177650871086948,0.928736285726841,0.751085414639893,1.14091647917825,1.09131805162999,0.041665333998073,-0.913667180543039,-0.162581765903146,0.0495984275482619,-0.340232636990094
0.716441928798579,1.13807249615714,0.179091437288955,0.200644860118699,0.0215534228297436,0.412481520592972,0.362426255644216,0.77564624051292,-0.18333481835526,-0.161781395525517,0.0500552649487566,-0.340872832814472
0.719339410880595,1.14449805582243,0.180923977774459,-0.448881821673931,-0.62980579944839,-0.238789732418148,-0.28942364533788,1.43392170116031,0.470347623112339,-0.159458176336051,0.0506339129197322,-0.34038215411051
0.722371433254589,1.15119746995945,0.182850940477771,0.3519567726856,0.16910583220783,0.562462814368123,0.511223384815328,0.63997408514412,-0.328372444337557,-0.159266612129727,0.0512394295527956,-0.342117552607498
0.725107110676301,1.15724263232285,0.184597732800366,-0.0694583537712171,-0.254056086571583,0.139689512804723,0.0879037488331084,1.06933888348974,0.096693983967258,-0.157362102604325,0.0517857639716147,-0.341959835404692
0.727381952576062,1.16223350061971,0.186056132941183,-0.0791582837201995,-0.265214416661383,0.128957760908447,0.0767176946797943,1.08551580593991,0.109338438261389,-0.155875978399994,0.0522400662286527,-0.341932111341177
0.729540867922083,1.16696796028126,0.187445090118067,0.553390291251405,0.365945201133339,0.762559573786662,0.709888356665916,0.457079603615348,-0.52244326654785,-0.156498065414511,0.0526712171207451,-0.343943155532578
0.73232137237175,1.17310618845074,0.189240986232926,2.51296846334688,2.32372747711396,2.72231665345966,2.66909014964083,-1.49598396119009,-2.47984916340791,-0.156121686293948,0.053226503818832,-0.345362672526874
0.734655257023765,1.17825773163716,0.190754542076569,-0.836003424556455,-1.02675796663302,-0.625886096544384,-0.67957869388171,1.85783642551887,0.870333235958279,-0.156424730674745,0.0536925973373257,-0.347179272751314
0.737939343009762,1.18551773539494,0.192893777553594,2.23188074480695,2.03898696725335,2.44287995711191,2.3885315042288,-1.20301376883386,-2.19563772667521,-0.156650759421855,0.054348452883112,-0.349544536975448
0.740234732813911,1.19059261584352,0.194395552424398,-0.160279342156979,-0.354674894581377,0.0496862637588673,-0.00512059494528927,1.19571321078881,0.199516147369688,-0.155158747211689,0.0548068587041566,-0.349554299636088
0.74253012261806,1.19564771687265,0.195902707466824,0.291324392693358,0.0954216852265339,0.499242136439071,0.44397687191387,0.751670844958778,-0.248074164447046,-0.152652479220512,0.0552652645252013,-0.348555186687336
0.74472599270486,1.2004716630346,0.197349513679875,1.9289145239629,1.73156501028302,2.13768231106765,2.08197851552335,-0.881506852488754,-1.88462900184348,-0.153063991560455,0.0557037955443023,-0.35041350524033
0.746786673509688,1.20500582100871,0.198711688186565,0.681484997647792,0.482773309461228,0.890025949402329,0.833910621108975,0.371095199899739,-0.63519893292241,-0.152425623461183,0.0561153282933543,-0.351137311647747
0.749014566611635,1.2098951570402,0.200189221262692,0.571848498130573,0.371659276867881,0.779763634939697,0.723203380401244,0.486691776638958,-0.523014159138552,-0.151354882270671,0.0565602545384529,-0.351544103533363
0.752065692945126,1.21657583715111,0.202220818267174,1.02365327794456,0.821432459677388,1.23014436134253,1.17297477497317,0.0436010621779386,-0.970753956705993,-0.149321497028605,0.0571695863693633,-0.351542315295779
0.755002417403223,1.22296072680003,0.204184999772669,-1.99098328449147,-2.19516828426413,-1.78620083100561,-1.84395690233015,3.06691762913018,2.04814190210282,-0.147026382161317,0.0577560713245384,-0.351211381933986
0.75793914186132,1.22930125183876,0.206157670012499,-1.8541845858832,-2.06034225589569,-1.64981660426689,-1.70815916054661,2.93746041238537,1.91431683055911,-0.146025425336589,0.0583425562797137,-0.352183095349088
0.761043888622317,1.23596253810225,0.208252351670957,-0.202678754379268,-0.410931106050226,-0.00296364875311383,-0.061926245248018,1.29788878335026,0.270178596918975,-0.14075250913125,0.0589625964949042,-0.349004860802208
0.763582380540645,1.24131690223684,0.209971832708622,1.49544691606387,1.28547508335525,1.69326804093075,1.63379848937752,-0.392481587140681,-1.4238266566689,-0.13835157331365,0.0594695515532273,-0.348323406022272
0.766060372570754,1.24652062478226,0.21165615797064,1.5226992726227,1.31104311465205,1.72060448570961,1.66064006136003,-0.414119436577763,-1.44898390338939,-0.137940788737332,0.0599644243495823,-0.349596946707972
0.769038812396729,1.25275824783593,0.213688225217463,0.963440125704415,0.749751900486952,1.15881593836284,1.09825669819967,0.154501549636262,-0.884568472982206,-0.134816572495254,0.0605592401631712,-0.348504797712717
0.771393515415393,1.25762644270004,0.215300521806452,2.50605127772606,2.2907507559196,2.69864295628865,2.63761346502973,-1.37998702232969,-2.42231294322328,-0.131562187303671,0.0610294912589264,-0.346862709110124
0.773748218434056,1.26245914395277,0.216917823616382,-1.19001612008326,-1.40693394369964,-0.997836241984503,-1.05933598433919,2.32179512829196,1.27625380795557,-0.130680135744076,0.0614997423546819,-0.347597959360458
0.776368186091274,1.26783481251986,0.218723160490784,1.94428669686253,1.72556353637175,2.13833666046634,2.07631369176341,-0.808478879243555,-1.85759053127263,-0.132026994900878,0.0620229687029243,-0.350750155391662
0.778632961172049,1.27249050318049,0.220288718660772,-0.0809466409195326,-0.301235359580305,0.111767085146898,0.0492918246029509,1.22319867857754,0.170996894057821,-0.130238465522483,0.0624752605439474,-0.350527184183256
0.780748419087006,1.27682706823149,0.221755205715455,1.27672534639936,1.05497014068391,1.46827991175667,1.40538217908157,-0.128555110850076,-1.18362697336611,-0.128656832682202,0.0628977326751026,-0.350412038397657
0.784063229412998,1.28365419237589,0.224061145669808,1.85073870637865,1.62667756070884,2.0456904402454,1.98213071615326,-0.698476523777374,-1.75806957048346,-0.131392009774615,0.0635597240921364,-0.355453155444423
0.786719777665506,1.2891836761367,0.225916345966997,2.07628218225305,1.85036583628605,2.27104011345923,2.20694985761138,-0.917766181474684,-1.98103351164438,-0.130667675358335,0.0640902558478476,-0.356584021325332
0.789376325918014,1.29470068000055,0.227777951939273,0.736252790727146,0.508474838787873,0.931051075269339,0.86643028766578,0.428270392334768,-0.638652335726507,-0.130177496938634,0.0646207876035582,-0.357955448877908
0.792173918314674,1.30045811491049,0.229745262872302,0.969534272466003,0.739789009593701,1.16113669646273,1.09595720957541,0.204500905335081,-0.866211946703103,-0.126422937109402,0.0651794868873228,-0.356168199981704
0.795467201138787,1.30716505199379,0.232069991026964,0.404917034782005,0.172847043755042,0.596536470891566,0.530699291783867,0.776465760209919,-0.298629300756903,-0.125782257001861,0.0658371791076992,-0.357852248028825
0.798266768161025,1.31287562334827,0.234053677985392,1.38555748618775,1.15150380820236,1.5761587316167,1.50976245887834,-0.196886835530069,-1.27570878089294,-0.124204972690584,0.0663962727383667,-0.358258650675976
0.8,1.31639112554798,0.23528522076792,-1.22191597556264,-1.45720119633056,-1.03417413669917,-1.10091654827755,2.41730767382553,1.33620176904547,-0.120999427285091,0.0667424115783886,-0.35628464805301
0.801524537732161,1.31944098988914,0.236370605087231,0.561213840427393,0.324843235340162,0.74703883661645,0.680225676039813,0.639215313849329,-0.443855070952582,-0.11901183561242,0.0668131605766376,-0.355382440699651
0.803096097262264,1.32257595975337,0.237491519558956,1.1205306810291,0.883039161470149,1.30738222763081,1.24049613592226,0.0820798238311133,-1.00300461636331,-0.119965454893156,0.0668860917085459,-0.357456974452112
0.805074605341817,1.32652928742827,0.238905655453013,2.43673762275063,2.19783196729762,2.62400407349613,2.55702616545421,-1.23049687802594,-2.3181205100012,-0.120288542703581,0.0669779080419191,-0.359194198156594
0.80704423014576,1.33048766428365,0.240316735843437,0.0650344027238814,-0.175282333119556,0.253054034766505,0.185984722636077,1.14450294164758,0.0543320132073603,-0.120950319912196,0.0670693121304278,-0.361267055755633
0.809402463765802,1.33522096078392,0.242010562751498,-1.23925238204699,-1.48126294479849,-1.05150200122205,-1.11868075155314,2.45390171233706,1.36069131430464,-0.120571630493852,0.0671787503310939,-0.36258219324535
0.811327111392952,1.33909047750469,0.243396455484632,0.957900999759804,0.714504544275171,1.14597236459082,1.07870429742044,0.260386180084246,-0.835307841935812,-0.120803297660641,0.067268067170376,-0.364199753145273
0.813407885914753,1.34327114265261,0.244898304521783,0.639827146178551,0.394928841656768,0.828710041970043,0.761345412602554,0.581925730050058,-0.516447108080771,-0.121518266424003,0.0673646293674893,-0.366416570945786
0.815362559434012,1.34721456814464,0.246312488482511,0.513334292358001,0.267021803875491,0.702138994662885,0.634683655048956,0.712530913095681,-0.388371166566445,-0.121349362690954,0.0674553396139295,-0.367661851173465
0.817420210838773,1.35136809095607,0.247804691018711,0.921674878938751,0.67387018792004,1.10949213253324,1.04194130379329,0.309426787162784,-0.794136612774579,-0.12026642485454,0.067550828739952,-0.36807111587325
0.819538822872849,1.35561911854924,0.249344847529153,1.61385929140584,1.36451444387669,1.80045367520855,1.73280452835162,-0.377185409802379,-1.48345968082246,-0.118945236945771,0.0676491468569309,-0.368290084474925
0.821644806907843,1.35983724564989,0.250879554503916,1.65807400971446,1.40719445521054,1.84550894424987,1.77776206530165,-0.417924819651764,-1.52688251079774,-0.119688055587196,0.0677468789482141,-0.370567610091112
0.823814131901396,1.3641807786236,0.25246431075809,3.268304198051,3.01583988729291,3.45431581509041,3.38646826459636,-2.02228748597277,-3.13400395383827,-0.118164066545368,0.0678475504940423,-0.370628377303458
0.825983456894948,1.36848658461365,0.254052975326675,1.51387065755309,1.25981768222642,1.69793616456134,1.62998794252147,-0.26150135790782,-1.3759349671948,-0.116117284968377,0.0679482220398711,-0.370170260295053
0.827950172972623,1.37237060244317,0.255496597728862,1.19305224647474,0.937555648745883,1.37617659251951,1.30813710137597,0.0642335010672035,-1.05264050364711,-0.115084854901222,0.0680394911435478,-0.370581452630084
0.829971014333864,1.37635077267483,0.256983225538945,0.829633778875865,0.572650553336921,1.0136056791819,0.945472407150601,0.430878365524233,-0.688489181611657,-0.115838628274736,0.0681332720312962,-0.37282185381368
0.832755531789619,1.38186234233651,0.259037095618259,0.862899646685151,0.603862551066892,1.04953469733293,0.981272204609715,0.40059013772679,-0.722235108991456,-0.118372557924564,0.0682624927232121,-0.377409653542823
0.835008703078703,1.38636734731997,0.260703721594189,1.88976881493326,1.62906509333907,2.07456811623679,2.00620106092504,-0.619833713605074,-1.74549733933085,-0.116432245991782,0.0683670553117417,-0.377135967585971
0.836990190811904,1.39029484286392,0.262172839464928,1.50445294764955,1.24228010818463,1.68829514759236,1.6198361376709,-0.229541294806984,-1.35766329820597,-0.115383190021346,0.0684590099214635,-0.377556029486274
0.839204238972413,1.39466400717661,0.263818155805785,1.162950857494,0.899132701688211,1.34613356378794,1.27757180685922,0.117092200317394,-1.01375365105343,-0.114620949365223,0.0685617569287211,-0.378439105171008
0.842888318397856,1.40188400612951,0.266564644252749,2.22951074593592,1.96294610168317,2.40854458367643,2.33981186021581,-0.937927854086294,-2.07324721596306,-0.110301114279894,0.0687327234606223,-0.376865758532642
0.846916887630533,1.40956942127183,0.269580057447889,2.16306509104645,1.89348503359856,2.33949859647044,2.27057891979011,-0.861009498518286,-2.00099886234222,-0.107513828743664,0.0689196766803271,-0.377093886191553
0.850310167005381,1.41600946807836,0.272129501857423,0.333185634018828,0.0610561321614054,0.506827565733787,0.437750417636725,0.978259050441631,-0.165620915779303,-0.104564783617897,0.0690771480970621,-0.37669428547532
0.853460491339166,1.42191722183557,0.27450408761911,0.176361364127532,-0.098142723491578,0.350145142377978,0.280921797643028,1.14099542419254,-0.00641771002391828,-0.104560433515496,0.0692233447349498,-0.379064521134607
0.856281030239223,1.42720958061376,0.276636306168638,-0.633010544273495,-0.909646850442133,-0.459324542161833,-0.528678779230565,1.95588835984432,0.805315085399203,-0.104331765042931,0.0693542370687319,-0.380968071211569
0.859177848436506,1.4326380535812,0.278832285503397,0.180161662617639,-0.0986706228857573,0.352582638979523,0.283093969694885,1.14954408388632,-0.00426168419148815,-0.102932307077245,0.0694886692846383,-0.381764592580642
0.862169665725855,1.43821849743443,0.281106706341867,3.28333048389261,3.00222377755074,3.45706418008334,3.3874366699739,-1.94921817253948,-3.10632996363204,-0.104106186081295,0.0696275101094344,-0.385212892423162
0.864741733311653,1.44305684132945,0.283067263298039,-0.0693283958901593,-0.352395659188198,0.104466952610199,0.0347200809387092,1.40833676039074,0.24834718235933,-0.104048476828868,0.0697468716714901,-0.387115740126907
0.866587261217315,1.44649944387572,0.284477001962377,1.6360516343739,1.35157463241152,1.80701081546877,1.73717829865527,-0.290678854779552,-1.45270129669289,-0.101126664281372,0.0698325168134972,-0.385603666243749
0.868432789122977,1.44991149171272,0.285889183924997,0.412193552659525,0.126304368734527,0.583055462263979,0.513137300308474,0.936774191404248,-0.227248116383477,-0.10094374764895,0.0699181619555045,-0.386832931573947
0.870261046805568,1.4532819361485,0.287290540904385,3.85035330931744,3.56306276841306,4.01928999549315,3.94928698985234,-2.49600505370383,-3.66199644894795,-0.0989336805348948,0.0700030056408103,-0.38622422143928
0.872047111733671,1.45655345805076,0.288661828099706,1.72162745092057,1.43296562282086,1.89055115929725,1.82046526800408,-0.36391180995332,-1.53180343990438,-0.0988378170835125,0.0700858912931661,-0.387499645183218
0.873688256411764,1.45956213379225,0.289923818955632,-0.853872240376879,-1.14379605933251,-0.685922263769944,-0.756084315422744,2.215646449215,1.04600813437838,-0.0977879249541351,0.0701620516527999,-0.387711743909767
0.875206974816563,1.46232760674778,0.291093337985873,0.418808897078616,0.127715559092743,0.585796002882356,0.515563472287976,0.946764134459806,-0.224470134302103,-0.09675457520936,0.0702325305943802,-0.387847913195233
0.876960214671674,1.46551196010463,0.292445431295099,1.55903356205603,1.26658813076093,1.72569560428756,1.65538171134916,-0.189869751244521,-1.36293628005406,-0.096348149293126,0.0703138929384026,-0.388793580588225
0.879373835905847,1.46989084054365,0.29431025914318,0.477732585310415,0.183422326167234,0.644322546923253,0.573896645419323,0.895994195124324,-0.279586386276143,-0.0961640601089087,0.0704259015039291,-0.390474319252089
0.881712133224484,1.47413203577076,0.296120698297064,2.05982502575631,1.76370432745924,2.22484375396933,2.15430933944574,-0.680177303674982,-1.85818864114868,-0.0944843136894371,0.0705344145235887,-0.390605011986501
0.883870281734931,1.4780033090001,0.297794936324956,0.0731219434693607,-0.224672992855595,0.238777451033761,0.168142883629751,1.30986042537034,0.129652052695205,-0.09502094016039,0.0706345674040101,-0.392815876485346
0.885773804362557,1.4814288532517,0.299274238865011,1.77843403557324,1.47915979670823,1.94339539461938,1.87267249072083,-0.391243637469133,-1.57339825185582,-0.0942384551475901,0.0707229038985473,-0.393512694012601
0.887902286681846,1.48524950797612,0.30093124377859,-0.15831683362397,-0.45924807740256,0.00596724031674148,-0.0648544397476585,1.55010394772378,0.365785683526249,-0.0934623938763111,0.0708216800644,-0.394393637654901
0.891092835354265,1.49094831352146,0.303420701803096,-0.319277162140931,-0.622697863944027,-0.156153090110442,-0.227122833497695,1.71807114701916,0.530543535300791,-0.0921543286432365,0.0709697433872529,-0.395575030446333
0.895034501676224,1.49793147003528,0.306505458932767,0.808862651622462,0.502357192689695,0.969256054703012,0.898103390986647,0.599828079048636,-0.59159793205388,-0.0892407393641854,0.0711526637163649,-0.395746198296952
0.898550493716309,1.50408180956653,0.309265503139312,-0.473482802583954,-0.782748305723266,-0.314882569698652,-0.386198399540354,1.89028020910689,0.695463902679666,-0.0872844030436002,0.0713158298417024,-0.396549906182913
0.9,1.50658643734309,0.31040562638364,1.7418557205077,1.43145009412406,1.89886694785677,1.82748385099021,-0.320897413647121,-1.51707822460657,-0.0856281304825075,0.0713830968665607,-0.396033756866147
0.901797656860382,1.50968398625488,0.311821389199796,1.79937895237503,1.48755756317524,1.95663741813125,1.88506167118074,-0.375377684925857,-1.57324028198095,-0.085682718805709,0.0715757469505112,-0.397504108005505
0.903637029904514,1.51284912527865,0.31327206293016,0.551567680725976,0.238295617795816,0.708451735955085,0.636678868308641,0.876170256970006,-0.323406805378481,-0.0851111875826649,0.0717728676464444,-0.398383250512825
0.905691081534374,1.51638947247022,0.314894499866968,0.996114385066992,0.681219885200023,1.15348196273983,1.08148896786685,0.434900504603369,-0.766594467999884,-0.08537458279986,0.0719929948729758,-0.400269082666828
0.907924537315416,1.52022549539904,0.316661576896338,0.237525130496457,-0.0791364463998813,0.394271795130428,0.322039446767251,1.19818604863179,-0.00537786987091315,-0.0845143162707945,0.0722323483631771,-0.401175893167132
0.910340933045614,1.52439663479485,0.318576824265495,1.69066747115832,1.37209064689283,1.84873762188049,1.77624631484142,-0.251849680046561,-1.45766949057592,-0.0855788436830922,0.0724913070390731,-0.404155667948587
0.913190620615336,1.5293075819535,0.320840112472014,2.74301001218001,2.422169899708,2.89873930636517,2.82594260592114,-1.29663502396764,-2.50510249344913,-0.0829325937411318,0.0727967004440315,-0.403772706213146
0.916180069357194,1.53437611877424,0.323219655561875,0.720167806626151,0.396948151064276,0.872759701252444,0.799642629571956,0.734733489202284,-0.476422974010081,-0.0794748229458047,0.0731170716804875,-0.40269447850768
0.919181600492378,1.53939389249925,0.325614048618399,-0.0259515210490991,-0.351565569667498,0.126697901830839,0.0532591640760763,1.48613472842317,0.272354884542323,-0.0792106851251754,0.0734387377547625,-0.404824733743575
0.921720388573097,1.54365162115626,0.3276433539386,0.205515544754407,-0.122127809184193,0.357268517827047,0.283557704935109,1.26009391622115,0.0440856490034905,-0.078042160180702,0.0737108128919377,-0.405685514119302
0.924838914668979,1.54884183553258,0.330141110186627,0.782013052180876,0.45187194199425,0.932018051194134,0.857973034190492,0.690868801342086,-0.527831924003866,-0.075959982009616,0.074045017003642,-0.406101092196243
0.92806185725455,1.55415189932962,0.332728246306523,0.91494037875675,0.582212132450227,1.06156228975552,0.98717187860388,0.566980020725742,-0.654443632297357,-0.0722314998471293,0.0743904111516358,-0.404959746153652
0.930773892751037,1.55852394676639,0.334909639097884,0.446002117711192,0.111092478613308,0.590939311906408,0.516258259154815,1.04226568761158,-0.181348620056931,-0.0702561414436232,0.0746810527515924,-0.405165780541508
0.934008047817002,1.56366462200725,0.337516020155553,1.0681529631257,0.730636942970152,1.21222215357245,1.13719450506128,0.426470116945962,-0.799678484905732,-0.0690415419355801,0.0750276485111603,-0.406557562091133
0.937242202882968,1.56885050386066,0.340127819515016,1.51037699986796,1.17024918035295,1.65546580349501,1.58009155922428,-0.011241055363622,-1.23996373970927,-0.0697145593563191,0.0753742442707281,-0.409842378871335
0.940352875967909,1.57380947611781,0.342645056979212,0.257695994197996,-0.0849490627812164,0.399370686616766,0.32366307982054,1.25014639629727,0.0189819771586722,-0.0659670856225442,0.0757076067962262,-0.408612142601756
0.942913718603217,1.57783048143869,0.344721040208789,-0.296117017664807,-0.640838057873596,-0.154466959345306,-0.230449004806413,1.8082794862451,0.575170045015201,-0.0656680128583949,0.0759820454611062,-0.410389053067184
0.945956763813887,1.58260126223147,0.347192180065554,0.597672757769237,0.250480577703682,0.738754075581962,0.662445915094,0.920155347137469,-0.315253735028446,-0.0647731573247635,0.0763081604879615,-0.411965337390318
0.950112262588509,1.58909517653714,0.350574084695554,-0.266595942209901,-0.617170026905455,-0.124521708539851,-0.201275202731607,1.79037037926875,0.551849287427161,-0.0653207394782935,0.0767534941917564,-0.415894824173848
0.953912963289071,1.59511003643052,0.353674777893011,0.131794750261178,-0.221880027631833,0.274424080305368,0.197263275171701,1.39784676125882,0.15641150272131,-0.0654685249105229,0.0771608051336664,-0.419143302803534
0.959056646073385,1.60318145426129,0.357882617745431,0.592383321631699,0.234500703886268,0.732690334007399,0.654978294129188,0.948203160132107,-0.297095676383757,-0.062594972497489,0.0777120398782112,-0.42047759024292
0.964203090523967,1.61123395717142,0.362105719996423,1.09125371847278,0.729147998476357,1.23012658278187,1.15186301219872,0.459370944972707,-0.789757292202294,-0.0606092937259373,0.0782635705831529,-0.42271501372236
0.969467017397473,1.61931371267854,0.366438309871018,1.26731404089523,0.90087573102421,1.40648520389735,1.3276575123318,0.291656200346743,-0.961219202460779,-0.0603434714365696,0.0788276915655488,-0.426781781307588
0.974220020349727,1.62661567695711,0.370361551513268,0.783435163398328,0.41307361188506,0.92139510325107,0.842058045055022,0.784557631902088,-0.471696493541754,-0.058622881656694,0.0793370581960485,-0.428984433169962
0.977477391581614,1.63158909344431,0.373056319724872,1.04055027348833,0.667493953763459,1.17799960520605,1.09831346323594,0.533275630208369,-0.725257143511072,-0.0577631897476123,0.0796861419701047,-0.430819509472484
0.9807347628135,1.63656127722952,0.375755961734609,0.478111050647791,0.102355088913183,0.615152686786193,0.535117461042032,1.10144381618749,-0.159361499307423,-0.0570064103942402,0.080035225744161,-0.432762372128849
0.983861280904427,1.64135380296384,0.378351738544634,0.442347190396088,0.0639954518514544,0.581271595630734,0.500901309294107,1.14045249366973,-0.122549570749473,-0.058554118898019,0.0803702863366264,-0.436905857442653
0.986987798995353,1.64614581945487,0.380952040515569,1.63778878443569,1.25683674392012,1.77662961266889,1.6959242657398,-0.0497784462849307,-1.31497222522423,-0.0581354813041057,0.0807053469290917,-0.439087521819675
0.989625163054717,1.65022829411831,0.383149046461487,1.25903939723991,0.875890350778425,1.39903001680661,1.31804203061602,0.33218626350229,-0.934892984154537,-0.0590026333761118,0.0809879861905891,-0.442151679837599
0.992445162662286,1.65457026106989,0.385501805727408,2.85453322305497,2.46903141732756,2.99238749502654,2.91109729701059,-1.2565270359407,-2.52559549128319,-0.0565640739556255,0.0812901980159442,-0.442065879683034
0.996659866468253,1.6609687409087,0.389024938582429,2.04391247104838,1.65488753246596,2.17981736366023,2.09807548709542,-0.437106746186726,-1.70905054851299,-0.0541630160470388,0.0817418765648039,-0.443187954629468
1,1.66602156176643,0.391822624318692,1.57213209610043,1.18030947178173,1.70749707929231,1.62539724953884,0.040624312227594,-1.23357462522015,-0.0532651534384154,0.0820998297534672,-0.445087777757107
1.00342199538036,1.67113781279766,0.394693953321785,-0.799581661081046,-1.19427561440283,-0.666394790671133,-0.748068181099524,2.41920599389719,1.14276213442131,-0.0515134799815216,0.0816733904283913,-0.446207433303306
1.00622099761966,1.67527952854655,0.39704625575063,1.9959875908658,1.59894133511517,2.12662910030608,2.0453045135706,-0.370024985024049,-1.64825825781997,-0.0493169227047963,0.0813245867354753,-0.446363178455426
1.00861382857363,1.67873934305768,0.399059753986159,2.09532186743837,1.69626211345221,2.22396097553648,2.14293457658433,-0.464195233526654,-1.74387482259817,-0.0476127091459619,0.081026398952146,-0.446672463132121
1.01097934547427,1.68212083922965,0.401052472985236,-0.627112778342195,-1.02816525132743,-0.499970713186382,-0.580702328154788,2.26282316738444,0.981754801140024,-0.0464104501874071,0.0807316149684062,-0.447462923172643
1.01280773399768,1.68471650593692,0.402594180160809,0.687785351523146,0.285191171362337,0.813702254125334,0.733198487731001,0.951518018205916,-0.330604307570192,-0.0454131362078551,0.0805037663943331,-0.448007316368664
1.01463612252109,1.68728713461083,0.404137137944718,1.44204287434415,1.03790573639943,1.5678686567276,1.48759273890734,0.199694395703492,-1.08345560096262,-0.0455498645631898,0.0802759178202601,-0.449687002507908
1.01613381790184,1.68940177313332,0.405401950910578,-0.500163950555252,-0.905565901465831,-0.37371577684002,-0.453805056124472,2.14320682925779,0.85920700703505,-0.0463588944307805,0.0800892792844516,-0.451760845341359
1.01745151255849,1.69126466440402,0.40651544606843,1.73023706246443,1.323721616396,1.85637477156539,1.77644969963881,-0.0851850352347847,-1.36993425357038,-0.0462126371743805,0.079925071926586,-0.452728083242811
1.0197398095683,1.69448787565628,0.408450666345736,-0.228808229652824,-0.637258895998561,-0.102349745907681,-0.181989656773549,1.87647753242983,0.590440323119285,-0.0468185728792756,0.0796399108658677,-0.455269239225012
1.02161967044293,1.69713558972575,0.410041924042159,0.0658176355175807,-0.344224288524578,0.190111811736242,0.110706163782363,1.58642942594339,0.299335760259796,-0.044888528264782,0.0794056479538794,-0.454930452306941
1.02373006460008,1.70007820739757,0.411829853706806,0.36938488669564,-0.0424449670111656,0.493205338843342,0.414062682203006,1.28601552519456,-0.00223282849620032,-0.0446777955073659,0.0791426566403362,-0.456507649214172
1.02629586919322,1.70362796110192,0.414005747028888,2.33737321736848,1.92336747033959,2.45962588858252,2.38080297520813,-0.677175014106209,-1.96679722817924,-0.0434297578396525,0.0788229133743896,-0.457435504868541
1.02864125180482,1.7068477353509,0.41599672098834,1.72552417563912,1.30952745465078,1.84757073651553,1.76904009804709,-0.0621923626961942,-1.35304337705875,-0.0435159224079649,0.0785306384684454,-0.459512643396304
1.03060828906348,1.7095455548507,0.417667978572105,1.23796626080432,0.820298282232211,1.35983981714334,1.28155430525975,0.427991249590951,-0.863886326687642,-0.0435880444554306,0.0782855118835895,-0.461256023027535
1.03262052262719,1.7122872139435,0.41937900127857,1.64109672035691,1.22171771907834,1.76086493379025,1.68283018072642,0.0294570332170783,-1.26345117944785,-0.0417334603695114,0.0780347530638295,-0.461112461648081
1.03449227216138,1.71479924760729,0.42097177056572,0.313858271185206,-0.107113499380515,0.430961670784978,0.353160169820976,1.36163907778631,0.067811600744744,-0.0393018986357705,0.0778015009640014,-0.460273669201491
1.03614545092512,1.71699470722098,0.422379469172156,0.87679258195284,0.454413112780684,0.995031880713446,0.917436394181926,0.799558313039054,-0.495056925009771,-0.0406438122290865,0.0775954865315197,-0.463023281401242
1.03784274733366,1.71924920155324,0.423825630225789,2.1494845239831,1.72565889375731,2.2659552121235,2.18857123783979,-0.469322036286548,-1.764745607614,-0.039086713856697,0.0773839742837059,-0.462912344082486
1.03979889760546,1.72182624570066,0.425493447371219,1.38809769010148,0.962604242730263,1.5040775915065,1.42693738710233,0.294888858598321,-1.00144393973112,-0.0388396970008529,0.0771402044041671,-0.464333144372072
1.0418008408482,1.72443741374066,0.427201504991955,2.40699449563126,1.9797929906393,2.52122585115274,2.44433512321782,-0.719897709477159,-2.01713361822586,-0.0373406275865604,0.0768907279349187,-0.464542132578516
1.04350501734067,1.72662569398809,0.42865642546167,1.48085166825862,1.05219524279695,1.59275934192366,1.51608098361304,0.210544710375051,-1.08742455815137,-0.0352293153544139,0.0766783583106263,-0.463885740816084
1.04520919383314,1.72878525817527,0.430112149154594,0.809329858159418,0.379217709004824,0.920440386977134,0.8439743982908,0.884810859884465,-0.413862249136206,-0.0346445401313824,0.0764659886863337,-0.464756689285976
1.04755140092122,1.73173005146676,0.432114155202429,0.579181310986091,0.147067155783662,0.689260291032802,0.613086181527708,1.11864386993905,-0.180972026325279,-0.0339048705416169,0.0761741095050938,-0.466019025744046
1.05020626793944,1.73501172678676,0.434385123697551,-0.864506929422297,-1.29889205311985,-0.757787293481065,-0.833630561014274,2.56864228780103,1.26801568471182,-0.0308763684080234,0.075843267533209,-0.465261492105574
1.0542291447811,1.7398650516933,0.43782948829804,1.87784598600079,1.44001649770275,1.9824645877248,1.90712263965423,-0.167257587960923,-1.46929315135619,-0.0292766536534383,0.0753419480705755,-0.467106141951478
1.05906761688326,1.74568514898418,0.441977038828127,0.752992637916631,0.311015599088504,0.857600350347924,0.782861358900108,0.962823790084068,-0.340884320071982,-0.0298687209834776,0.0747389914478154,-0.471845759811604
1.06373497958533,1.75124419610571,0.445982871788947,0.114519009907039,-0.331463861881907,0.219148033064301,0.144990675072795,1.60625352103291,0.300992196716151,-0.0304716651657559,0.0741573579915054,-0.476454536954703
1.06840234228741,1.75681129519896,0.449993477085345,0.634799777142293,0.184806300056947,0.739190490330442,0.665614765795247,1.09119652940371,-0.215621288709902,-0.0308149886529545,0.0735757245351953,-0.4808084657383
1.07297248438566,1.76224990345849,0.453925187010117,1.26671714873305,0.81279196172293,1.36767613768794,1.2946699312541,0.467579972204388,-0.840744744243985,-0.027952782521055,0.0730062064338379,-0.481877969531172
1.07791382046185,1.76782928423919,0.458180851675503,1.88448077507309,1.42629992339758,1.98166940186621,1.90927897067082,-0.141449686431627,-1.45109811899532,-0.024798195597733,0.072390431195392,-0.482979047273236
1.08210746780176,1.77252665870402,0.461795862306218,1.88344139358521,1.42164553127899,1.97890772042921,1.90703988962992,-0.134513230925894,-1.4452440273237,-0.0235984960447122,0.0718678307992895,-0.485394358350931
1.08596296590152,1.77676946557406,0.465121916781695,0.641197959276049,0.176076042494354,0.735574598256569,0.66418722865747,1.11258223691659,-0.199065311875775,-0.0229892693814208,0.0713873695990994,-0.488111186163115
1.08932817469877,1.78040714780416,0.468026852850009,0.791613473210088,0.323586620360079,0.88131081471361,0.810342807857216,0.970064339946939,-0.342315955007208,-0.0187293346471286,0.0709680068563936,-0.486756187497137
1.09277918142121,1.78397332993515,0.47100734041007,0.539459525604182,0.0684521851941113,0.626197457309006,0.555659505088571,1.22831382484658,-0.0846521646785003,-0.016199979484389,0.0705379522204356,-0.487207319894459
1.09626931326879,1.78749934633784,0.474022877907397,2.21546255887249,1.7414396809651,2.29876640630952,2.22866338438679,-0.44116403804895,-1.75464050647939,-0.0132008255142968,0.0701030219227357,-0.487223703421694
1.1,1.79113381622218,0.477247385488034,3.10237166222073,2.6251242767327,3.18297640919578,3.11333829483571,-1.32220447861353,-2.63609090934768,-0.0109666326149807,0.0696381143600737,-0.488214018103015
1.10364303438605,1.79466910140791,0.480397064359128,1.53948939688366,1.05909233252454,1.62052101597901,1.55106547787768,0.243603623530226,-1.07066841351855,-0.0115760809940186,0.0694555381013318,-0.491973145353146
1.10757462925601,1.79840334083774,0.483797188212548,0.0219291364907739,-0.461868051721774,0.0997107230523948,0.0304522228612717,1.76795111797646,0.453344965351276,-0.00852308637049776,0.0692585001911231,-0.492320274583046
1.1096481673033,1.80032805628796,0.48559073127238,1.14123860724628,0.655647875973903,1.21799160975065,1.14883702810076,0.651491028187203,-0.663246296828375,-0.00759842085447238,0.0691545816498973,-0.493189152126853
1.11172170535059,1.80221712841876,0.487384434246656,0.0350826604116313,-0.452301773835025,0.108286739295021,0.0392360761863493,1.76298105223241,0.448148358060307,-0.00415341577471795,0.0690506631086716,-0.491537850021374
1.11368168013973,1.80394833774365,0.489079978821588,1.58491203486331,1.09583205604172,1.65713443018653,1.58818199422213,0.215766343521516,-1.09910201540055,-0.0032699593588299,0.0689524359643987,-0.492349938180418
1.11617955153607,1.80614682649857,0.491240906125957,2.07983795761324,1.58859705148728,2.15234620359054,2.08351895228432,-0.277372125785747,-1.59227804615836,-0.00368099467108562,0.0688272513062165,-0.494921900797042
1.11870674423518,1.80834007816192,0.493427247778886,1.11312412660752,0.619696878828629,1.18336224619091,1.11466164902496,0.693678429136962,-0.621234401246074,-0.00153752241744476,0.0687005971659513,-0.494964770196331
1.12077721881956,1.81010345410438,0.495218451569782,1.59777079907158,1.1025523475018,1.66585658064823,1.59725974849336,0.212843705611025,-1.10204129692357,0.000511050578222871,0.0685968321548702,-0.494707400991559
1.12264365362145,1.8116641330404,0.496833084052353,1.49692031628899,1.00008723223664,1.56457422138898,1.49607092847838,0.315593204562014,-0.999237844426029,0.000849387810608615,0.0685032929106018,-0.495983696241744
1.12527528034087,1.8138237392743,0.499109536369936,2.32130629042187,1.82219675405194,2.38611215974269,2.31774075484354,-0.503917015569241,-1.81863121847361,0.00356553557832884,0.0683714048991471,-0.495544000791607
1.12767849524316,1.81575223669159,0.501188186404072,1.60974969857384,1.10856151216977,1.67448953090751,1.60623856681109,0.209513669880498,-1.10505038040702,0.00351113176275386,0.0682509640964217,-0.497677054641318
1.12965248030822,1.81734130061434,0.50289540098301,2.60171588993074,2.09882048894773,2.66579420569786,2.59764217089219,-0.780300870277849,-2.09474676990918,0.00407371903854958,0.0681520348056712,-0.49882168194446
1.13200740520906,1.81921254929966,0.50493185152119,1.73740318044845,1.23247132892726,1.80170487789301,1.73367086376253,0.0855416855371227,-1.22873901224134,0.00373231668591423,0.0680340141304727,-0.501199534835275
1.1345374482191,1.82120111920145,0.507119445387946,0.416522700438587,-0.0905967449493594,0.478280099681547,0.410372882539046,1.4108282366624,0.0967465628488997,0.00614981789954028,0.0679072171425008,-0.500969627488406
1.13764863856888,1.82357815552826,0.509809008070877,-0.0764056639497397,-0.586214672020617,-0.0177105884063299,-0.0854618834701173,1.90904003899838,0.595270891540994,0.00905621952037761,0.0677512950637874,-0.500752788550499
1.14079895416021,1.82589875602035,0.512531648072789,1.17363841479086,0.661106766718075,1.22997847139091,1.16238505922736,0.663513696792997,-0.649853411154566,0.0112533555635084,0.0675934121635535,-0.501278292509281
1.14347617534833,1.82779147453244,0.514844702072946,2.02901247633531,1.51416777426236,2.08127819076826,2.01381895165293,-0.186027477120485,-1.49897424957998,0.0151935246823838,0.0674592391153319,-0.499651177390563
1.14566862584889,1.82927150066195,0.516738315592352,1.41401267455315,0.8972743589608,1.46458716351887,1.39723780242484,0.432033698237116,-0.880499486832487,0.0167748721283134,0.0673493610940312,-0.499963443464039
1.14825937686206,1.8309842591095,0.518975135301672,1.32752476993094,0.808549634629265,1.37784570764163,1.31062618601031,0.520358073099184,-0.791651050708639,0.0168985839206262,0.0672195216313221,-0.502076551381046
1.15133705222298,1.83297869085298,0.521631174088466,1.67891062474098,1.15727945065252,1.72648418137646,1.65941890216876,0.17355978868422,-1.13778772808029,0.0194917225722258,0.0670652792077067,-0.50213945151624
1.15453644674057,1.83496179585551,0.524390745334753,1.84049980595411,1.31610906061936,1.88471256391924,1.81780762727748,0.0171541685780394,-1.29341688194272,0.0226921786766372,0.0669049366417684,-0.501698566658116
1.15684269515834,1.83634816439848,0.526378891476447,0.0761447809421928,-0.450234110534254,0.1214371611499,0.0546478056866838,1.7817003587118,0.471731085789763,0.021496975255509,0.0667893554632161,-0.504881916220938
1.15914894357611,1.83775559420337,0.528366144282817,0.0293254271487559,-0.499040717134061,0.074163679628001,0.00748990534333727,1.83026568886004,0.52087623893948,0.0218355218054186,0.0666737742846637,-0.506530622477398
1.16149841886576,1.83914418810058,0.530389712632643,2.18550084385545,1.65511113122281,2.22818857855535,2.16163255183026,-0.322488363729676,-1.63124283919761,0.0238682920251949,0.0665560267250931,-0.506521420607448
1.1638478941554,1.84052047779289,0.532412278994528,0.192498817959704,-0.339913461034824,0.236569953821988,0.170131674656466,1.67038880313642,0.362280604338063,0.0223671433032385,0.0664382791655221,-0.51004513569129
1.16595390289712,1.84177952670803,0.534224429228687,-0.706757573178665,-1.24098200240735,-0.663509877692459,-0.729842610998075,2.57162213770611,1.26406704022676,0.0230850378194098,0.0663327333056166,-0.511139391409277
1.16795406491287,1.84294709967402,0.535944776750823,0.90881748323501,0.372872706484187,0.950121716657025,0.883889224540213,0.959057875133807,-0.34794444778939,0.024928258694797,0.066232492116812,-0.511016518056026
1.16980286970068,1.84398428032622,0.537534268112878,1.83870076634938,1.30116649823651,1.87865868826406,1.81251885183631,0.031465428489909,-1.27498458372343,0.0261819145130779,0.0661398364277539,-0.5113523535998
1.17264963723267,1.84553059409919,0.53998039421541,0.125374666378196,-0.414605727837214,0.162853274428362,0.0968561081240327,1.74867448597515,0.443124286091377,0.0285185582541634,0.0659971663043291,-0.511461835961246
1.17549640476465,1.84704646866708,0.54242479206637,1.21015080884489,0.667726016778518,1.24886884267365,1.18301434649275,0.664032122174334,-0.640589554426375,0.0271364623521428,0.0658544961809042,-0.515288329714228
1.178423302654,1.84862089531261,0.544936205300163,1.18260040672323,0.637664201423063,1.22130896630974,1.15560115610809,0.693019739204525,-0.610664950807924,0.0269992506151382,0.0657078102016553,-0.517936954685024
1.18096709013927,1.85000244917177,0.5471174320261,1.40068524906641,0.853567817040314,1.44079097302939,1.37521064864117,0.474791800530598,-0.828093216615073,0.0254746004252409,0.0655803243882151,-0.52164283160086
1.18324107160529,1.85124674566751,0.549066189483666,-1.59698821525523,-2.14605440473889,-1.55742581399099,-1.62289217430846,3.47413891997597,2.17195836379212,0.0259039590532306,0.0654663603174657,-0.523162230430436
1.18634688230752,1.8529298361189,0.551726103118208,0.421133183681407,-0.130592919436801,0.458046590012408,0.392735882164364,1.46019395395454,0.158990220953845,0.0283973015170435,0.0653107078480448,-0.523328801601165
1.19083301743363,1.85523088309331,0.555564445689473,1.76999522807226,1.21443078238279,1.80632546629091,1.74123958798899,0.113991295104318,-1.18567514229951,0.0287556400832742,0.0650858783019193,-0.526808805606198
1.19443381543011,1.85704465936277,0.558641976553675,-0.776487373436288,-1.33512934998996,-0.741292269708271,-0.806197688492926,2.66324234785569,1.3648396650466,0.0297103150566379,0.0649054187846553,-0.528931661497037
1.19763362529404,1.85863879153213,0.561374260164215,3.12273211627028,2.56135785610606,3.15610661209966,3.09136155669666,-1.23272276516453,-2.52998729653245,0.0313705595736122,0.0647450554029976,-0.530003700590603
1.2,1.85976222351604,0.563393298231645,0.247358869002369,-0.316034429229276,0.279858803733289,0.215232342830045,1.644529880686,0.3481609554016,0.0321265261723241,0.0646264609032446,-0.53126677205932
1.20199858267003,1.86070662999104,0.565097436551063,0.966524534396358,0.401427097845294,0.999971393489766,0.935055941105813,0.925650688885225,-0.36995850455475,0.0314685932905445,0.0649154523839534,-0.533628843260519
1.20399716534007,1.86166254403528,0.566800588250608,1.00229820408158,0.435497615830976,1.0346497808233,0.969445336958638,0.892217207076646,-0.402644748708029,0.032852867122947,0.0652044438646621,-0.533947721127661
1.20597745010818,1.86258027023293,0.568487158857236,0.836063183355921,0.267576024498685,0.866876100463416,0.801385310961948,1.06119495927098,-0.232898152104712,0.034677872393973,0.0654907895014677,-0.533809286463263
1.20782271379149,1.86341389870858,0.570057821336955,0.528890980861312,-0.0411668404756426,0.55791900133754,0.492161390006715,1.37125250870187,0.0778964313302396,0.036729590854597,0.0657576113308248,-0.533328230482358
1.20957152617782,1.86416609104993,0.571545537807005,2.30327452555828,1.73172898775128,2.33141813246049,2.2654076459854,-0.401241554935471,-1.6938621081784,0.0378668795728818,0.0660104864750872,-0.533678658234123
1.21128306439809,1.8648835821026,0.573000716816613,1.21763413373526,0.644633416918645,1.24400810094698,1.17775012910539,0.687133452997211,-0.60474941228878,0.0398840046298647,0.0662579718415839,-0.533116712186748
1.21355312463726,1.8658263464655,0.574929465714271,-0.202544684477829,-0.7774741501921,-0.174793205009594,-0.241379423502993,2.10720576996849,0.816308889217264,0.0388347390251635,0.0665862184933983,-0.536094726689108
1.21565459875204,1.86669635897455,0.576713670316089,0.47838023403535,-0.0983334362807385,0.504541518184691,0.437651430291639,1.42904492868291,0.13906224002445,0.0407288037437118,0.0668900878930522,-0.535984866572377
1.2180762865328,1.86767035484568,0.578768157512653,2.97207882525855,2.3933106677459,2.99542101184381,2.92818075222753,-1.06051039738185,-2.34941259471488,0.0438980730310194,0.0672402596162796,-0.534870084481633
1.22009967523416,1.86842919240601,0.580483381351321,-0.103332673243032,-0.683816054594353,-0.0816059383049369,-0.149138776309702,2.01756796871571,0.729622157661023,0.0458061030666698,0.0675328380047652,-0.534677278284651
1.22235075021411,1.86922436388546,0.582390088791403,1.48317462125312,0.900784532461713,1.50157240608285,1.43371406666081,0.435510297224652,-0.851323977869405,0.0494605545923088,0.0678583394220422,-0.532929534199094
1.22465632942106,1.86998757626175,0.584341205651092,2.37093841409793,1.78659720844684,2.39028233999761,2.32209061794451,-0.452103041682768,-1.73774941229342,0.0488477961534133,0.0681917220530925,-0.535493409497679
1.22674302503311,1.87068178826269,0.586105545456289,0.836057196866074,0.249951651409785,0.854417730415934,0.785924275908259,1.08475751235443,-0.199818730451971,0.0501329209578143,0.0684934545076751,-0.535972624498474
1.22912113260481,1.87144072818285,0.588114468540447,0.68320323030001,0.0950887617595627,0.699186807050588,0.630349482439998,1.24109124574285,-0.042235013899551,0.0528537478600117,0.0688373246105902,-0.535260720680435
1.2324132388655,1.87239916665199,0.590892179036953,-0.433622210609791,-1.02451438964674,-0.419752803769537,-0.489066161059282,2.36146532771127,1.07995834009623,0.0554439504494908,0.0693133572897442,-0.535448228587462
1.23561246408599,1.87329412422594,0.593587702274996,1.28322574116637,0.68963803889137,1.29662969016582,1.22685373062927,0.646440393596675,-0.633266028354273,0.0563720105370971,0.0697759595365519,-0.537215691737899
1.24017365886788,1.87453554490021,0.59742416942275,-0.600527168279845,-1.19795133770259,-0.587873951627926,-0.658309451774723,2.53284499667493,1.25573362119747,0.0577822834948779,0.0704355001467969,-0.539641885927872
1.24469856755091,1.87566512992371,0.601222340287452,1.95615740672792,1.35493506644046,1.96271496424009,1.89162517038807,-0.0159600404643592,-1.29040283010062,0.0645322363398462,0.0710897938520241,-0.536690103947606
1.24922347623394,1.87661059455297,0.605012218707953,1.59047738624247,0.985465167534513,1.59855041873215,1.5268063311749,0.349804263378065,-0.92179411246695,0.0636710550675632,0.0717440875572513,-0.54134116364039
1.25313792012615,1.87741241325018,0.608283999153502,-0.0778479951521632,-0.686131994305665,-0.0731096036388369,-0.145419712784049,2.02283212603422,0.75370371193755,0.0675717176318854,0.0723101091452118,-0.540712281521616
1.25706959355362,1.87811121520812,0.611563638228618,1.5562764464963,0.944712808267682,1.55831762815481,1.48543900606165,0.39267220914647,-0.873875367833031,0.070837440434651,0.0728786220931641,-0.540726197793968
1.26131065094882,1.87873918628918,0.615093683100321,2.37871993554958,1.76362625244925,2.38040187139566,2.30690999998598,-0.428170813696795,-1.69181631688565,0.0718099355636004,0.0734918714096846,-0.543283747536721
1.2646547403981,1.87922368372924,0.617871423930842,0.326008675706563,-0.291862748224279,0.325928625269052,0.251953204504087,1.62727047922515,0.365918219426755,0.0740554712024761,0.073975420764965,-0.543815952728366
1.26799882984738,1.87968323737504,0.620644092244054,2.11644369660681,1.49579960436276,2.11578193766532,2.04132296754508,-0.16163973017004,-1.42067887530102,0.0751207290617315,0.0744589701202449,-0.545523363182323
1.27123906826635,1.88005298821744,0.623325734010836,0.380266648508599,-0.243059085502237,0.377584122183739,0.302656619381516,1.57739636883592,0.32066911462932,0.0776100291270832,0.0749275028022233,-0.545715704883752
1.27583171193913,1.88050895423892,0.627118097644001,0.655265623022469,0.0281475253784677,0.651479366862318,0.575887775996455,1.30462117824246,0.0512303216475456,0.0793778470260132,0.0755915908658626,-0.547740250617988
1.27877126342121,1.88079863284485,0.629540127676154,0.770993051478439,0.141452923802285,0.767338844502592,0.691322199748211,1.18947643309664,-0.0617820720720565,0.0796708517302284,0.0760166447543815,-0.549869275945926
1.28171081490329,1.88104420101496,0.631958004682507,2.47472340131135,1.84276539662884,2.46966265005938,2.39322095141648,-0.512176750401523,-1.76126294673397,0.0815024498948671,0.0764416986429004,-0.55045555478764
1.28433963399046,1.88123120343087,0.634116706427609,0.918975791744718,0.284859085317109,0.913112356395777,0.836290535213085,1.04494066821779,-0.202173828785476,0.0826852565316331,0.0768218211826919,-0.551431449895976
1.28682050370553,1.88136462702598,0.636150767715239,0.2106552533075,-0.425495514407739,0.200979336340037,0.123798785832233,1.75756584119375,0.512351981883006,0.0868564674752673,0.0771805505078044,-0.549294300239972
1.29032443572239,1.88144115768249,0.639018222738367,1.35797274153252,0.718954518794151,1.3467112977557,1.26902408494314,0.612417072739355,-0.630005862204768,0.0889486565893827,0.077687212812565,-0.550069566148985
1.2933839051829,1.88146626954395,0.641516648820096,3.29844268867193,2.65692603985183,3.28554326057735,3.20741365395099,-1.32594738440704,-2.56589700513089,0.0910290347209401,0.0781296066263577,-0.550487614099156
1.29687297815278,1.88142537525884,0.644359751014716,3.09510918542784,2.45074943441312,3.08019136589136,3.00155724555187,-1.12013187029303,-2.35719749453715,0.0935519398759697,0.0786341203394927,-0.550807811138746
1.29936356842738,1.88135163926822,0.646385147096377,1.93129431859865,1.28490917150227,1.91382378000628,1.83482952476614,0.0465221145020795,-1.18844437766976,0.0964647938325094,0.0789942552401344,-0.549920353263868
1.3,1.88132122220764,0.646902149458607,3.33839460879524,2.69149245933663,3.32044031665237,3.24135403454475,-1.36003281233711,-2.59445188508615,0.097040574250487,0.0790862821076228,-0.54986157520812
1.3008001032659,1.88127807360731,0.647551783510029,2.15836120673012,1.5108094232201,2.13961632667875,2.06056516726386,-0.179287093656555,-1.41301338375383,0.0977960394662607,0.0790511594148864,-0.549755744043768
1.30165700941159,1.88122579924074,0.648247131798672,1.50096366991618,0.852716538117504,1.48190935637183,1.40289581316543,0.478329986075312,-0.75464868136676,0.098067856750744,0.0790135432064019,-0.550179275047928
1.30261363940945,1.88116408603119,0.649022903330856,-1.0421007242465,-1.69112362757735,-1.06119595833149,-1.14016750768171,3.02133159371291,1.78919041101257,0.0980667834352156,0.0789715493502219,-0.55095611989564
1.30419443428412,1.88106372965774,0.65030368212975,0.577377438250471,-0.0729262438792794,0.558562931859669,0.479660775767829,1.40140295388992,0.170642906361922,0.0977166624826422,0.0789021560918405,-0.552587019647108
1.30599299794245,1.8809506552967,0.651759154825371,1.95370856358767,1.3019494087623,1.93503113254056,1.85620792925573,0.0247427260409705,-1.20444877443035,0.0975006343319484,0.0788232032848331,-0.554258520493423
1.30893148182107,1.88075727816395,0.654133101974131,0.0610975664000537,-0.593035535574078,0.0422954013477906,-0.0363988092547489,1.9171560874187,0.69053191122888,0.0974963756548026,0.0786942106025395,-0.556636726319329
1.31183319130065,1.88054390644539,0.656472458672026,1.90006829674241,1.24359583807039,1.87993992462407,1.8013730923923,0.0791708140530822,-1.14490063372028,0.0986952043501059,0.0785668322317647,-0.55777725432192
1.31467346308075,1.88027313519589,0.658757519206974,1.74744711575797,1.08868959655099,1.72364632636577,1.64520417553111,0.235068959664779,-0.986446656324139,0.102242940226856,0.07844215083466,-0.556514578980118
1.31732483453228,1.87996448693715,0.660886235052578,1.84363177851426,1.18274554346168,1.81962708015498,1.74130131842757,0.13866316850958,-1.08041508337499,0.102330460086691,0.078325761727414,-0.558555774965887
1.31965238588297,1.87970539918771,0.662751470241536,2.70716320664731,2.04441173640577,2.6842063250221,2.60598273744446,-0.726277338256748,-1.94323126720292,0.101180469202853,0.0782235875776474,-0.561571001038683
1.32171278453267,1.87947925190623,0.664399907047661,2.15568181292927,1.49128190588161,2.13307319724328,2.05494005642641,-0.175460804520175,-1.39054014937875,0.100741756502858,0.0781331408168704,-0.563658150544803
1.32405834718348,1.87921082181491,0.666273398378277,0.916278525408148,0.25000512702987,0.891891807792076,0.813861631779612,1.06534919003529,-0.147588233401335,0.102416893628535,0.0780301760124632,-0.563856504749742
1.32603019356266,1.87895891966114,0.667845812446642,1.4840112330607,0.81616542061406,1.45933628683632,1.38139267034367,0.497566249317472,-0.713546857897027,0.102618562717032,0.077943616492647,-0.56522724972961
1.32911757696592,1.87851350773283,0.670303000475981,0.0405004514283074,-0.629802549047674,0.0131801758533373,-0.0646279116104278,1.94314141934326,0.734930912086409,0.105128363038735,0.0778080874637651,-0.565174637437246
1.33160067191588,1.87810647577831,0.67227492442322,0.63409385617152,-0.0381810682517004,0.606720707687406,0.529021622379588,1.34908485339872,0.143253302043632,0.105072233791932,0.0776990853078184,-0.567202690631288
1.33488893637304,1.87756201293226,0.674880292463586,0.779006726549861,0.104126434086275,0.750176732792848,0.672621994730051,1.20494001820221,0.00225829773353536,0.106384731819811,0.0775547380627972,-0.568495560643775
1.33773333849269,1.87704434568179,0.677128444071765,0.269182213741269,-0.407946230330496,0.238333531500611,0.160903656147323,1.71614068953446,0.516224787924442,0.108278557593946,0.0774298753532876,-0.568849886477819
1.34046532932324,1.87648982622189,0.679282824234529,0.318587774622915,-0.360695049611614,0.286714887533179,0.209404940292411,1.66708488592948,0.469877883942118,0.109182834330504,0.0773099472407681,-0.570099989904025
1.34288775631736,1.87598407657263,0.681188999525437,2.03104308386232,1.34985408433688,2.00095047420896,1.92374686594045,-0.0477627893678128,-1.24255786641501,0.107296217921871,0.0772036082685159,-0.573892781603566
1.34491807026634,1.8755639205136,0.682783682127057,2.28495492468227,1.60217124255522,2.2513931984714,2.17427871631451,-0.298714795800911,-1.49149503418745,0.110676208367766,0.0771144821568899,-0.572107473759291
1.34674828959297,1.87514255747284,0.684218866210583,1.22642168628483,0.542202820074244,1.19215557672538,1.11512143698651,0.760021120486324,-0.43090257077593,0.111300249298315,0.0770341397388681,-0.572918616912268
1.34885748306055,1.87462801112943,0.685870023403362,0.950893396853749,0.265023373450387,0.914638153294874,0.837696602297035,1.03693140883239,-0.151826578893674,0.113196794556714,0.0769415509978384,-0.572673228846648
1.3513125365703,1.87398504108115,0.687788113704677,-0.3935722853837,-1.08136039908838,-0.431043927303108,-0.507877707099715,2.38186274818086,1.19566582080439,0.114305421716015,0.0768337797966075,-0.573482691988662
1.35411842445502,1.87321327748983,0.689975215986219,1.46273081213245,0.772755596146232,1.4225265944166,1.34581598664319,0.527397290846644,-0.65584077065697,0.116914825489262,0.0767106077734094,-0.573060390496957
1.3563884110711,1.87253247100784,0.691740558056986,3.2856054091188,2.59386485106181,3.24389631528067,3.1672853546976,-1.29475288368976,-2.47554479664062,0.118320054421196,0.0766109605830647,-0.57342050363579
1.3581977364725,1.87196415021216,0.693145016885256,2.17912163487319,1.48597661798794,2.13696392756492,2.06043239220463,-0.188468241992467,-1.36728737531937,0.118689242668564,0.076531535360294,-0.574455774216692
1.3600070618739,1.87137862813867,0.694547119830042,1.36253306523819,0.667985945408148,1.31947283690532,1.24302072676779,0.628357901370875,-0.548473606937752,0.119512338470396,0.0764521101375231,-0.575034781359646
1.36197855875946,1.87070553551259,0.696072184489071,0.894377218905503,0.198305034416432,0.848283936972327,0.771918371012654,1.09878716449993,-0.0758461865235832,0.122458847892849,0.0763655659596729,-0.573613336596222
1.36381962626542,1.87003264085659,0.697493752365822,-0.920835896397258,-1.61832964876308,-0.968482951451247,-1.04476769878278,2.91480033963937,1.7422614511486,0.123931802385524,0.0762847473315347,-0.573561949980298
1.3657032597592,1.86932213969271,0.698945546334876,1.55763021604864,0.858684669713761,1.50955774024915,1.4333556800947,0.435966459598016,-0.734410133759821,0.12427453595394,0.076202060154454,-0.574671010380936
1.36775510427126,1.86853236312019,0.700523933213084,2.11012318568327,1.40959925247019,2.05991325558607,1.98380126668543,-0.115268903565241,-1.28327733347234,0.126321918997844,0.0761119889006401,-0.57420201421524
1.36977686675238,1.86771254637903,0.702076025282804,1.31123613494594,0.609160109663139,1.26000837678906,1.18398513861028,0.683727407768748,-0.481909113327477,0.127250996335662,0.0760232381787806,-0.574825028947142
1.37160982492525,1.86693770246412,0.703480429995457,2.88952375293169,2.18604332293623,2.83651764799385,2.76057487246214,-0.893637169998022,-2.05709444246668,0.128948880469552,0.0759427755317099,-0.574531549525906
1.37352650548397,1.86609507799874,0.704946153740757,1.19118416348233,0.48623800974157,1.13588140723786,1.06002276957335,0.806072308425386,-0.355076615832596,0.131161393908975,0.0758586376645025,-0.573784759831783
1.37549367568216,1.865179270361,0.706447433441965,1.32604023004052,0.61959279659855,1.26681174005204,1.19103945663376,0.674139813727235,-0.4845920231918,0.135000773406751,0.0757722834182746,-0.571446660035214
1.37725318302396,1.86430428593119,0.70778754483374,1.56377892269317,0.855991377859429,1.5039228480896,1.42822780299589,0.436076482935298,-0.720440258162152,0.135551119697277,0.0756950450937137,-0.572236425136462
1.37884573886197,1.86350427380599,0.708998284655733,1.13868123736895,0.429682952713219,1.07844674233037,1.00282160677427,0.860682667031721,-0.293823322118535,0.135859630594684,0.0756251355560977,-0.57313865406105
1.38079840639966,1.86251683759006,0.710479922610655,2.34702593541605,1.63654601280539,2.28604071131928,2.21050129337598,-0.347984455785916,-1.50002137076532,0.136524642040069,0.0755394179433022,-0.573955280570586
1.38279083720626,1.86149902848814,0.711988455082099,2.97434310931061,2.26235465422851,2.91365810937194,2.83820615455747,-0.976707126069325,-2.12621769947537,0.136136954753145,0.0754519548144765,-0.575851500328953
1.38478326801287,1.86047331650194,0.713493675479227,2.2968324293427,1.58333875386347,2.23525851027315,2.1598940185875,-0.29942070208556,-1.44640034310827,0.136938410755199,0.0753644916856508,-0.576555264724027
1.38684269142278,1.85939350167551,0.715046009245555,-0.435062831636568,-1.15010884088212,-0.49739648060933,-0.572670568344986,2.4320640700205,1.28771657759054,0.137607736708418,0.0752740877356569,-0.577438272537137
1.38941861414506,1.85801754597357,0.716982631543467,1.71807847057652,1.00109583903305,1.6534493313602,1.57828832070614,0.279729225267423,-0.861305689162676,0.139790149870375,0.0751610106540552,-0.577192481673093
1.39199453686735,1.85656885711059,0.718913583979502,0.522370934076627,-0.196542649902875,0.455055910628583,0.380007977056129,1.47656088005446,0.338905606923373,0.142362957020498,0.0750479335724536,-0.576550626959004
1.394447694066,1.8551249193125,0.72074713926597,-0.0324364015655381,-0.753183540831508,-0.102782749862331,-0.177722995477249,2.03284791478975,0.898470134743218,0.145286593911711,0.0749402456149176,-0.575460545354259
1.39692940170366,1.85359277966683,0.722596592486739,0.569009213464173,-0.153587379022566,0.497058266049289,0.4222269616905,1.43136581797633,0.30036963079624,0.146782251773674,0.0748313043587896,-0.575814340713066
1.39947471225976,1.85199776694403,0.724487688805831,0.118226207838466,-0.606261480967365,0.046274944676303,-0.028444626404557,1.88044239334858,0.752932315210388,0.146670834243023,0.0747195710808601,-0.577816854562808
1.4,1.85166698946921,0.724877236664111,3.40908822960622,2.68421099294211,3.33674049966105,3.26204398750356,-1.41037699803435,-2.53716675083945,0.147044242102661,0.0746965121574874,-0.57783299456145
1.40067968631635,1.85123670090644,0.725380915008025,1.46967205344944,0.74429113844141,1.3970386941423,1.32228934655414,0.528947354352295,-0.596908431546117,0.147382706895293,0.074749347588158,-0.577998208112732
1.4023686797541,1.85015204544604,0.726630722273743,1.8082228090494,1.08159208677566,1.73338429303271,1.65850365150271,0.191648393943327,-0.931872929228971,0.149719157546686,0.0748806415299919,-0.576911564727057
1.40393288949229,1.84912022521489,0.727785864970953,1.61783674624609,0.890050881275132,1.54188313699471,1.4668809015865,0.382239323628389,-0.739095036615544,0.150955844659588,0.0750022354082109,-0.576830020311365
1.40556029939282,1.84803468464107,0.728985283037535,0.631634415640635,-0.0973508673969005,0.556370798989655,0.481242056837224,1.36679262780385,0.247743226200311,0.150392358803411,0.0751287421524314,-0.578592924234124
1.40714855934197,1.84696960206176,0.730153490026223,2.34549009620321,1.61533660617699,2.26883991158317,2.19358770600884,-0.346618103947082,-1.46343421598262,0.151902390194368,0.075252205574325,-0.578251099831855
1.40873681929111,1.84588348897686,0.73131935249908,-0.331024560311963,-1.06234391281104,-0.408622102663883,-0.483997771660102,2.32988126063696,1.21531712415918,0.152973211348139,0.0753756689962188,-0.578346141150941
1.41023913274866,1.84484251871742,0.732419954732062,1.46419077205022,0.731770817318158,1.38595084773225,1.31045839636654,0.534384122350878,-0.578038441634479,0.153732375683679,0.0754924513657071,-0.578687579048384
1.41197775252346,1.84362889866469,0.73369103002539,2.10651776692258,1.37282673689719,2.0274169346457,1.95178933163377,-0.108160432969072,-1.21809830160838,0.154728435288811,0.0756276030119378,-0.57896259473658
1.41378544440295,1.84235488291881,0.735009581582236,1.76083014460343,1.02582056302119,1.68212635423934,1.6063582302596,0.235996652659203,-0.871348648677368,0.154471914343825,0.075768123979737,-0.580537667238412
1.4155863007159,1.84107785758506,0.736320080693538,0.746693219696768,0.0103731390032297,0.667060466954824,0.591152353370203,1.24992550421486,0.145167727323335,0.155540866326565,0.0759081135846217,-0.580779214366973
1.4175941712163,1.83964718870952,0.737777605857257,2.138537495484,1.40075988962674,2.05967959679192,1.98361540135003,-0.143968212640508,-1.24583779549277,0.15492209413397,0.076064195441897,-0.582855511723288
1.41928832492598,1.8384307160075,0.739004435162081,1.12178636696445,0.382781931802366,1.04086223505211,0.964666344534523,0.873764371472978,-0.225661909372442,0.157120022429923,0.0761958905175817,-0.581884412732158
1.4221168516099,1.83635132434076,0.741046616736187,-0.4588813546447,-1.19992797138089,-0.541318092159974,-0.617733858261211,2.45408518260197,1.3587804749974,0.158852503616511,0.0764157661012369,-0.582194113119675
1.42525914304817,1.83397633906596,0.743306283861526,-0.236869280967363,-0.980175564828889,-0.320352011515402,-0.397012043710337,2.2309883827763,1.14031832757186,0.160142762742974,0.0766600321949351,-0.583163521118552
1.42864174589641,1.83138722273773,0.745728031828296,0.983943759542483,0.238215727714186,0.899309682549447,0.822386703648102,1.00900051908962,-0.0766586718198059,0.161557055894381,0.0769229789013451,-0.584170975933916
1.43220794611593,1.82861211339168,0.748269103154108,0.921162863898082,0.172893760743974,0.835789853261211,0.758589655707784,1.0700224576839,-0.0103205525536761,0.162573208190298,0.0772001975534271,-0.58569589496381
1.43530785639703,1.8261572734429,0.750467767571239,2.42138312744966,1.67091535987842,2.33342889289517,2.25598772374822,-0.429830450305319,-1.50551995617698,0.16539540370144,0.0774411691469461,-0.585072363869799
1.43818912178887,1.82379874759459,0.752502784385723,-0.0508853945152182,-0.803388178900941,-0.142664807380359,-0.220329951755573,2.04412869935016,0.972832736141296,0.169444557240355,0.0776651443752144,-0.583058227145368
1.44109091105626,1.82135392557115,0.754543800291719,2.13124133825606,1.37669753796434,2.03975060394187,1.96185988891447,-0.140505963343321,-1.20731608862276,0.169381449341588,0.0778907150273982,-0.585162350950131
1.44405129219399,1.81884492152744,0.756617197549383,0.016375389876335,-0.740241807673048,-0.0751727567812863,-0.153293597101191,1.97213851862863,0.909910794650574,0.169668986977526,0.0781208403199045,-0.586948210571857
1.44718882441258,1.81618060172175,0.758804933615699,1.16343414250729,0.404629208891593,1.07173296491509,0.993368228459533,0.822812373262222,-0.234563294843834,0.170065914047759,0.0783647364555564,-0.58873901956794
1.4503677731367,1.81344505189347,0.761011309660059,2.74427989898281,1.98326858932275,2.65181057021331,2.57319871810914,-0.759753666215665,-1.81218740844908,0.171081180873676,0.0786118521041725,-0.589930128786384
1.45294814730417,1.81118925764814,0.76279462049905,1.31313609206382,0.550341471564773,1.21820309712121,1.13939065957468,0.671798598073462,-0.376596039075628,0.173745432489144,0.078812437546532,-0.589049188009906
1.45537897531856,1.80903309129113,0.764468279486168,2.77785038077111,2.01338210128494,2.68293016343445,2.60392876541904,-0.794895674127909,-1.83946048593287,0.173921615352072,0.0790013980154103,-0.590546664134096
1.45746747526453,1.80717779050139,0.765901350140248,0.0981217641023624,-0.667779586037886,0.00305038487299776,-0.076113362731403,1.88329115323279,0.842014712871651,0.174235126833765,0.0791637476044008,-0.591666223306483
1.4595559752105,1.80531306073692,0.767329899686242,0.980774382306042,0.2134444826198,0.885308480078732,0.805982382885341,0.999330677851581,-0.0386524831990988,0.174791999420701,0.0793260971933913,-0.592537900265541
1.4620224659335,1.80310410433821,0.769011163493092,0.333060598503334,-0.435950564989758,0.238745736657033,0.15922790675333,1.64387619758488,0.609783256739763,0.173832691750004,0.079517829903703,-0.595178471743088
1.46426393231162,1.80110919483444,0.770533581850847,1.94342161715596,1.17288803530511,1.84970010735783,1.77000803701619,0.0311011578182516,-0.999474455165344,0.173413580139768,0.0796920703416435,-0.597120001711079
1.46623091556265,1.79935738025182,0.771865301751971,0.333172503630094,-0.438692798121877,0.238110482648725,0.158265508821031,1.64109187143079,0.61359979293094,0.174906994809063,0.0798449738276942,-0.596958306942908
1.46815340997573,1.79761808677127,0.773163031736786,0.76105925636787,-0.0121037753689166,0.663963032200603,0.583968613227649,1.21364947354362,0.189194418509137,0.17709064314022,0.0799944189729538,-0.596072388596566
1.46998298886443,1.79593595667077,0.774394455091745,1.60988684852101,0.835492393429261,1.51359349499114,1.43345685366325,0.362479103007526,-0.659062398571502,0.176429994857759,0.0801366413278928,-0.597964460233986
1.47170232561259,1.79436422530128,0.775548490540679,1.11214351464857,0.336595024107894,1.01510345595293,0.934833161945302,0.859531063355979,-0.159284671404623,0.177310352703272,0.080270294007625,-0.598238137837407
1.47329504437504,1.79290206093215,0.776614783610782,1.26002374093073,0.483408957319951,1.16435279113545,1.08395868709998,0.70894337383217,-0.307343903489196,0.176065053830756,0.0803941040354683,-0.600549729780027
1.47483017326299,1.79149721646681,0.777640020038991,1.85016110326007,1.07252108322108,1.75401838386206,1.6735049465489,0.117992269917907,-0.895864926509911,0.176656156711164,0.0805134373131577,-0.600983863327827
1.47635050198789,1.79010925981592,0.778652953256289,0.600050637080813,-0.178602316175477,0.505008887231793,0.424377267131945,1.36573199268398,0.354275686124344,0.175673369948868,0.0806316200998481,-0.602979583307422
1.47809918112492,1.78851235266575,0.779815064186688,1.1745545537352,0.394739489548511,1.07764414440392,0.996876590693101,0.791635761972651,-0.217061526506413,0.177677963042098,0.0807675537108217,-0.60213710114459
1.47988385405367,1.78686034987824,0.78099780654569,1.76347657395296,0.982478767407272,1.66764556865544,1.58673928335546,0.200121066522784,-0.805741476809766,0.176737290597506,0.0809062852999813,-0.604260515948184
1.48134178403151,1.78551625753073,0.781961544778407,0.813092601460355,0.0311310566819482,0.716279961216947,0.635260343698243,1.15025591383248,0.146701201080164,0.177832257762112,0.0810196175187041,-0.604129287016295
1.48308887191765,1.783897832613,0.783113504908878,1.22846435512766,0.445350850218777,1.13177650765251,1.05062108021875,0.733276752394246,-0.267507575309875,0.177843274908903,0.0811554274337543,-0.605270229999975
1.48545516206724,1.78169128383862,0.784668658979811,1.08184435297293,0.297175693993116,0.984465907523066,0.903126536472765,0.878564747365851,-0.118457877492954,0.178717816500162,0.0813393710503008,-0.605950842479649
1.49074605610551,1.77659685994496,0.788124546485446,1.05189281365856,0.263768267173116,0.949611914386955,0.86786125557284,0.908735604372116,-0.0797367090873936,0.184031558085722,0.081750658814115,-0.604092988399724
1.49421967411178,1.77310656734939,0.790377062949956,1.62269506129144,0.832317998341483,1.51792819247984,1.43590751189401,0.337199055455378,-0.645530448944058,0.186787549397424,0.0820206805858257,-0.603589513552532
1.49769329211806,1.76956936097977,0.792616411340702,-0.582249933458415,-1.37486634479912,-0.688232988382939,-0.770523690740475,2.54009305172025,1.56314010208118,0.188273757282061,0.0822907023575363,-0.604342654058642
1.5,1.76720422053871,0.794096172488707,1.08453022941937,0.290434056930665,0.979589569697216,0.897119555352012,0.870084665186698,-0.103023382863305,0.18741067406736,0.0824700143452033,-0.606685498421347
1.50210200545173,1.76504412571543,0.795439542690211,0.909274182682412,0.113834639992201,0.802231431121287,0.719795055090652,1.04524907062478,0.0756444875995588,0.18947912759176,0.0824363760306348,-0.605960415098451
1.50412940646586,1.76292723475325,0.796730621154008,1.112866134029,0.31613551287499,1.0051081532774,0.922704221669312,0.84022301308394,-0.125973600515303,0.190161912359687,0.082403931608089,-0.606568708794321
1.50730686211753,1.75958157085903,0.798744896464404,2.01896163620269,1.22021673973829,1.91247154694256,1.83011846403833,-0.0705368931793058,-1.03137356757393,0.188843172164354,0.0823530829042238,-0.609901724300049
1.51016809320306,1.7565564958449,0.800549140967434,-0.94281046258411,-1.74335960355154,-1.05256293777648,-1.13487023250673,2.89142672835163,1.93541937347417,0.192059769922623,0.0823072947302548,-0.608489371044811
1.51320757909876,1.75328506793063,0.802455776303804,1.89826780883606,1.09581203253226,1.78661909010873,1.7043604361575,0.0489246317731376,-0.901904659853692,0.193907372678564,0.0822586539512302,-0.60854840362524
1.51614061649935,1.75005344919653,0.80428574757922,0.468215592881421,-0.336070154697798,0.356848908851488,0.274637192188,1.47541625700853,0.52964855539122,0.193578400693422,0.0822117166634888,-0.610707346885798
1.51879983224398,1.74713244630291,0.805936453076819,2.49021527053695,1.68427881746013,2.37795181777415,2.29578265644069,-0.548650210137785,-1.48984620336387,0.194432614096252,0.082169161333459,-0.611503838980568
1.52187770619017,1.74369261051474,0.80783700610565,2.03985839486773,1.23202138876208,1.92713823343842,1.84501832720652,-0.101325716691781,-1.03718132110087,0.194840067661213,0.0821199062318991,-0.612996938444438
1.52456788011922,1.74068618933149,0.809489311077254,1.38025104938271,0.570761738305454,1.26602960706014,1.18395275158093,0.556733437750561,-0.374463440503679,0.196298297801776,0.0820768554792028,-0.613191013275478
1.52729832476085,1.73759957125146,0.811157888934341,0.882296082392509,0.0711381934581684,0.767887513765045,0.685854353489245,1.05174521776222,0.125303535445096,0.196441728903264,0.0820331602758002,-0.614716160031077
1.53015361236742,1.73434009938315,0.812893603470931,2.12386138775954,1.31096778428861,2.00856156355635,1.92657409634125,-0.192233996958093,-1.11368049287031,0.197287291418291,0.0819874672151022,-0.61560631205264
1.53373855328791,1.73020921054826,0.815059570278372,1.07434921671344,0.259289646435066,0.955910471074815,0.873980373535083,0.85622883701318,-0.0589208032567115,0.200368843178355,0.0819300975397319,-0.614690727100017
1.53794817195445,1.7252362079985,0.817583836602823,-0.259292400248802,-1.07687623685162,-0.378824322244451,-0.460687053414223,2.18592326141273,1.27827089001705,0.201394653165421,0.0818627311697724,-0.616189183437402
1.54201512236012,1.7203662277609,0.820002755110291,0.864141747688044,0.0441389925777531,0.745014928141654,0.663217280227003,1.05714894753389,0.156785474883288,0.200924467461041,0.0817976479146517,-0.61907828764925
1.54579256653527,1.71583984084482,0.82223204214654,1.94357430768805,1.12134226554151,1.82354430457149,1.74180710695459,-0.025967266109767,-0.919575064808047,0.201767200733464,0.0817371976169021,-0.620464841413076
1.55332672416058,1.70662292526742,0.826628085802047,1.51581821631136,0.689190130509317,1.39005966728293,1.30844303850851,0.398179886758913,-0.481814952706461,0.207375177802856,0.0816166287744191,-0.619252907999191
1.56036320418938,1.69776117009013,0.830672167867818,0.710915240585214,-0.119756927282604,0.585282984789537,0.503778960541652,1.19398220954848,0.326893207326166,0.207136280043562,0.0815040242478856,-0.623535887824256
1.567493115495,1.68840451052122,0.83470851957005,0.931917973638126,0.0972094540680759,0.798487199593724,0.717097275049598,0.971307235471626,0.117611244520452,0.214820698588528,0.0813899245441261,-0.619887820981522
1.57271898196586,1.68136217111357,0.837626637491744,2.55193836600418,1.71431172851243,2.41772573665719,2.3364194414586,-0.655057270345022,-1.49879280396685,0.215518924545582,0.081306295198591,-0.622107712946162
1.57794484843673,1.67427739789409,0.840510472819262,1.71472386175026,0.874213388931,1.58057390331123,1.49935123745817,0.174926160435915,-0.658840764638913,0.215372624292087,0.0812226658530559,-0.625137848527174
1.58038469512098,1.67094602868693,0.841845138562994,0.433127623328839,-0.408717515234156,0.297800242670569,0.21661662159268,1.45432940709425,0.625228516970314,0.216511001736158,0.0811836210778884,-0.625334136826836
1.58282454180523,1.66756963144848,0.843172282190666,1.03063407840628,0.187461796215617,0.895183957906098,0.814039381603377,0.853530249845108,0.0291329005872891,0.216594696802906,0.081144576302721,-0.62657758538776
1.58506511734217,1.66445502573653,0.844384378968476,2.22046346651039,1.37607908754191,2.08479521314927,2.00368649269301,-0.339231466956481,-1.15930211372453,0.21677697381738,0.0811087204562653,-0.627607405151096
1.58690770461723,1.66189550110552,0.845376397418942,3.65013628481632,2.80475988739738,3.51420658738697,3.4331273537859,-1.77123185268038,-2.58775095636696,0.217008931030422,0.0810792336010686,-0.628367466388519
1.58913597424894,1.65880529675468,0.846570315484584,1.41936587007122,0.57279555458664,1.28374006365735,1.2026964889718,0.456108807782876,-0.356126173487216,0.216669381099424,0.0810435746855538,-0.62990093438516
1.59169685082328,1.65520677786449,0.847934668839167,0.979515631220066,0.131580962380899,0.839959830286461,0.758957237212876,0.896249540651616,0.0889774316262906,0.22055839400719,0.0810025930735854,-0.627376274831977
1.59376534926166,1.65226600325047,0.849030562501967,3.49211636781519,2.64308580531322,3.35382356457679,3.27285407360629,-1.62058807035582,-2.42382351110433,0.219262294208897,0.0809694909704977,-0.62976826829307
1.59634492575372,1.64858902811506,0.850389540003292,1.33383557644362,0.483446036440326,1.19332519548585,1.1123969853814,0.536192042733659,-0.262007445378107,0.221438591062219,0.0809282101044457,-0.628950948941073
1.59887790020719,1.64493403015187,0.851715614043315,1.65521472218037,0.803499108137056,1.51345346104367,1.4325657860346,0.212368244117266,-0.580850171991284,0.222648936145772,0.080887675009073,-0.629066677897543
1.6,1.64330322208878,0.852300402509993,0.22420489172292,-0.628095510787073,0.0830201446022435,0.00215042651415587,1.64115279557462,0.850149975995837,0.222054465208764,0.0808697180880876,-0.630245937301229
1.60140630634594,1.64126038660831,0.853030999619782,0.153006643597107,-0.700024356022675,0.0116042170165385,-0.0692745610181411,1.71053494762645,0.922305560637923,0.222281204615248,0.0808787780346797,-0.630749795004533
1.60295098814714,1.63901298703645,0.85383052702699,1.63364374051171,0.779813213484724,1.49234302510894,1.41145429566171,0.227558691374739,-0.557623768634724,0.22218944485,0.08088872944723,-0.63164108217699
1.60451761729572,1.63672020240902,0.854638248623748,0.590114533708424,-0.264523714915324,0.446702857766152,0.365804035513427,1.27091616689559,0.488834213110321,0.224310498194997,0.0808988222527249,-0.630327750428751
1.60604316906718,1.63446397427349,0.855421707525724,1.63169275140405,0.776271043878327,1.48848365900943,1.40757500858689,0.2268889656866,-0.55215330106117,0.224117742817156,0.0809086504225349,-0.631303964708567
1.60741485964584,1.63243578909777,0.85612354659075,0.130758152395834,-0.725365394194915,-0.0126369245977472,-0.0935544119592744,1.72599020105704,0.949677958550024,0.224312564355109,0.0809174873615272,-0.631810982235641
1.6089109689457,1.63022141361232,0.85688623710311,0.890807599968291,0.0339213628651811,0.746743663273424,0.665816537421399,0.964404876190918,0.19106969968171,0.224991062546891,0.0809271258520252,-0.631895174556218
1.61027270000351,1.62819082589437,0.85757787224153,0.0131260520441618,-0.844451820197368,-0.132924642624574,-0.213860541252668,1.84205136714704,1.0714384134942,0.226986593296829,0.0809358986280936,-0.6305912789447
1.61145123345516,1.62641653255752,0.858174483538949,1.9711765251436,1.11300204160465,1.8249285227268,1.7439850315495,-0.117568498991978,-0.885810548010552,0.227191493594099,0.0809434911772988,-0.63098298994485
1.61286219403933,1.62428053236727,0.858886335010341,0.678977985303898,-0.179908349706443,0.532247691787271,0.451295110679053,1.17298542168822,0.407591224331288,0.227682874624845,0.0809525811082181,-0.631203460385496
1.61433635265151,1.62204463763402,0.859627246259946,3.58955519006399,2.72992794380405,3.44217384278944,3.36121176460519,-1.73916712697117,-2.50158451834525,0.2283434254588,0.0809620781842519,-0.631283820801145
1.61581051126368,1.61979783222412,0.860365266272086,2.3558278157776,1.49546254950551,2.20826399180592,2.12729241654564,-0.50749458432152,-1.26692715027355,0.228535399231962,0.080971575260286,-0.631829867040124
1.61723595551499,1.61760989071079,0.8610761406415,1.70917793081335,0.84810179017185,1.55960600802489,1.47862524952454,0.13898464118625,-0.617549108883039,0.230552681288812,0.0809807585003564,-0.630523459352688
1.61860699291295,1.61549131505478,0.861757309981999,0.81970864392322,-0.0420486660587791,0.669953911777221,0.588964320545904,1.02652699450887,0.272792989436094,0.230744323377315,0.0809895912313164,-0.631012986604683
1.62025894978777,1.61291899482894,0.862574685824358,2.20676779651398,1.34419311068962,2.05608056810816,1.97508033435852,-0.362161339529584,-1.11250564853416,0.231687462155461,0.081000233749642,-0.630887223668897
1.62205853652009,1.61010757750982,0.863460910951806,0.515236878601967,-0.34822403234984,0.363869718410528,0.282857891056313,1.32724968645351,0.580603019895493,0.232378987545654,0.0810118273542146,-0.631081923406153
1.62371795317564,1.60750087547841,0.864274223390442,1.30188705633412,0.437612832943681,1.14929935318147,1.06827683525026,0.53922404022815,-0.20400261185982,0.233610221083861,0.0810225179312121,-0.630664002306581
1.62549264504075,1.60469400439492,0.865139891561281,-0.440494828135772,-1.30563471969705,-0.592984704410045,-0.674018655563871,2.27871265995879,1.53915854712515,0.233523827428099,0.0810339511538252,-0.631616064133182
1.62767835483158,1.60122942190831,0.866200158021551,2.18815598208172,1.32195582406017,2.03463523832071,1.95358720601449,-0.352357784106182,-1.08738704799294,0.234568776067234,0.0810480323062197,-0.631631381954317
1.63047412883089,1.59675200098016,0.867546843310649,1.48357010263831,0.616023259327657,1.32908950255253,1.24802345883423,0.34872854214593,-0.380476615523577,0.235546643804079,0.0810660437183068,-0.63200019950657
1.63569372390586,1.58828446995226,0.870032284825469,1.50330921316792,0.633276928342455,1.34486216753039,1.26376249724647,0.324521972705787,-0.393730212421003,0.239546715921452,0.0810996702839182,-0.630485568904017
1.63991467129234,1.58128843846332,0.87201449045818,1.61747833284561,0.745463842387427,1.45740793731199,1.37628107412092,0.2050073643424,-0.504266583662737,0.24119725872469,0.081126863191068,-0.63081723173349
1.64335940890503,1.57553679579997,0.873613654857331,1.89867740193324,1.02506374707591,1.73968212696014,1.65853307149291,-0.0829962756929428,-0.784919416635582,0.240144330440331,0.0811490554672281,-0.633469324417
1.64680414651772,1.5698158972367,0.875196219843345,3.21936112591218,2.34416490606883,3.06051920809127,2.97934796034788,-1.40953206311119,-2.10415174050454,0.240013165564291,0.0811712477433879,-0.635183054279053
1.64991878781838,1.56463859954819,0.876612891368209,0.568009458745541,-0.308603432622668,0.40954827118598,0.328356957769193,1.236281641779,0.548255933599016,0.239652500976348,0.0811913134167878,-0.63696039039186
1.65398624674786,1.55782751356498,0.878442582832545,2.74608445146635,1.86764186863381,2.58594802395705,2.50473050646263,-0.946902992897647,-1.62628792363009,0.241353945003721,0.0812175174944221,-0.637088637828824
1.65750686622984,1.55187770616189,0.880007571740795,1.92522121364157,1.04521364190077,1.76346812522659,1.68222792659689,-0.130350220435,-0.802220354856097,0.242993287044677,0.0812401986297022,-0.637014284696118
1.66010953928402,1.54746710319545,0.881153306536317,0.808944349089592,-0.0722089574467245,0.648831835685284,0.567574869671338,0.97989223352411,0.313578436864979,0.241369479418254,0.0812569660139465,-0.639783827118062
1.66271221233821,1.54307480179368,0.882289559483606,0.81491157836076,-0.0673779811228467,0.654472462973898,0.573198729575707,0.969876072217972,0.309090829907899,0.241712848785052,0.0812737333981908,-0.640576710698554
1.66725817630007,1.53531318570648,0.884251398370581,0.74533880725705,-0.138912591113531,0.583834476485005,0.50253145630245,1.03278172940403,0.381719942068131,0.2428073509546,0.0813030201825553,-0.641444047415981
1.67059279487722,1.52960029133232,0.885671986421292,1.52511685711728,0.639444870695985,1.36138565614251,1.28006115311143,0.249539138220892,-0.394389166690138,0.245055704005847,0.0813245030310834,-0.640616282415446
1.67325634782899,1.52500601467553,0.886795415593172,3.33728459459607,2.4504891790029,3.17548233634779,3.0941406737216,-1.56913465904607,-2.20734525812843,0.243143920874471,0.0813416626261874,-0.643651494718701
1.67591990078077,1.52045832899456,0.887908875331589,1.48040850574932,0.592499630417732,1.3194110666385,1.23805224441721,0.282406084577348,-0.35014336908562,0.242356261332112,0.0813588222212909,-0.645552613999477
1.67852402342276,1.51599990297858,0.888987909509528,1.0653282041486,0.176340294639073,0.90287528623139,0.821499687287072,0.69450021569151,0.0674882222224554,0.243828516861529,0.0813755989443171,-0.645159392647999
1.68193800826162,1.51009186604698,0.890388080912727,1.04560885209328,0.155220771180557,0.883422374332509,0.802024781232796,0.708067084814187,0.0883632996799306,0.243584070860488,0.0813975930997125,-0.64680401005224
1.68494662256339,1.5048945179377,0.891608410584129,0.343697946283632,-0.547910464300497,0.181946803020418,0.100529827312521,1.40436469062518,0.791078583271608,0.24316811897111,0.0814169757078966,-0.648440291613018
1.68754868791847,1.500359516375,0.892653580854954,0.478912720268805,-0.413740860586149,0.314509238264494,0.233075499087376,1.26728401728763,0.659578081767578,0.245837221181429,0.0814337391771181,-0.646816359673525
1.68984976143774,1.49629879983562,0.893569854034275,1.69065240705149,0.797082553017218,1.52553737055607,1.44408880701067,0.0522099928249466,-0.550518952976397,0.246563600040821,0.0814485635453999,-0.647006253993454
1.69180520013148,1.49284504741446,0.894342577331208,1.30638466908254,0.412042091751332,1.14007668818763,1.05861552698157,0.434229520432887,-0.164272949650364,0.247769142100968,0.0814611612060592,-0.646573435230239
1.69462389279285,1.48782035980532,0.895446824224216,1.03336437872264,0.137917554498421,0.867513137477419,0.78603381720876,0.701786542596559,0.109413007015457,0.247330561513877,0.0814793202686598,-0.648116262710339
1.69705449251496,1.48352126223701,0.896389937168069,2.70961730601626,1.8132273688482,2.54494709553854,2.4634521164458,-0.979930854208792,-1.56706217927773,0.246165189570462,0.0814949790927364,-0.650224747597606
1.69928500957792,1.47958243136198,0.897248052306674,0.557455752359338,-0.339792299947335,0.391913004589173,0.310403655678992,1.16917877568299,0.586844396627682,0.247052096680347,0.0815093489101816,-0.650195955626327
1.7,1.47831223142919,0.897521628612643,1.56610433061723,0.668582702004587,1.40047347393145,1.31895951878803,0.159352712641162,-0.421437890175384,0.247144811829203,0.0815139551434227,-0.65037681678344
1.70120061477974,1.47618375668693,0.897979387292937,0.0775978922024826,-0.820381495090455,-0.0875555819373417,-0.168931545804117,1.64511530249105,1.06691093309705,0.246529438006599,0.0813759638667748,-0.651449949286338
1.70362054465145,1.47188524811723,0.898895829155511,1.95083963899338,1.05194380983787,1.7840848618015,1.70298702978686,-0.231101781669638,-0.804091200631353,0.247852609206513,0.0810978320146367,-0.651043219948998
1.70593597185977,1.46771893100808,0.899764887063569,1.82842193566856,0.928657048604987,1.66020764578249,1.57937593472676,-0.111657003718673,-0.679611047663187,0.2490460009418,0.0808317110557315,-0.650718886121769
1.70822624018518,1.46356700669119,0.900616938640885,2.08625410335029,1.18563716470941,1.91613161747221,1.83556313576816,-0.371996129076973,-0.934946197127277,0.250690967582129,0.0805684817040506,-0.649925971058756
1.71015247794865,1.46004528379198,0.901327702208827,1.93521605928564,1.03388835707681,1.76530468086012,1.68495758907447,-0.224912305282484,-0.783629886865639,0.25025847021117,0.0803470917856581,-0.651069231997657
1.71205595723778,1.45656834793461,0.902024806391895,0.642788080246447,-0.259236726145449,0.472498777815965,0.392370460229667,1.06419788770495,0.509654346162228,0.25041762001678,0.0801283175862973,-0.651607186375116
1.71403931588832,1.45294239656111,0.902745600926879,2.77694902353796,1.87420342261108,2.60782066611169,2.52792030356714,-1.07497790700603,-1.62517470264027,0.249028719970814,0.0799003625445498,-0.653716880956064
1.71603262312681,1.44930543256349,0.903464307439896,0.701194318125958,-0.202269989313938,0.532472680904879,0.452801416831571,0.996504015731918,0.450662890608324,0.248392901294387,0.0796712640733072,-0.655071406145509
1.71766513008975,1.44632267383847,0.904048669550208,-0.503770203090992,-1.4078188726412,-0.672917279643407,-0.752400913409513,2.19872358724798,1.65644958295972,0.248630710318522,0.0794836337661063,-0.655417959231687
1.72015888402606,1.44178324601184,0.904933939084584,0.431904419041393,-0.473029520043191,0.263490561093991,0.184293544063845,1.257489701948,0.720640395020739,0.247610874977548,0.079197017030146,-0.657323064107036
1.72235239638727,1.43779980044909,0.905705276013361,1.07672304026964,0.171017764256277,0.909767751209768,0.830822842996016,0.606976957453072,0.0748824330173443,0.245900197273622,0.078944908213752,-0.659805078739739
1.72454590874848,1.43382534138418,0.906469766676773,2.89218537174573,1.98571560506895,2.72481052799823,2.64611772860087,-1.21229238721669,-1.7396479619241,0.246067643144856,0.0786927993973578,-0.660402123531917
1.72676213408777,1.42979929961394,0.907235222144065,-0.0678363187439796,-0.975071540888045,-0.2337913293118,-0.312229409402793,1.74202870901674,1.21946463154686,0.244393090658814,0.078438080090993,-0.662842131485251
1.72860356233213,1.42646261353869,0.907865926161654,0.576321545855131,-0.331544380306524,0.409285433477273,0.331058995820292,1.0954036177184,0.576806930341362,0.245262550034839,0.0782264376569811,-0.662603376126816
1.73032523825854,1.42333128069867,0.908451261671838,0.579957058484474,-0.328494203187364,0.412317070962165,0.334288512144482,1.08904276855419,0.574162749527356,0.245668546339992,0.0780285588176834,-0.662782715331846
1.73211082295262,1.42007925146411,0.909053874926685,2.92505053844998,2.01599666352329,2.75822278609181,2.68039945139401,-1.2603201999299,-1.77134557646733,0.244651087055967,0.0778233346977943,-0.664402787870718
1.73403525729129,1.41658559454052,0.9096982848553,2.47394965438905,1.56425136953375,2.30947420566303,2.23187205360908,-0.815286459068554,-1.32217376875378,0.242077600779976,0.0776021520539536,-0.667620684075323
1.73569473910362,1.41359678866025,0.91024978595897,-1.3981210275368,-2.30837081349577,-1.56279309938796,-1.64020452081147,3.05380130947172,2.55045430677044,0.242083493274674,0.0774114214235122,-0.668166292684296
1.73752641421288,1.41028590431919,0.910854023786765,1.20918347900032,0.298329455213559,1.04256452328331,0.965363623328458,0.444922280990734,-0.0545095995416929,0.243819855671866,0.0772008999548496,-0.667034168114899
1.73943447915449,1.40681032587487,0.911478424514377,2.01051500936505,1.09903658485067,1.84498377634088,1.76800217763208,-0.361191851757205,-0.8565237531177,0.242512831732975,0.0769815987088027,-0.668965592781402
1.74118761890619,1.40362914839594,0.912047600288633,0.619598816760192,-0.292448783528441,0.455115152533147,0.378335048922157,1.02529409947378,0.533712551366476,0.241263767838036,0.0767801036109902,-0.670783832450597
1.74267706839842,1.40093845728928,0.912527775626327,0.0131242756882874,-0.899403499938039,-0.150853184805572,-0.227462100254961,1.62840055754424,1.13998987588129,0.240586375943248,0.076608915449389,-0.671941399683079
1.74406247998119,1.39843902085496,0.912971625740065,0.100863842453934,-0.812107783286131,-0.0644096508566763,-0.14085933562174,1.5392983564767,1.05383096136181,0.241723178075675,0.0764496847650641,-0.67124844766439
1.74536487041657,1.39607633123997,0.913386425614778,2.55174739665979,1.63836097104501,2.38664111504237,2.31034111902169,-0.914264787781722,-1.39695469340691,0.2414062776381,0.0762999960206772,-0.671980147976678
1.74775219481995,1.39174377601454,0.914140592523894,-0.163305708752632,-1.07744630127653,-0.329467095471437,-0.405492707111918,1.79723648312646,1.31963329963581,0.242186998359286,0.0760256116404809,-0.671953594164608
1.74985586308546,1.38789441528211,0.91479851242179,-0.0102455695272506,-0.92504408194904,-0.176895006587502,-0.252678835539231,1.64057325082134,1.16747734796102,0.24243326601198,0.075783828951729,-0.67236524640981
1.75186340909012,1.38421493150627,0.91542054992782,1.73432397522319,0.818903425295372,1.56806346778014,1.49251037381584,-0.108295442309574,-0.577089823888024,0.241813601407348,0.0755530939642992,-0.673606948520472
1.75489694242415,1.37866300214973,0.916349724938865,2.58302167078247,1.66667194584361,2.41823349990592,2.34302906160086,-0.964366059451132,-1.42667933666199,0.239992609181614,0.0752044383050667,-0.676357115757252
1.75746446173687,1.37396921121288,0.917126075070046,-0.623679107018115,-1.54080518208816,-0.789596756200639,-0.864506099631181,2.23847531084406,1.78163217470123,0.240826992613067,0.0749093434305421,-0.67629908245698
1.75996071955591,1.369400212361,0.917872019249157,2.19403737297654,1.27616535372739,2.02676470332531,1.95214226441161,-0.582742052050603,-1.03427024516245,0.241895108564939,0.0746224389137036,-0.675976910684218
1.76213874357963,1.36538214568347,0.918515714486873,1.44093062847886,0.52241491399199,1.27399095763952,1.19961884740798,0.165763298275492,-0.281103132921111,0.24131178107088,0.0743721102315373,-0.677203933415993
1.76466120449113,1.36072615393958,0.919252860333818,2.97675445277096,2.05750159243714,2.81049805395952,2.73641585986707,-1.37568970592749,-1.81716299953325,0.240338592903885,0.0740821940924516,-0.678914267429933
1.76717323554042,1.35608059868723,0.919978069103697,2.33473774492175,1.41475967581805,2.16736318436375,2.09356970766618,-0.737489108978953,-1.17359163856249,0.241168037255568,0.0737934766975643,-0.678810031848129
1.76999968769159,1.35081616487285,0.920783414320719,1.62938568226499,0.708602267944276,1.46066090084077,1.38719227916524,-0.0363761142923942,-0.466408864844522,0.242193403099755,0.0734686216755345,-0.678590011220964
1.77266234090133,1.34581783469149,0.921531733767324,1.43235577868902,0.510824044921694,1.26388243624478,1.19071984354863,0.155097991142863,-0.269188109781308,0.241635935140386,0.0731625926961468,-0.679895798626938
1.77486716170076,1.34169029600428,0.922143776780797,-0.0413740546347202,-0.963517831415517,-0.211089910445513,-0.283999094602946,1.62568939060722,1.20614287138374,0.242625039968226,0.0729091841574327,-0.679518736812571
1.77668896330302,1.3382591462349,0.922644297713941,0.270089940165511,-0.65255435754843,0.100855048538583,0.0281552510496607,1.31010389518524,0.894489046664281,0.24193468911585,0.0726997974889224,-0.680709608598091
1.77890668444276,1.33408364414007,0.923247241349524,1.94642128612602,1.02317404477649,1.7765006665198,1.70405576025534,-0.369972116115272,-0.780808518905819,0.242365525870673,0.0724449062644559,-0.680881715478851
1.78114790370806,1.32984675783784,0.923849479685638,0.419296130775877,-0.504553348909761,0.250407102163056,0.178219787853059,1.15162696998478,0.745629691832579,0.241076342922818,0.072187314309996,-0.682773136762821
1.78316283546232,1.32604437131041,0.924384834671862,2.50900082094573,1.58461598627387,2.33869184707469,2.26673611662474,-0.94069174531433,-1.34235128195288,0.242264704320988,0.0719557304499441,-0.682120130350874
1.7856660144181,1.32129091357867,0.925041882465746,2.29647930884956,1.37143742638382,2.12563877103151,2.05397074057128,-0.732679826992615,-1.12892885810554,0.24250856827828,0.071668030460228,-0.682533314187466
1.78816919337387,1.3165117584714,0.925690003473712,0.781345363389858,-0.144344640083854,0.611136888856825,0.539756558386313,0.776755200085085,0.385933445087399,0.241588805003545,0.071380330470512,-0.684101198470167
1.79056650924215,1.31193944511189,0.926302350171667,3.1914959093757,2.26519355920404,3.02026626399041,2.9491614662576,-1.63722202114571,-2.02285911608594,0.242334443118098,0.0711047977328065,-0.683967907053568
1.79283618946355,1.3076002532595,0.926874552836567,0.920325903567697,-0.00654864926887033,0.749787244669079,0.678943310017935,0.628656943241569,0.247931242818632,0.241382593549761,0.0708439346511437,-0.685491959286806
1.79486092995135,1.30373693544787,0.927378823285673,0.979006150879972,0.0516273275942986,0.808974951643573,0.738363728207972,0.565373207239898,0.189015095077701,0.240642422672,0.0706112234356014,-0.686736400613673
1.79752120028525,1.29866817650532,0.928032547425908,1.93171762535061,1.0036850779247,1.7614175403075,1.69111207197819,-0.392443895472876,-0.763079524552284,0.240605553372417,0.0703054683293045,-0.687426994053492
1.8,1.2939211934889,0.928632653348599,1.84039914746037,0.911766494111768,1.66976658861657,1.599746018277,-0.3058248247881,-0.671113364928405,0.240653129183363,0.0700205703395711,-0.687979524165236
1.80220012659607,1.28969361016997,0.929157984361393,0.782939061569998,-0.146218922791394,0.611300401640481,0.541515343829568,0.748178266340402,0.387642640531825,0.241423717740431,0.0697850578109133,-0.687734266620962
1.80509994452061,1.28408895387642,0.929839850278606,1.69589542565327,0.766055575374661,1.52392556851934,1.45445092168809,-0.170361967811666,-0.52461107140948,0.241444503965181,0.0694746468312568,-0.688395346313425
1.80762880706515,1.27920642259163,0.930424706294813,2.12246998253676,1.19204527624195,1.95132505617841,1.88212111141201,-0.602914688820378,-0.951696405117195,0.240348871124755,0.0692039447664052,-0.690075835170059
1.80990359514552,1.27481424429537,0.930943036899669,2.24743987127612,1.31649683437645,2.07660597813074,2.0076455380308,-0.732831293735434,-1.07670250113113,0.239794333245316,0.0689604400999357,-0.691148703654353
1.8123525691519,1.27008000385549,0.931492847978555,1.38425020587391,0.452757357895358,1.21282005987092,1.1441217701681,0.125958233687394,-0.212628922189544,0.240128435705815,0.0686982897028221,-0.691364412272741
1.8159287952562,1.26312623506669,0.932280425596831,-0.158060960623062,-1.09034138621989,-0.332093471453714,-0.400408944070293,1.66353517913698,1.33268936966712,0.242347983447231,0.0683154726165797,-0.6899324421496
1.81936595773324,1.25636206295801,0.933020119122305,1.77233190287711,0.839311783754805,1.59882349934795,1.53087595775307,-0.274513894795062,-0.597855838630769,0.241455945124036,0.0679475415948734,-0.691564173998269
1.82221339753574,1.25078818567202,0.933620087801575,-0.478632985692244,-1.41225307349382,-0.652048486511615,-0.719691223942363,1.97047940961438,1.65331131174394,0.241058238250119,0.0676427374307473,-0.692561849551456
1.82489393965713,1.24553267502639,0.93417432608362,1.92299854836348,0.988824222279855,1.74978366652869,1.68242786770152,-0.436895192675128,-0.748253541617901,0.240570680661954,0.0673557988271647,-0.693603645421666
1.82758681052646,1.24022814078975,0.93472078834745,-0.926949130336202,-1.86166991868365,-1.10051111062675,-1.16757865111964,2.40780679190939,2.10229943946709,0.240629520783441,0.0670675404928875,-0.694091267564009
1.8298919305936,1.2357016511631,0.935180342006067,0.153735120942974,-0.781445221063093,-0.0188556973661269,-0.0856764863053354,1.32137813746843,1.0208568283114,0.239411607248309,0.0668207889392085,-0.695768734757757
1.83225582011196,1.23108460298813,0.935643780946139,1.90922461657146,0.97358083562532,1.73859111415086,1.67202336774063,-0.440938764752499,-0.73637958679449,0.237201248830829,0.066567746410233,-0.698442532115309
1.83431007454776,1.22707210717653,0.936040111801193,-0.265049222019123,-1.20108933382032,-0.437132416270205,-0.503480265035663,1.73055237221219,1.43952037683686,0.23843104301654,0.0663478487654582,-0.697609068784653
1.83660561761748,1.22258718888071,0.936475939490553,0.241034126171695,-0.695441813318858,0.071079312386175,0.00497719000480623,1.2176099988759,0.931498749485747,0.236056936166889,0.0661021223813687,-0.700419003323664
1.83867413403212,1.2185778913099,0.936862327931291,-0.40714633373904,-1.34400866167033,-0.576773853424982,-0.642654551488199,1.8612324427981,1.57951687941949,0.23550821774916,0.0658806980632177,-0.701354110182132
1.84056137852755,1.2149201595841,0.937209641528922,1.88188705180499,0.944677410276072,1.71236883992029,1.64669016192451,-0.431770002340412,-0.709480520395591,0.235196889880481,0.0656786779957779,-0.702012751648441
1.84415634333986,1.20799093782565,0.937857517758806,2.02616921795255,1.08831170019375,1.85857273360647,1.79327887858174,-0.585287940756095,-0.855421360822936,0.23289033937081,0.06529385502473,-0.704967178387996
1.84828615147457,1.20001388117904,0.938579699051849,0.67298176839981,-0.265597930652039,0.503909439559384,0.439057659803601,0.760956221375442,0.499522039248248,0.233924108596209,0.0648517797557835,-0.70465559045564
1.85186802794765,1.19308624591461,0.939186909473933,2.28200554925916,1.34281863978522,2.11526973100454,2.05080137317867,-0.857715127264057,-1.11161446370474,0.231204176080487,0.0644683578258722,-0.707982733393445
1.85432586207565,1.18834245956679,0.939593325176425,-0.467512727765577,-1.407106052942,-0.634658630052831,-0.698863889049964,1.88720634861676,1.63845721422639,0.231351161284387,0.0642052589971329,-0.708242163892038
1.85678369620364,1.18359655692977,0.939991420617834,1.50367674167898,0.563685321061148,1.33481938816668,1.27087722799828,-0.0872806710685095,-0.330885807380449,0.232799513680699,0.0639421601683936,-0.707191906937135
1.85880915353768,1.17963149920117,0.940313202319094,0.997213413024502,0.0569002107054077,0.825925837287682,0.762200492178604,0.417431007022568,0.178112710140491,0.235012920845898,0.0637253451090786,-0.705300281473196
1.86082441668791,1.17567777140086,0.940627681406882,1.89613559711121,0.955507915704327,1.72715450368034,1.66364488239428,-0.487967110993416,-0.723017200987393,0.232490714716933,0.0635096212860642,-0.708136966689949
1.86340657745011,1.17063082010403,0.941022384369714,1.41260960696643,0.471587222596717,1.24340468978347,1.18017147586942,-0.00954065576538676,-0.239149091499705,0.232438131097012,0.0632332139140552,-0.708584253272702
1.86598873821232,1.16560709834583,0.941407860433615,1.69686191937727,0.755454058943655,1.52971928329927,1.46676247675723,-0.301155378411398,-0.525354616323611,0.230099442620044,0.0629568065420461,-0.711308417813571
1.86831803963858,1.16109129773938,0.941747728985367,1.58190360958146,0.640155880596098,1.41483093545398,1.35212346895895,-0.191032171219572,-0.410375739973585,0.229780140622513,0.0627074664950305,-0.711967588362854
1.87080619928325,1.15626699204112,0.942102566585191,1.60803516338014,0.665932596794949,1.44060226589459,1.37816114442292,-0.221894152381791,-0.436058577837725,0.229874018957225,0.0624411214716736,-0.712228547627967
1.87533287931517,1.14742399187315,0.942726325951371,1.06730015910684,0.124573833155468,0.897687694100155,0.83573113104555,0.3116928608276,0.106995194905822,0.23156902806129,0.0619565630546058,-0.711157297890082
1.87918460512608,1.13982992946591,0.943234793501475,0.0881864978977488,-0.855048295603726,-0.0803337394590389,-0.141877994564164,1.28170792403007,1.08511278806564,0.230064492461913,0.0615442551051255,-0.713170301039562
1.88236232174274,1.1335935034457,0.943638873763765,0.549743637784851,-0.393895235978914,0.382183667220477,0.320979570757623,0.812613932688075,0.622659303006142,0.228764067027228,0.0612040964628536,-0.714874806736537
1.8852561710111,1.12793497210736,0.943994805401516,0.186077279484534,-0.757917525916982,0.0207281521100573,-0.0401661722878783,1.16810114439524,0.984160977689394,0.226243451772412,0.0608943243979357,-0.717751353629103
1.88771041971085,1.12321329425071,0.944287759216851,2.01477075815094,1.07048299893409,1.85308848115151,1.79245687178019,-0.669243577529473,-0.848169112563336,0.222313886370751,0.0606316093713259,-0.7219738728461
1.88970392297865,1.11941177945816,0.944519791984489,0.937225333494559,-0.00729445848993004,0.774982205647753,0.714563990813053,0.404847788645105,0.229955801171436,0.222661342681506,0.0604182148347001,-0.721858449302983
1.89190478549505,1.11521629254334,0.944769818098223,-0.0590525788247144,-1.00382239692294,-0.220733670416914,-0.280916293946372,1.39613258648971,1.2256861120446,0.221863715121658,0.0601826235294587,-0.722906102976565
1.89408267625494,1.11106713709943,0.9450109075929,0.827490657035768,-0.117520250557132,0.665539346808109,0.605589855572454,0.505477281526974,0.339421052020445,0.221900801463314,0.0599494912356547,-0.723110106129586
1.89682476782022,1.10581425834448,0.945305491449958,0.890920313985475,-0.0543851774644833,0.72774806910634,0.668092105033852,0.437722153310633,0.277213386416106,0.222828208951623,0.0596559640724887,-0.722477282498335
1.89948751799108,1.10068116939481,0.945581949853243,-0.0263121018416256,-0.971894051694868,-0.189607226000704,-0.24897815600877,1.34965932540358,1.19456010586201,0.222666054167145,0.0593709300080663,-0.722915895686098
1.9,1.09969396293554,0.945634070844295,0.161578738647696,-0.784055332196599,-0.00190938612920399,-0.061225457505941,1.16091942044148,1.00685952835024,0.222804196153637,0.059316071376737,-0.722829874690658
1.90065050362923,1.09843881470696,0.945699723995551,1.33127470251083,0.385574978515278,1.16755732503879,1.10816419693589,-0.00972538222893182,-0.16246447294034,0.223110505574937,0.0593931281028985,-0.722589218420614
1.90136863536863,1.09705109887313,0.945771545711436,1.12503094027824,0.179259394566803,0.96163531340624,0.902157117552287,0.194893981320838,0.0436144281591491,0.222873822725952,0.0594781958539523,-0.722897722985485
1.90224356770557,1.09536355258558,0.945858118751378,-0.80794877331847,-1.75380689206985,-0.971529881735896,-1.03111171947356,2.12647527205914,1.97696983822494,0.223162946155094,0.0595818377376678,-0.722695172596285
1.90335024963514,1.09322569626544,0.945966159609455,2.74272514894338,1.79675898933393,2.57853972496906,2.51882679297986,-1.42560109671442,-1.57286063337041,0.223898355963523,0.0597129319892029,-0.722067803645932
1.90439717644024,1.09119445728284,0.946066859040035,2.4914708711948,1.54540401215477,2.32710287069224,2.26726592286592,-1.17607146558307,-1.32119906382588,0.224204948328888,0.0598369478263288,-0.721861910711147
1.90574094798271,1.08858222122186,0.946193957484121,0.499071010205528,-0.447122947278592,0.334492851879711,0.274496724871101,0.814085496350764,0.67169723261302,0.224574285334427,0.0599961270086097,-0.721619672149693
1.90717960743363,1.08578383081281,0.946327346663842,1.30563462807415,0.359307281410308,1.14096535925393,1.08079881292347,0.0049850178893367,-0.134471466259632,0.224835815150676,0.0601665463304526,-0.721491531513165
1.90865156903316,1.08292435913099,0.946460953218954,1.6765770459114,0.730116092692451,1.51260508117037,1.45226417064455,-0.369339811513561,-0.505803217425596,0.224312875266855,0.0603409105258212,-0.722148077952099
1.91044862404957,1.07944005503643,0.946620144861532,1.28483708589453,0.338216941032997,1.12143686479956,1.06088308047862,0.0185569745578171,-0.114262935617084,0.223954005415912,0.0605537843209456,-0.72266613944562
1.91217537911222,1.07609262190468,0.946769054430356,-1.46206805615025,-2.4088371105806,-1.62560141306628,-1.68635974365881,2.76245236556349,2.63312879808916,0.224291687508559,0.0607583305925299,-0.722477366921797
1.91426996183947,1.07202647898205,0.946944353155169,1.5319721978526,0.585027844697431,1.36803623946158,1.30702979082577,-0.235003311843716,-0.360085437670598,0.224942407026834,0.0610064486358186,-0.722001946128335
1.91859347683599,1.06361163944609,0.947287699071712,1.86696204843679,0.919674349365082,1.70313097600049,1.64161237663073,-0.578000737184636,-0.694324677559019,0.225349671806063,0.0615185993697609,-0.721938027265648
1.92100936370168,1.05890375714355,0.9474687102645,1.57109417983581,0.623625469571312,1.40713468790132,1.34532990975518,-0.286426152611626,-0.397861199490679,0.225764270080633,0.061804778146145,-0.721704440183867
1.92342525056736,1.05420711073999,0.947641957825893,0.546686760221041,-0.400955197604852,0.385056246352273,0.322965289429744,0.731241821310244,0.624676668396149,0.223721470791298,0.062090956922529,-0.723920487034596
1.92560813715677,1.04999109211208,0.947791872688993,1.28687172028219,0.339079847593192,1.12435772127359,1.06200818609476,-0.0120170939826794,-0.114216313405766,0.224863534187426,0.0623495351788275,-0.722928338501567
1.92784293722375,1.04566369188434,0.947938849705874,1.05807359554358,0.110134745837702,0.896334442258039,0.833720179306684,0.211943512577652,0.11421867039919,0.224353416236892,0.0626142629513552,-0.723585433468982
1.93014719244569,1.04120603171415,0.948083517459273,1.69378955256327,0.745706035103999,1.53150776970852,1.46862055153345,-0.427414519819306,-0.520537034074179,0.22516900102982,0.0628872181750688,-0.722914516429454
1.93258315041411,1.03648422571247,0.948228864696106,0.705553444017306,-0.2426754206788,0.542903524226266,0.479727749711649,0.556756476000823,0.468501114984457,0.225825694305657,0.0631757745146174,-0.722403170390449
1.93518462166171,1.03143625577343,0.948375472246594,1.60533929690791,0.656963824661313,1.44354357803677,1.38005964097157,-0.348623385198142,-0.431684168724978,0.225279655936335,0.063483937065195,-0.723095816310259
1.93863813832988,1.02468515268767,0.948556339248162,0.0893394734112867,-0.859216865836875,-0.0743850701017488,-0.13827810048516,1.16296325317283,1.08683443973332,0.227617573896447,0.0638930303834116,-0.720938765351715
1.94158778258209,1.01889765684438,0.948698332992277,1.43655685541408,0.487858522421806,1.2717804798805,1.2075380434074,-0.188640386563026,-0.258839710415126,0.22901881200668,0.0642424364730996,-0.719679520985598
1.94446263600191,1.01320638908087,0.948825613419917,1.08434322933567,0.135517615915754,0.9184055776819,0.853822594618787,0.159383794462083,0.0950030188011296,0.230520634716883,0.0645829830631131,-0.718304978703033
1.94723210645942,1.00773480080204,0.948937816049478,1.1501866725561,0.201248856506624,0.98881773681171,0.923906690511026,0.0838281102910159,0.0250311255384514,0.226279982045076,0.0649110463006837,-0.722657834004402
1.94959472394785,1.00315644481825,0.94902558207614,3.06630875136328,2.11728316928714,2.90606157537421,2.84087066042922,-1.83771421561097,-1.89184507835308,0.225438090934059,0.0651909149449925,-0.723587491142081
1.95235733459709,0.997840353389978,0.949119042710533,1.20288685086355,0.253767808153012,1.04561886933051,0.980100703740443,0.0177396496495341,-0.03098166102991,0.222786147123102,0.0655181655900681,-0.726332895587432
1.95473689664603,0.993319872399277,0.94919171884209,1.37724908016593,0.428057361323844,1.22132586471112,1.15552582327448,-0.162205950875199,-0.206334104432386,0.221723256891458,0.0658000414366435,-0.727468461950632
1.95684093419592,0.989321592833313,0.949250001088468,0.976783085225127,0.0275330841366586,0.819841686881501,0.753792407411386,0.235529185421927,0.195457593677082,0.222990677813741,0.0660492794701153,-0.726259323274727
1.95891226906555,0.98535106547571,0.94930187212705,-0.183146537494252,-1.1324484096213,-0.340673183122814,-0.406967826764113,1.39231889223982,1.35626969889116,0.223821289269862,0.0662946436412997,-0.725480582857189
1.96092037303461,0.981505056418731,0.94934692864464,1.17237325741327,0.223026328768626,1.01551929484786,0.948986777179893,0.0325182792388388,0.000360151464747105,0.223386480233373,0.0665325176679685,-0.725960448411267
1.96320575126105,0.977144491941194,0.949391967942979,3.18309404971698,2.233702081774,3.02702199195671,2.9602187551778,-1.98307426323661,-2.01082678723482,0.222875294539178,0.0668032367789118,-0.726516673403801
1.96543316212179,0.972917965481717,0.949429510649308,1.1807464900729,0.231316979423593,1.02625753999485,0.959190450746818,0.0137275147348989,-0.00976094009751038,0.221556039326083,0.0670670892480344,-0.727873471323225
1.9676635493731,0.96871030506012,0.949460863722795,1.35764303134229,0.408182167619493,1.20448500485408,1.13715371056254,-0.168443405502424,-0.187692846839748,0.220489320779745,0.0673312942915352,-0.72897154294305
1.97030661942971,0.963755179174176,0.949489996559558,1.39923520154018,0.449745204980624,1.24808394759495,1.18043956308158,-0.216684383907405,-0.230949566522023,0.218795638458601,0.0676443845133672,-0.730694358100957
1.97189035181994,0.960807202726813,0.949503317288874,1.37684695447627,0.427343637187393,1.22625886281278,1.15842687406844,-0.197619671341628,-0.208923556779566,0.218420080407827,0.0678319887443408,-0.731083236881048
1.97347408421017,0.957864288795818,0.949513556719993,1.80538517650614,0.855871619786148,1.65476704978294,1.58674745680763,-0.628883168011808,-0.637233900087633,0.218637719698515,0.0680195929753145,-0.730875837021478
1.97487977440445,0.955253204891547,0.949520068673886,1.11338011343318,0.163860044759294,0.963175422895408,0.894989316038385,0.060263888853162,0.0545307526355012,0.218390797394795,0.0681861068570232,-0.731129271279091
1.976358966605,0.952497895065277,0.949524306405076,0.56473172426441,-0.384792582140666,0.413203879191342,0.344842551623448,0.607655343441829,0.604681754781628,0.219889172640962,0.0683613275678939,-0.729635133764114
1.97760854810451,0.950154355137249,0.949525787522764,2.30520096580735,1.35567517828458,2.15325810273285,2.08474875345516,-1.13459439831791,-1.1352229659324,0.220452212352185,0.0685093492776856,-0.729073575170578
1.97959114351445,0.946440587108837,0.949524185109011,1.38535830562379,0.435834120514783,1.23392902316186,1.16518482152559,-0.218744234416751,-0.215660636416577,0.220173484098206,0.0687442016362714,-0.729350701010805
1.98200690986725,0.941921085130161,0.949515697990064,3.37505016621931,2.42553446822925,3.22398620260006,3.154955836463,-2.21303475133284,-2.20544013847293,0.220094329756313,0.0690303661370577,-0.729421368233751
1.98393141837012,0.938316772108931,0.949503807882414,1.32305883836451,0.373555030482092,1.17180801243342,1.10254967474012,-0.164232902631185,-0.153045866857702,0.220509163624389,0.0692583376933067,-0.728994644258024
1.98585592687299,0.934714848430892,0.949487370626647,1.40115560113062,0.451668230503974,1.2508174468438,1.18133113759425,-0.246616289163353,-0.231843766967598,0.219824463536376,0.0694863092495557,-0.729662907090271
1.98834839563595,0.930049417042127,0.949459344678955,1.7456183831229,0.796159038443949,1.59489530416548,1.52511374447565,-0.595064327433521,-0.575654399796693,0.220504638647257,0.0697815596898357,-0.728954706031699
1.99148217664027,0.924246819685276,0.949413377242463,-0.904512736488692,-1.85392611373116,-1.05365258971351,-1.1238053677853,2.04805218747058,2.07321874502776,0.219292631296608,0.070152778071793,-0.730120745945855
1.99452918143691,0.918558801049529,0.949357276937052,1.19471726775406,0.245359990817009,1.04561842424623,0.975104707044081,-0.0565459059945518,-0.0257474301070287,0.21961256070998,0.0705137172021487,-0.729744716227072
1.99840311218768,0.911348670865415,0.949269686781749,1.00566609851972,0.0563964117379756,0.858210080709595,0.787237469186773,0.124111201678642,0.162032217594976,0.218428629332952,0.0709726115228219,-0.730841057448798
2,0.9083878327941,0.949228313586732,2.13432060726338,1.18509229367665,1.98525398677097,1.91409221266498,-1.00570437987088,-0.964863899078251,0.220228394598394,0.0711617741059896,-0.728999918988338
2.00146840355811,0.905657636313114,0.949187556559811,2.86438629807516,1.91519874151535,2.71641548389187,2.64523093200002,-1.73957329568691,-1.69604337544021,0.219155366075137,0.0711845518918479,-0.730032190484674
2.00352864808436,0.901831129194711,0.949125999519451,1.62474597912033,0.675619979600874,1.47715953498075,1.40594302470228,-0.504111895507564,-0.456817025182824,0.21880295441805,0.0712165102784754,-0.730323045101401
2.00563484645902,0.897916239268988,0.949057797101153,0.783586854853095,-0.165470942248058,0.635364143902378,0.564114962404,0.333801276864989,0.384942834697154,0.219471892449095,0.0712491814983787,-0.729585904652058
2.00768010129665,0.894112768550761,0.948986465398351,1.01316671811246,0.0641802527141108,0.86543002398527,0.794149116619394,0.0999636519313675,0.154837348778957,0.219017601493068,0.0712809073658763,-0.729968863905283
2.00935566134423,0.89100147306373,0.948924290477498,0.632766290344966,-0.316158000132532,0.485745918038278,0.414439019487794,0.476562453575936,0.534485270989704,0.218327270857172,0.0713068985504837,-0.730597019620326
2.01127716854526,0.887436292977328,0.948848857078821,0.373749281256232,-0.575099575822589,0.226651184754638,0.1553144799024,0.732121813074928,0.793534377176422,0.218434801353833,0.0713367048522385,-0.730414055724989
2.01324662810481,0.883789704218923,0.948766966920865,0.387608106048373,-0.561158860872492,0.242033939336174,0.170666684348139,0.713123019870784,0.778100282572726,0.216941421700234,0.0713672549880351,-0.731825545220631
2.01721094532562,0.876494777022672,0.948588197816501,-0.250960505922778,-1.19954870373928,-0.395752344319308,-0.467181093552731,1.3436758705754,1.41576929136923,0.216220587629953,0.071428749233423,-0.732367610186548
2.02131545190875,0.868924335444966,0.948383582221541,0.450393963612455,-0.497989618609086,0.303726234819071,0.232233816731477,0.636690518713489,0.716149765490064,0.218160146880978,0.0714924180875941,-0.730223435340563
2.02538299554699,0.861377690939433,0.948161118155902,1.62239386389575,0.674232745739845,1.47750829670394,1.4059527831291,-0.544575092189672,-0.457791664973202,0.216441080766643,0.0715555135748329,-0.731720037389259
2.02966483045837,0.853492451606052,0.947905861181933,1.39643275130872,0.448526890126785,1.25363611265089,1.18201417951575,-0.328521727909693,-0.234108318333812,0.214418571792973,0.0716219331351469,-0.73348728938896
2.03480258559091,0.84412238112315,0.947571403422074,2.84208497598367,1.89451357256159,2.70187048102421,2.63016885134681,-1.78604647022366,-1.68259744792474,0.211916124636853,0.0717016296773925,-0.735655278785221
2.03930658912269,0.836029559604542,0.947253287136877,1.62794622535122,0.680692938214346,1.4914228480028,1.4196513524991,-0.583621792894554,-0.472398065362219,0.208294872852127,0.0717714955037088,-0.73895841428475
2.04195006075859,0.831363628728083,0.947055949939624,3.02055611494073,2.07350016500111,2.88556122806051,2.81374872718705,-1.98238509845897,-1.86669277724743,0.206807387753683,0.0718125008734609,-0.740248562185941
2.04393522053135,0.827855746457189,0.946902652617417,2.68268254812148,1.73577989550406,2.54759257713963,2.47574928258963,-1.64789353613244,-1.52884662997221,0.206933265531848,0.0718432945500012,-0.739969387085569
2.04592038030411,0.82434533414941,0.946744973584943,2.0633870258556,1.11664205227065,1.92968960515592,1.85781551692938,-1.03347018277997,-0.911070543344439,0.205571508926214,0.0718740882265414,-0.741173464658729
2.04758390824571,0.821430588287827,0.946609485959966,1.59773184637511,0.651122360415147,1.46485686602416,1.3929569732543,-0.571526384966476,-0.446347487294336,0.20477487312081,0.0718998927698593,-0.741834612839156
2.04931861777322,0.818405765736559,0.946464972663865,2.59578128434396,1.6493163116801,2.46299743828712,2.39107063680955,-1.57266487107299,-1.44460566414568,0.20471064753441,0.0719268014775687,-0.741754325129455
2.05110856684094,0.815279674577449,0.94631240855652,2.52189062788692,1.5755782193304,2.39052019658021,2.31856562952258,-1.50328595494513,-1.37225322096606,0.20332499836434,0.0719545670576349,-0.74298741019218
2.05273182578488,0.812469495101291,0.946171039634831,-0.0178673014693734,-0.964038341104204,-0.148902056063547,-0.22088180301428,1.03335129811557,1.16705284264911,0.203014501544906,0.0719797469507329,-0.743156538089924
2.05413886978963,0.810023199904486,0.946046193815896,2.25153415243055,1.30548795861466,2.11884855050693,2.04684697757596,-1.23682377767148,-1.10080078376007,0.204687174854592,0.072001572930966,-0.741359018961305
2.05546349438275,0.807703604529879,0.945926689209873,1.01170650517659,0.0657798159667194,0.878789226469238,0.806767106042893,0.000936498486985848,0.13915958316698,0.2049393991337,0.0720221204263453,-0.740987290076174
2.05677475463479,0.805408112270629,0.945806502213584,0.876562402767792,-0.0692440994457919,0.744365731015798,0.672323270400912,0.133084841869717,0.273483231812672,0.20423913236688,0.0720424606148862,-0.741567369846704
2.05862725273861,0.802178584345661,0.945633516661918,1.76621007872667,0.820576562064753,1.63523278029311,1.56316158384135,-0.760982999495689,-0.617528067179432,0.203048494885321,0.0720711964517609,-0.742585021776597
2.0608742653043,0.798276105686389,0.945418706564284,1.97979914244909,1.0343804358848,1.84956268502979,1.77745663305704,-0.97918052737065,-0.832037926492754,0.20234250939205,0.0721060519727517,-0.743076197172234
2.06226936258256,0.795858133854401,0.945282600094129,1.2216737284171,0.276391128322969,1.09089370173311,1.01876600909702,-0.222907875242614,-0.0734834090028865,0.202907719320083,0.072127692636097,-0.742374880774046
2.06366445986081,0.793433953293287,0.945144396377115,0.772791600503338,-0.172352795873777,0.642573037113661,0.570423703814219,0.223010249479069,0.374720692562897,0.20236789668912,0.0721493332994422,-0.742776499687996
2.06519294297334,0.79079651299247,0.944990578958887,-0.384224770814235,-1.32921534977312,-0.512515118124144,-0.584688161159805,1.37548467415228,1.52967874011869,0.20046339034557,0.072173043035661,-0.744527188613317
2.06677078226527,0.788099069949209,0.944829189248907,-1.78481202917079,-2.7296412184197,-1.91120217363123,-1.98339969201313,2.77149876196234,2.92822888126204,0.19858766284234,0.072197518381905,-0.746241526406566
2.0683486215572,0.785412408647672,0.944665177395453,1.19293104840805,0.2482658710126,1.0658413240177,0.993619330289553,-0.20820692164188,-0.0489541528940998,0.1993117181185,0.0722219937281492,-0.745353459276953
2.06987974422119,0.782812224952482,0.944503519407802,0.928125980712463,-0.0163775386953392,0.803051106323414,0.730805361914486,0.0520068630379964,0.213698157493316,0.197320618797976,0.0722457444089283,-0.747182900609825
2.07124968683674,0.780502682004671,0.944356805283545,2.45668217715899,1.51232537187544,2.33383105617512,2.26156406130043,-1.48106137929576,-1.31720725601688,0.195118115858559,0.0722669948746897,-0.749238689424987
2.07238162394367,0.778609946829837,0.94423411808149,1.29319079575388,0.34895667767239,1.16956867104323,1.09728411762962,-0.318674170799782,-0.15304999954813,0.19590667812426,0.0722845534136107,-0.748327439957229
2.07358612518726,0.776593770844535,0.944102116702634,-0.163339105817806,-1.10744122252044,-0.285945987042642,-0.358249224605608,1.13484299545014,1.30235134130824,0.194910118787802,0.0723032375629655,-0.749191997914833
2.0748117516668,0.774552343723054,0.94396627187983,-0.26808704266897,-1.2120533145488,-0.389276680484023,-0.461598929889707,1.23615127361276,1.40556520176954,0.193511887220737,0.0723222494056838,-0.750454384659093
2.07601560748594,0.772561841774766,0.943831351017848,2.08986392413263,1.14603257311478,1.96936312970113,1.89702220615788,-1.12446036438311,-0.953190855140027,0.192841717974753,0.0723409235432539,-0.750989633043096
2.07745197397554,0.770193131071495,0.943668452026266,-1.94648163270187,-2.89015008472814,-2.06567354014962,-2.1380367445217,2.90822987559319,3.08170519654796,0.191555111819824,0.0723632043720723,-0.752113340206441
2.07872782311285,0.768102498901644,0.94352201627088,1.1123736994746,0.168851683203721,0.993877166649399,0.921494171383824,-0.15339167248218,0.0220278448870561,0.190879528090778,0.072382995265575,-0.752642488180103
2.07994665818453,0.766115700446574,0.943380604053293,2.41349250108574,1.47011189703244,2.2965144985493,2.22411259678891,-1.45799689634234,-1.28073199273562,0.189379904296822,0.0724019017603914,-0.75400069975647
2.08106609245171,0.764300901237526,0.943249426469948,0.480478157015681,-0.462771269454268,0.362838802370872,0.290419536014842,0.473881365222684,0.652829890455106,0.190058621000839,0.0724192663560297,-0.75319080546911
2.08236024662923,0.762198980464883,0.943096227157202,0.870487761406686,-0.0726084657505164,0.75362995024348,0.681190609047287,0.0810083714175958,0.261905618109915,0.189297152359398,0.0724393411961924,-0.753799074797804
2.08419381772073,0.759210949260442,0.942876333115171,1.77271568777454,0.829839354659374,1.65337536888628,1.58090758544786,-0.82169663618742,-0.638031252332691,0.191808102326683,0.072467783438414,-0.751068230788488
2.0858678790872,0.756457480478324,0.942672636039726,1.77581439847841,0.833141762438687,1.65651692602885,1.58402317465328,-0.827565694174953,-0.641350538613551,0.191791223825136,0.0724937513755719,-0.75088141221459
2.08921277506978,0.750956040855858,0.942257229794861,1.27702614523271,0.334768915437847,1.15792290728976,1.08537727009302,-0.334421229237164,-0.143120040298161,0.191648875139686,0.0725456371967343,-0.750608354655175
2.09216410305519,0.746081723898825,0.94188139890349,-1.12424737223948,-2.06612877114297,-1.24334466574258,-1.31593608375786,2.06201780765669,2.25781748266135,0.191688711518381,0.0725914180152831,-0.750192687385109
2.09511543104061,0.741224233017525,0.941496858906774,1.50681002378912,0.565313164882348,1.38735744135725,1.31472024252341,-0.57349600950589,-0.37322338361664,0.192089781265708,0.0726371988338317,-0.749407077641067
2.09823742647868,0.736102927826241,0.941080642990666,0.89523455119492,-0.0458460917957467,0.777199806933615,0.704514179898185,0.0315887479280562,0.236566463092481,0.190720371296735,0.07268562703543,-0.750360271693932
2.1,0.733214112468305,0.940841403156245,-0.306011183558769,-1.24685258671501,-0.423987724249041,-0.496700692216742,1.22991480468505,1.43754209537299,0.190689508657974,0.0727129679677009,-0.750151894498271
2.10365100555936,0.72719213590983,0.940336048484026,2.42539798499423,1.4850619365102,2.30460253678121,2.23210824378952,-1.50491610787969,-1.29177219530549,0.193289741204708,0.072494292991689,-0.747046307279318
2.10673037458681,0.722009088492044,0.939899417930465,1.78602890216557,0.846129484235104,1.66374409100837,1.59143423513606,-0.869425146644019,-0.651534817205599,0.194594667029506,0.0723098558723099,-0.745304750900959
2.10955458294197,0.717245616678798,0.939490499515308,1.88015252430345,0.940662024788143,1.75802333049633,1.68588262903484,-0.968637012356044,-0.746392129519534,0.194269895268609,0.0721407014614839,-0.7452206042467
2.11221301208288,0.712756202748488,0.939098193830298,2.42999387415985,1.49089568032955,2.30788949814768,2.23590802184189,-1.5231518190934,-1.29680982801159,0.194085852317961,0.0719814763057931,-0.745012341512337
2.11372267563004,0.710208005661168,0.938872223019757,-0.264613310362151,-1.20348553338191,-0.385289776807188,-0.457180832642622,1.16738883830379,1.39605305566238,0.192567522280471,0.071891055835434,-0.746304700739285
2.1152323391772,0.707669047909779,0.938643954122699,0.272671471595317,-0.665972482527381,0.150983143392686,0.0791825080276113,0.628486539882167,0.859461446095087,0.193488963567706,0.071800635365075,-0.745154990554992
2.1167130445995,0.705176960420528,0.938417832706032,2.33423927304391,1.39582144033788,2.21326640721971,2.14155445789398,-1.43637749747345,-1.20313662518795,0.192684815149927,0.0717119493257261,-0.745733017556105
2.11872249486101,0.701806380451334,0.938107444509157,1.51522514151192,0.577117697002768,1.39484929193313,1.32325769752897,-0.621451317077633,-0.385150253019811,0.191967443982957,0.0715915944041605,-0.7461400005262
2.12082472194604,0.698277133390195,0.937778398057719,1.52075020733721,0.58297180927949,1.40012276613521,1.32865708346959,-0.630379950079394,-0.390878685411871,0.192093123867619,0.071465682665623,-0.7456852741901
2.12303068289274,0.694584959888573,0.937428359247331,1.12138106421158,0.183952704964253,1.00348729994158,0.93215374209726,-0.237568782208688,0.00527461715007094,0.189227322114324,0.0713335578443209,-0.748201037133008
2.12468649439131,0.691846527291884,0.937162453787549,-0.333653885826872,-1.27081633961442,-0.450597511209379,-0.521831895131929,1.21367842242381,1.45899434891948,0.188178009305057,0.0712343839225499,-0.748984444482492
2.12634230588988,0.68911233266693,0.936893860668246,0.203310248665436,-0.73358361200281,0.0864958811771251,0.0153606711763461,0.673751661490584,0.9215331894919,0.18794957748909,0.071135210000779,-0.748944283179156
2.12912500973905,0.684577986812404,0.936436464891335,0.42087964059737,-0.515556824293965,0.308356554106752,0.237388012627171,0.447189974185233,0.699048452264164,0.183491627970199,0.0709685414795811,-0.752944836921136
2.13167520355207,0.680472054117373,0.936010794506572,1.77423973917128,0.838228944664709,1.6621156438402,1.59129984482069,-0.91082779070332,-0.65528905031412,0.182939894350588,0.0708157990195057,-0.753070900155984
2.13412001424193,0.67656829906671,0.935596936430718,0.601396996529444,-0.334199939901274,0.492631035648243,0.421961667224437,0.254606631842274,0.513635269206281,0.179435329305007,0.0706693684238067,-0.756161607125711
2.13655723037581,0.672747236196441,0.935178844676027,0.470633844794312,-0.464544999881715,0.362618237518169,0.292094844818295,0.380652391378146,0.643083999857732,0.178538999976017,0.0705233926998735,-0.75663984470001
2.13870883974644,0.669378653917507,0.934805218635714,0.446773738192747,-0.488031480442967,0.340303304434228,0.26990878119781,0.399469872719697,0.664896437437904,0.176864956994937,0.0703945232364177,-0.757940261640777
2.14102568539565,0.665784843725352,0.934398188226309,2.29147709827361,1.3570789100473,2.18667603284808,2.11642027581142,-1.45063543208607,-1.18202208758511,0.175056822462194,0.0702557570366609,-0.759341365764115
2.143033899612,0.662697099048086,0.934041470615252,1.25728483863935,0.323243368024099,1.15331002146321,1.08317454531587,-0.420477446267779,-0.149133074700614,0.174110293323486,0.0701354761473427,-0.759931177291766
2.14591958918193,0.658236016181156,0.933522563211024,0.981049987257474,0.0475274240464499,0.87515600088915,0.80519336153628,-0.146957345355124,0.128329201674745,0.175856625721195,0.0699626393528701,-0.75766593748983
2.14838396185479,0.654401771026259,0.933073471147971,1.67167630315067,0.738602832002695,1.56590243331699,1.49608739621407,-0.84168562518781,-0.563013925066098,0.175588906936597,0.0698150371029258,-0.757484564211374
2.15097896278158,0.650402876374213,0.932594667583612,0.880300449175427,-0.0522942184081856,0.777485547735156,0.707825936789816,-0.0574230604156031,0.224768730793797,0.172474512385611,0.06965961094534,-0.760120155198001
2.15333949248211,0.646803922341725,0.932153943908265,2.01896017415525,1.08680623024699,1.91834585482215,1.84882762650887,-1.20202370416714,-0.916673682600602,0.170132547646386,0.0695182283132829,-0.762021396261879
2.15576416369852,0.643166258416561,0.931696185290882,-0.0642088318342386,-0.995905017125121,-0.161289272513968,-0.230662276474272,0.873828534890832,1.16235846176515,0.166453444640033,0.0693730039603032,-0.765242740650849
2.15778810244727,0.640175924652782,0.931310239583374,1.52119429755017,0.589884057966796,1.42394898603143,1.35469720477269,-0.714521280119911,-0.423386965189318,0.166497092777478,0.069251781258739,-0.764813146805897
2.15954759193983,0.637577773727176,0.930971906239568,0.771476811504894,-0.159495094734674,0.674503535560862,0.605357137960495,0.0322206357666812,0.325614768279074,0.1661196735444,0.0691463976003678,-0.764852232695168
2.16131827043572,0.634963514458786,0.930628781513428,1.70669221810954,0.776063436596111,1.6104448050404,1.54140446125763,-0.90644094679884,-0.610775679744198,0.165287756851914,0.069040343782778,-0.765341024661514
2.16642266994274,0.627506265228754,0.929625009629342,0.469019368378277,-0.460605641251065,0.372771631548858,0.304037012975643,0.323469252253111,0.625587996653699,0.164982355402634,0.0687346185732149,-0.764642654226709
2.17362358981752,0.616920348291978,0.92817198440443,2.63486326076084,1.70669127635641,2.54068530735232,2.4723819839265,-1.85546163563452,-1.54420999952207,0.162481276834343,0.0683033234258166,-0.765690707570087
2.17808841144952,0.610415454357845,0.927249457989225,0.537434618305191,-0.389814839684034,0.444300002334276,0.3762640969519,0.234151357405945,0.550985361037325,0.16117052135329,0.0680359053823759,-0.766078936635934
2.18255323308153,0.603926668293738,0.926310591785288,0.14465173375045,-0.781658858034838,0.0517600349741521,-0.0160084523647832,0.619935120658521,0.942319044150071,0.160660186115233,0.0677684873389354,-0.765650405670055
2.18573872225321,0.599306322361886,0.925630794476288,2.24679995385012,1.32116915937383,2.15486406171026,2.08728636749855,-1.48798004513667,-1.16165557302226,0.159513586351565,0.0675776942117063,-0.766117208124723
2.18892421142488,0.594686654402344,0.924942745839082,3.12000645748837,2.19506371164929,3.02887848239703,2.96149158131255,-2.36680492691021,-2.03654883547347,0.158514876175818,0.0673869010844772,-0.766427869663263
2.19184441523215,0.590525034742414,0.924304829476912,0.527837393969125,-0.396467435507787,0.439571172764654,0.372359175685969,0.218165859056445,0.551945653790943,0.155478218283155,0.0672119970786847,-0.768826611193757
2.19463399494777,0.586576850768151,0.923689167070973,-0.376083204806249,-1.29977237187722,-0.463992857820373,-0.531037774551609,1.11761462531976,1.45472694162258,0.154954569745359,0.0670449167312359,-0.768734597325614
2.19697835684443,0.583276432864191,0.923167044464386,0.992302370989026,0.0691353265246396,0.906720060438891,0.839815557977965,-0.256539125113774,0.0833514864864212,0.152486813011061,0.0669045024609262,-0.770680231453325
2.1989120624397,0.58059836011998,0.922733188000505,0.296994157019444,-0.62573903098106,0.212833564343607,0.146044880118995,0.434553480000985,0.77668830788151,0.15094927690045,0.0667886842246122,-0.771783911100055
2.2,0.579099885672234,0.922487842759349,-1.23437735336026,-2.15686519611961,-1.31855602549544,-1.38527954829643,1.96437943396867,2.30776739105578,0.150902194936176,0.0667235228009899,-0.771585647823173
2.2014151373746,0.577140730585429,0.922167364110207,0.342285116811474,-0.579882247298732,0.257055033918523,0.190411490780241,0.386729239805189,0.731755873329966,0.151873626031234,0.0666435431382829,-0.770293738078973
2.20436054822313,0.573096911249292,0.921495447751859,0.898709509651466,-0.0227859381003931,0.818941609911829,0.752464533273851,-0.179367622024559,0.169030914478008,0.146244976377615,0.0664770766379785,-0.775250471374244
2.20677392244705,0.569867850765313,0.92094012312107,1.17781467673231,0.256874553611236,1.09816664611888,1.03182596673807,-0.461958115972758,-0.110885843617001,0.145988709994235,0.0663406793808081,-0.774951413126835
2.20930136586905,0.566509819962564,0.920354016207274,-1.33207321313525,-2.25242722934253,-1.40965578680096,-1.47585362204803,2.04236344201059,2.3962076382553,0.143780408912778,0.0661978352470645,-0.776573607294496
2.21268653353407,0.562100532414605,0.919561868830179,1.89108448800012,0.971522619169944,1.81810262528981,1.75209611038585,-1.18999557797125,-0.832534241555671,0.138988377614272,0.0660065149039553,-0.780573491215906
2.21749761090548,0.555886914073182,0.918422370220792,0.859559020920986,-0.0588633492998063,0.785134140054133,0.719399533978486,-0.163512619905304,0.199022836242306,0.140159486942499,0.0657346060756469,-0.778262883278292
2.22230868827689,0.549709425171804,0.917266823505557,0.64894447144928,-0.268322352056277,0.577068127921969,0.511605430674631,0.0381039944971738,0.405661392830926,0.137339040774649,0.0654626972473383,-0.779927782730908
2.22681018957592,0.543918053517994,0.916171307338529,1.80618546773964,0.890014160401115,1.73164885907198,1.66644057426688,-1.12252252074889,-0.75026926692835,0.139744893472765,0.0652082848051021,-0.776426413865764
2.23051237134435,0.539127340068143,0.915259849915438,1.59535958502144,0.680099735106001,1.52129742161437,1.45629837391546,-0.917171033847316,-0.541038524000022,0.139061211105979,0.0649990476989146,-0.776198638809459
2.23418366086591,0.534358368171486,0.914346660563651,1.79753641433236,0.883189753768711,1.72398880785332,1.65919725131597,-1.12483888314449,-0.744850590752321,0.13833916301639,0.0647915565373465,-0.776007497547261
2.23726334677175,0.530355467155549,0.913573450750089,-0.0480919696110029,-0.961665420361092,-0.122381439795725,-0.186998940976741,0.71735440813229,1.10057239172683,0.138906971365738,0.0646175011810155,-0.774666479384351
2.24307299765204,0.522784902592127,0.912097005428382,2.55754958415666,1.64545257872827,2.4835327688918,2.41924361316063,-1.8964587105685,-1.50714660773225,0.138305970996027,0.0642891557311733,-0.773791034432355
2.24798502088138,0.516414956335449,0.910830556457325,0.600392748203836,-0.310437808253489,0.528207426201501,0.464195884480206,0.0522190718552427,0.446634671977119,0.13619686372363,0.0640115417212946,-0.774633692733695
2.25230112134698,0.510917853458359,0.909704280632112,-0.632310326625281,-1.54201460725739,-0.700198557889808,-0.7639661655128,1.27488401897116,1.67367044614491,0.131655838887519,0.0637676076229915,-0.778048441744593
2.25584157717377,0.506554171000935,0.908771338265972,0.617160310232312,-0.29161102803366,0.551669569173417,0.488102058352289,0.0184521126486455,0.420669279913683,0.129058251880023,0.0635675108211274,-0.779713086385949
2.25880043419026,0.50294412092065,0.907985578550373,1.07379670833376,0.165811129783389,1.00957478400202,0.946174499621536,-0.443230378700886,-0.0381889210711623,0.127622208712227,0.0634002843804831,-0.780363369838147
2.26141418809626,0.499796043881131,0.907286927582439,0.0454480832106778,-0.861838844371762,-0.017561983938182,-0.0808145461543339,0.580610590035465,0.988101473736773,0.126262629365012,0.063252562216152,-0.781024298217428
2.26420296354556,0.496440101433523,0.906536856261957,0.975084468873565,0.0685476126116078,0.913357739886594,0.850262791569844,-0.353822690136321,0.0562740646921129,0.124821677303721,0.0630949483167501,-0.781715178958237
2.26699173899485,0.493163558328239,0.905782068884544,2.13958236158354,1.233800292699,2.08157046681,2.01863313239266,-1.52546957406442,-1.11285106350811,0.120949229190888,0.0629373344173483,-0.784832839693657
2.26980968667847,0.48993874082916,0.905014771455917,0.921769905642753,0.0167551341868353,0.86737050549541,0.804592433711717,-0.314653692882557,0.100422337744201,0.117177471931036,0.0627780717836932,-0.787837299524881
2.27257353590187,0.486860143736786,0.904257864611273,1.85669604447682,0.95243817986555,1.80431045693584,1.74168859028999,-1.2548284465532,-0.837430725678717,0.115007454186833,0.0626218666458538,-0.789250410424439
2.27430039151895,0.484948756588725,0.903782820225583,1.19033469960212,0.28655187937654,1.13791914053111,1.07539487100358,-0.590446114414854,-0.171612050777996,0.114939828598544,0.062524269527527,-0.788842991627039
2.27602724713603,0.48304783159345,0.90330614846023,-0.0538474309526715,-0.957153579412901,-0.105362130410137,-0.167788802819337,0.650836634412787,1.07109495127957,0.113941371866665,0.0624266724092001,-0.789364776593564
2.27831799888709,0.480515501872015,0.902671324139404,-0.516067053628968,-1.41873837776837,-0.569026966961251,-0.631324172397361,1.11183967426938,1.53399549653677,0.115257118768393,0.0622972054361105,-0.787414205371011
2.28047251904069,0.478117199570434,0.902071628335288,0.547833241725756,-0.354238386609533,0.495763272428092,0.43358783453079,0.044529365039644,0.468483793804498,0.114245407194966,0.0621754378973022,-0.787826221140323
2.28275466323523,0.475603551056687,0.901433649055595,0.938215881267163,0.0367822322115688,0.886989757656599,0.824943300257023,-0.349339749200336,0.0764903487985711,0.11327258101014,0.0620464573995753,-0.788161068045455
2.28462289981817,0.473558995647083,0.900909293441627,2.6623505176583,1.76144122421667,2.61233278951517,2.55039191969631,-2.07683292404923,-1.64948262625469,0.111958597961987,0.0619408698188622,-0.788950695479639
2.28655265230126,0.471458327750991,0.900365720616574,-0.787258329135873,-1.68762404975245,-0.83746010351352,-0.8992919090426,1.37075023679359,1.79965762965917,0.112033579906726,0.0618318055290796,-0.788332140709848
2.28852701755551,0.469308559209628,0.899807535726164,-1.20769851606671,-2.10750605179288,-1.25818073437522,-1.31990095422369,1.78920951343332,2.21970848994986,0.11220243815698,0.0617202198484736,-0.787605097569184
2.29018763377006,0.467490419967004,0.899336448202351,2.48472456294419,1.58538811474184,2.4338068682485,2.37218050184995,-1.90469008188295,-1.4728440536476,0.112544061094238,0.0616263663985475,-0.786792387108113
2.29184665389241,0.465675473458181,0.898864343047239,0.304320791177963,-0.594543551869276,0.254634277369928,0.193101674214576,0.272573799243605,0.705762668832663,0.111219116963387,0.0615326031553516,-0.787645226083852
2.29406508537799,0.463273750682395,0.898230775810893,1.62115327906942,0.722922503258529,1.57320151353559,1.51179429001132,-1.04852053932892,-0.613563514200422,0.109358989058107,0.0614072235242713,-0.788871786752786
2.29597754206312,0.461237393228431,0.897682544001302,0.568601176812071,-0.329081367189231,0.521857969476044,0.460558832730741,0.000678560497689606,0.437123711270561,0.108042344081329,0.0612991367453027,-0.789640199919973
2.29817498684792,0.458900893112175,0.89705031450237,0.778903294801602,-0.118147019700768,0.731512596306566,0.670337653081878,-0.211436759969703,0.226712661420492,0.108565641719724,0.0611749432246878,-0.788484672782646
2.3,0.456960501204156,0.896523360734058,-0.639316542082442,-1.5358399028165,-0.685152243149834,-0.746224041662948,1.2031845428671,1.64274740239701,0.106907499580506,0.0610717985131146,-0.789615861153553
2.30196136145236,0.454897974409258,0.895955163013847,1.75686336692218,0.860908203908332,1.71174771531174,1.6504676722086,-1.19556969779934,-0.75451250919475,0.106395694713582,0.0612800431031386,-0.789559468300265
2.30513326043428,0.451590210936077,0.895032221993876,1.72968384721252,0.834651625218646,1.68710698906148,1.62549017437435,-1.17389996343828,-0.730457952380479,0.104193672838167,0.0616168146871277,-0.790838549155709
2.3083051594162,0.448353267834112,0.894104388615085,0.131604373954357,-0.762500014660728,0.0895621892599541,0.0276086029888374,0.420744664845274,0.866495785626248,0.10399577096552,0.0619535862711167,-0.790108617649565
2.31225128169219,0.44436986716745,0.892943390441666,0.257462400026413,-0.635480990415253,0.218666560115854,0.156294000271784,0.288075866895666,0.736649390169881,0.101168399754628,0.0623725598440697,-0.791774990687037
2.31632101614947,0.440375035608466,0.891738525454289,-1.46751067347711,-2.3592491989314,-1.50376221709235,-1.56656687484603,2.00694191045449,2.45830540030032,0.0990562013689156,0.0628046577536827,-0.792682324085374
2.31981264750703,0.436999806611478,0.890698930377291,1.66620199253733,0.775503062160039,1.63169301762632,1.56851764118655,-1.13151783457507,-0.677818710809254,0.0976843513507857,0.0631753764397747,-0.793014579026506
2.32333661190784,0.433643743839346,0.889644343279892,1.83046713764302,0.940822794363123,1.79554035829449,1.73199083025658,-1.29834708641724,-0.842346486976692,0.0984763073864316,0.0635495280379015,-0.791168035893461
2.32644432772973,0.430685984115777,0.888709900450245,-0.42332435279165,-1.3120342532419,-0.457391600020993,-0.521271085092801,0.951957069208578,1.40998098554305,0.0979467323011509,0.0638794850718079,-0.790763168149094
2.32968445836906,0.427660754087134,0.887731288890124,0.67826268927697,-0.209468599613154,0.647216862688616,0.582993361639641,-0.155332607552507,0.304737927250483,0.0952693276373291,0.0642235010489749,-0.792461961252795
2.33546505357554,0.422432738497584,0.885974850488275,0.317938660512079,-0.568036189976195,0.290389533951148,0.225552286936371,0.196880451561212,0.660422563551904,0.0923863735757083,0.0648372470147767,-0.793588476912567
2.34142559392965,0.41728682266937,0.8841503885821,0.0714658399219109,-0.812684548660189,0.0488756479657972,-0.0165944504190669,0.433881273088437,0.900744839001167,0.0880602903409778,0.0654700983848641,-0.796090098241123
2.3464833245844,0.413143429766347,0.882592435215657,-0.105726176120722,-0.988318611336379,-0.121703627093629,-0.187710722392235,0.600854152158582,1.07030315760789,0.0819845462715129,0.0660070952986056,-0.800607888944144
2.34881553683674,0.411321800377145,0.881871247534967,1.88041368562333,0.998542438088362,1.86495165535075,1.79869694093852,-1.38737514056137,-0.916825693403548,0.0817167446848142,0.0662547144122325,-0.800154502850153
2.35114774908907,0.409521118360623,0.881148386984981,2.18490837935817,1.30375999237319,2.17021527247049,2.10371293894463,-1.69419182058401,-1.22256455195965,0.0811954404135395,0.0665023335258592,-0.799952946571442
2.35323408414979,0.407913920661182,0.88050033850006,1.94031406555274,1.05981372705268,1.92635805305736,1.85963420605735,-1.45172028539617,-0.979133867557289,0.0806798594953868,0.0667238470000071,-0.799820479004673
2.35540713124585,0.406242413829025,0.87982396026527,0.285677323207254,-0.594146637058016,0.271759369923749,0.2048048029302,0.201437610898825,0.67501915733507,0.0808725202770535,0.0669545669935488,-0.798951439988217
2.3575660044459,0.404610004150416,0.879150600429487,-0.0740028172172169,-0.953153417646704,-0.0858071762325384,-0.152990958327626,0.557600962478042,1.03214155875711,0.0789881411104092,0.0671837820950877,-0.800162459319077
2.35916473852275,0.403415709406631,0.87865108501994,0.987222722337979,0.10857163731804,0.97535115987438,0.907997634603199,-0.504581925196568,-0.0293465495832591,0.0792250877347804,0.0673535252711817,-0.799425997285159
2.36076347259961,0.402227063820524,0.878150840693639,0.463292277517522,-0.414858563176117,0.452182539792079,0.384659271344803,0.0175677924757203,0.493491569348836,0.0786330061727191,0.0675232684472755,-0.79951783452092
2.36286753493121,0.400683943940451,0.877491389767646,1.55212091903826,0.674629529270617,1.54212913998833,1.47438247590069,-1.07369853196024,-0.596891086133045,0.0777384431375716,0.0677466640876356,-0.799752946630074
2.3649715972628,0.399162052779029,0.876830728440753,1.35586321508401,0.479032486643261,1.34811416898836,1.28014410926037,-0.880982056481337,-0.403313380819613,0.0757191058236477,0.067970059727996,-0.801111622617105
2.36696560238376,0.397746020765579,0.876203546753567,1.5080281118904,0.631824565136829,1.49993390601145,1.43175213580122,-1.03400611503564,-0.55554858904765,0.0762759760891785,0.0681817702102319,-0.799927570664388
2.36888879565467,0.396363935402809,0.875597649982094,1.38223384287094,0.506636192888842,1.3731652044759,1.30477924212467,-0.908415306721857,-0.429181592142572,0.07745460074627,0.0683859623512348,-0.798143049235824
2.37099989790982,0.394847372124702,0.87493141884156,1.21748862703444,0.342557208192878,1.20926176915815,1.1406516637133,-0.745804291588603,-0.265720244871745,0.0768369633211325,0.068610105444846,-0.798094455520427
2.3731400558498,0.393341864669881,0.874254832689164,1.93419569189138,1.05994085920222,1.92824711941206,1.85940978593015,-1.46606792126027,-0.985154953240987,0.0747859059612292,0.0688373334819126,-0.799468926727935
2.37515358064667,0.391957903988967,0.873617237734244,0.7277725236487,-0.145844714085544,0.723133285562099,0.65408216912584,-0.262124265136873,0.219535068608404,0.07369035452286,0.0690511164362588,-0.799926883211384
2.37737790466748,0.390426666515126,0.872911750276735,0.784983384464551,-0.087928365812184,0.778733043094646,0.709445762414802,-0.319019095899676,0.163465987861933,0.075537622049749,0.069287280679844,-0.797374128226986
2.37937682591998,0.38903470563211,0.872276707410815,1.49573626927611,0.623459561865296,1.49060880947344,1.42110929634852,-1.03207459071641,-0.548832588937704,0.0746269729275917,0.0694995131249221,-0.797649734483223
2.38106285563398,0.387893423366131,0.871740310208366,1.77768608525744,0.905945775049075,1.77457420137623,1.70489567659278,-1.31700225322665,-0.83315536638441,0.0727904086646654,0.0696785247834493,-0.798949901543701
2.38274888534797,0.386773980491667,0.871203256383569,1.63117153746498,0.759968281081415,1.629182427524,1.55932489108202,-1.17255091059035,-0.688121634698452,0.0718466463829635,0.0698575364419765,-0.799356610000606
2.38460512717507,0.385553365536261,0.870611246152435,0.435100128288793,-0.435511117863642,0.433552172272059,0.363497552157512,0.0220558133787491,0.507113693994923,0.0716025761312807,0.070054620114547,-0.799008670021155
2.38712389052216,0.383918055099609,0.869806726825186,1.19220829123593,0.32240156441074,1.19160256723326,1.12128052122434,-0.737362466124729,-0.251473794399152,0.0709277700115873,0.0703220460089173,-0.798878956813598
2.39008805903214,0.382013315239887,0.868858196559398,2.65872311946011,1.78986492290071,2.65949285113284,2.58885608900906,-2.20684277376918,-1.71999789244967,0.0698670304510465,0.0706367621237773,-0.798991166108352
2.39318796166519,0.380069358169174,0.867864287954263,1.08962245468028,0.221758166726013,1.09173287121722,1.02076698161306,-0.640697623443883,-0.152902693658794,0.0688554730672195,0.0709658896041592,-0.799008814887043
2.3982193832875,0.37698970338163,0.866247082131007,1.41566103312724,0.549413950996234,1.41917718333402,1.34767709013791,-0.970687386756277,-0.481430008006901,0.0679839429893332,0.0715000931961143,-0.798263139141674
2.4,0.375908307081796,0.865673605350291,0.724835783392047,-0.140837821958243,0.729139745070298,0.657450597583942,-0.281542290502146,0.208223007766349,0.0673851858081056,0.0716891474863566,-0.798288419542185
2.40239896412722,0.374459828444433,0.864900048056113,1.15428882318736,0.289388775131248,1.1581788262807,1.08645518771744,-0.711995359273008,-0.221555139661329,0.0678336354699192,0.0717236385632625,-0.797066412586193
2.40473349143936,0.37303434040914,0.864146233981125,-0.0119294412986198,-0.876075675279745,-0.00779867809196969,-0.0795558812926305,0.452590221701771,0.943702115273755,0.0676264399940106,0.0717572032006608,-0.796519793987114
2.4075408431833,0.371343761522462,0.863238398849393,0.248510571629424,-0.61472782721997,0.253720516983461,0.181922951118013,0.189420810404448,0.68131544773138,0.0665876205114101,0.0717975658654473,-0.796650778337983
2.4107833594305,0.369416244944467,0.862188075158735,1.95332274314642,1.09113466798768,1.95884726129878,1.88700307619631,-1.51758683125184,-1.02481500103757,0.0663196669501094,0.0718441851024678,-0.795868408208626
2.41492946327945,0.366999847833311,0.860842372822978,2.60278894045584,1.74194656763287,2.61159669902319,2.5396929033642,-2.17269305553088,-1.67885053054122,0.0630960370916482,0.0719037956589959,-0.79774633573133
2.41974127594913,0.364398130947873,0.859277248672374,2.18014562505137,1.32086837637899,2.19393797574114,2.12196499830533,-1.75756686735745,-1.26268774963295,0.058180626746041,0.0719729774358147,-0.801096621926333
2.42359771929478,0.362396771571288,0.858020649140604,1.48786442994328,0.629843780802677,1.50243872655409,1.43041030315203,-1.06801353158074,-0.572389654011429,0.0574541267912483,0.0720284234020585,-0.800566522349356
2.42797928511972,0.360179892431699,0.856590730371129,2.29213376710905,1.43554303673792,2.30791291393361,2.23582149462339,-1.87564160219169,-1.37923076425226,0.0563122724856577,0.072091419310218,-0.800278457885471
2.43280107356879,0.357767750694925,0.855014549331447,0.841809976469237,-0.0132045728622103,0.860249368219983,0.788088623706302,-0.430320873011377,0.0669259256251452,0.0537213527629349,0.072160744513681,-0.801293196568512
2.43715656572361,0.35570999574083,0.853588736471105,1.11025169392431,0.256662957453201,1.12780480746116,1.05558144191319,-0.699871446172355,-0.20199270544208,0.0546702520111209,0.0722233655479725,-0.798918484459984
2.4423597995531,0.353135794349053,0.851882849336519,2.23911367255997,1.38723082322345,2.25412480578674,2.18182663080909,-1.82869083646003,-1.32994378147257,0.0572870417508833,0.0722981749776492,-0.794595807585636
2.44594797965299,0.351318327556718,0.850704658277625,0.801379338195018,-0.0493253200826068,0.816124330092065,0.743774566099652,-0.392456238542934,0.106930092177973,0.0576047720953666,0.072349763992413,-0.793099886182259
2.44953615975287,0.349527019301302,0.849524966020371,1.66018942940469,0.810664463384316,1.67873936182475,1.60633800881757,-1.25681098951627,-0.756813042797199,0.053851420587117,0.0724013530071768,-0.795673545433254
2.45437896422487,0.347273733046372,0.847930778549477,1.31373513674724,0.465804358197758,1.3341532090972,1.26168222872895,-0.914408495682578,-0.413751450179473,0.0520529080182852,0.0724709803682484,-0.795877870531192
2.45922176869686,0.345081677681911,0.846334590397703,1.42594897798043,0.579614387582725,1.44851401960056,1.37597341187124,-1.03089173418933,-0.529638821473539,0.0499755661091859,0.0725406077293198,-0.796359024288517
2.46133436513763,0.344158322633286,0.845637714998092,0.389627361371583,-0.45601035362651,0.413664338299068,0.341093356740694,0.0030649658925927,0.504544358257399,0.0485340046308891,0.0725709815583749,-0.797103710367203
2.46344696157839,0.343262367763461,0.844940544011412,1.38445219562882,0.539511651617405,1.40956130229171,1.33695994690428,-0.993697579140816,-0.492019402892865,0.0474922487245393,0.0726013553874298,-0.797448295286873
2.4670474358744,0.341795212397562,0.84375178224201,1.41895912821981,0.575207345977803,1.44663401903275,1.37398089787091,-1.03218568547334,-0.530229115628897,0.0449782303489064,0.0726531211618457,-0.798773551893104
2.47082003044363,0.34032264002563,0.842505581098254,1.54557195420915,0.7030663731109,1.57446894437334,1.50176158277999,-1.16143894275436,-0.659256001681733,0.0438103714291667,0.0727073615933493,-0.798695209669087
2.47438159959337,0.339009040040273,0.841328646649865,2.11383939665765,1.27251075000779,2.14582805592362,2.07306948791411,-1.73406044787384,-1.23174084126424,0.0407699087435409,0.0727585680095082,-0.800558737906324
2.47793575240154,0.337742835957469,0.840153916891161,1.16963434367848,0.329480426787323,1.20182886925687,1.12901920145956,-0.791276365502092,-0.288865284568401,0.0406151422189227,0.0728096677973087,-0.799538774672238
2.48243447197351,0.336192002507786,0.838666759858958,1.32391759291235,0.485250833053396,1.35593472636483,1.28306037828282,-0.946868375775031,-0.444393618423859,0.040857214629537,0.0728743480820091,-0.797809545229421
2.48587303333155,0.334985841644089,0.837529900690155,1.77087720446429,0.933347303774136,1.80454442679456,1.73162064083939,-1.3966347991953,-0.894090740149236,0.0392565636248996,0.0729237859551726,-0.798273337065255
2.48931159468959,0.333813381716225,0.836392937371966,-0.368878456079074,-1.20527139345104,-0.335084158834752,-0.408057382663088,0.741870764379313,1.24445032003505,0.0391789265840142,0.0729732238283363,-0.797214010787952
2.49076340082003,0.333327340749416,0.835912873985464,0.351604130737407,-0.484308743248057,0.386413221065625,0.313419123912703,0.0199082168367132,0.522493750072761,0.0381850068247034,0.0729940971529222,-0.79772786716076
2.49221520695047,0.33285110263005,0.835432809946562,1.54213659000102,0.706703780054457,1.57715385605268,1.50413888557517,-1.17128778294512,-0.668706075628606,0.0379977044258504,0.073014970477508,-0.797435105520712
2.49356715382804,0.33240902681672,0.834985770575226,0.560012216847165,-0.274973553728061,0.594863254883737,0.52182884680681,-0.189419819990089,0.313156923768417,0.0381833700403553,0.0730344080769277,-0.796802400534871
2.49517526729532,0.331886559539844,0.834454031297904,1.11154746690125,0.277093435603342,1.14796972724368,1.07491219853538,-0.743025638995535,-0.240458167237474,0.0366352683658679,0.0730575287083051,-0.797818762932036
2.49716694165257,0.331265803359587,0.833795496548236,1.03779577263516,0.204000276086927,1.07481483212076,1.00172866813915,-0.670462864779561,-0.167933171590912,0.0360671044960144,0.0730861639816083,-0.797728392052222
2.49963225975262,0.330495983647841,0.832980422064019,-0.747518167288027,-1.58049858935205,-0.710170733040332,-0.783292342102266,1.11378832575011,1.61627276416628,0.0357741748142384,0.0731216090619333,-0.797206247249781
2.5,0.330383400487892,0.832858847770937,1.06542714190907,0.232568294138131,1.10288538082631,1.02975848458355,-0.699375084095654,-0.196899636812609,0.0356686573255214,0.0731268962427669,-0.797190190445416
2.50043439549608,0.330250938598557,0.832715240241621,1.86742696932581,1.03471172908419,1.90506556515565,1.83190767574236,-1.5016567371438,-0.999192435500739,0.0355192935834516,0.0731578894132863,-0.797195946658169
2.50143800322846,0.329945190546347,0.832383468150134,0.411359899291746,-0.421023568858388,0.449242447654184,0.376012953019699,-0.0460677624733521,0.456370515130435,0.0353469462720471,0.073229494634485,-0.797036521878087
2.50308305797681,0.329451814898364,0.831839688714537,1.5610024016465,0.729162712931961,1.59861775265573,1.5252708869555,-1.19581907205714,-0.693431198240967,0.0357315146909936,0.0733468657002296,-0.796108174023543
2.50492917630256,0.328899128057112,0.831229509583785,1.76140911238776,0.930179602803977,1.80046912233054,1.72699054011716,-1.39809141206005,-0.895761030533378,0.0344185722705994,0.0734785822133737,-0.796810937313185
2.50678131754887,0.328369889778155,0.830617427470327,2.82599898361721,1.99538155614689,2.86494168227908,2.79133095383032,-2.46296106405217,-1.96071352636,0.0346680297868898,0.0736107284487542,-0.795949397683438
2.50832272290689,0.327925777254607,0.830108109816254,0.151624020668739,-0.678484089147515,0.191199861405363,0.117479157048636,0.210446620205971,0.712628952767618,0.0341448636201025,0.073720704356727,-0.795963246196151
2.51015827234303,0.327406817359108,0.829501692139757,0.907008210213159,0.0775065180734028,0.9467309963988,0.872879329596134,-0.545472512237026,-0.0433776374563773,0.0341288806170255,0.0738516668026663,-0.795372811522731
2.51198366305499,0.326896322226959,0.828898736604633,1.44897837032845,0.620079633723814,1.4902790717076,1.41629716726179,-1.08940084503483,-0.587398430657157,0.0326812030666572,0.0739819044458072,-0.796217533537975
2.51378898654553,0.326410649609138,0.828302530682883,0.014043414806104,-0.814259115876779,0.0567095370298143,-0.017401173306685,0.343811822915823,0.845703703989568,0.0314445881127891,0.0741107103364993,-0.796857942570094
2.51549494326814,0.325981111260332,0.827739277778435,1.48149733531246,0.653758057534025,1.52496927650103,1.45073684987585,-1.12475573861552,-0.622997572097418,0.0307604854366073,0.0742324266251808,-0.796978792341828
2.51707986963752,0.325584542449692,0.827216122423308,1.72453950182375,0.897323379400442,1.76827076303968,1.69392525537735,-1.36834071292766,-0.866709132954043,0.0306142464463992,0.0743455076623245,-0.796601875976909
2.51881648406675,0.325162482482871,0.8266430549972,1.30139282806844,0.474749773071243,1.34620510206862,1.27173569075717,-0.946573208274295,-0.445092635759966,0.0296571373112762,0.0744694113114588,-0.796985917685924
2.52113264159993,0.324607845113484,0.825879020978152,0.163584460866803,-0.662294560111349,0.208298435299276,0.133663771203146,0.190944073910338,0.692215249775006,0.0299206896636568,0.0746346640961296,-0.795958331314495
2.52344140579429,0.324071577617887,0.825117751972298,2.12529711974862,1.30017936777633,2.17109153751025,2.09629214812804,-1.77222057051015,-1.27117439615574,0.029004971620588,0.0747993893822132,-0.79611278035171
2.52575016998865,0.323561900094086,0.824356842997169,1.23013278705268,0.405775944055513,1.27735111599146,1.20238700132317,-0.87882510122908,-0.378030158325998,0.0277457857295156,0.0749641146682971,-0.796611057267653
2.52823056659674,0.323036945318328,0.823539814656369,0.450536985326925,-0.373002829329444,0.498025971721195,0.422884886168704,-0.0998479408503761,0.400654928487665,0.0276520991582208,0.0751410855524902,-0.795887715498149
2.53071521076937,0.322542773299432,0.822721881450438,1.25661552288351,0.433893641433076,1.30685752647143,1.23153916698029,-0.908996393680858,-0.408817285529853,0.0250763559032232,0.0753183594911422,-0.797645525547214
2.53363703473922,0.322005065420083,0.821760760258156,-0.290930604652144,-1.1126913649103,-0.240257241866739,-0.315784067120862,0.637789132540944,1.13754482737902,0.0248534624687177,0.0755268252541227,-0.796907297789438
2.53655616978522,0.321488785660224,0.820801341210666,1.00772977811974,0.186928436909075,1.06207020670868,0.986335107540422,-0.664846321880198,-0.165533766329756,0.0213946705793194,0.0757350991682554,-0.799406670631347
2.53947530483121,0.321062381723364,0.819842873386144,-0.160653140553524,-0.980496013939668,-0.104973022153317,-0.180916395235704,0.501978776959068,1.00075926862185,0.0202632546821806,0.075943373082388,-0.799579618703963
2.54186630693226,0.320754818227935,0.819058601483414,2.44347991209901,1.6244213106156,2.50055614222114,2.42444217635752,-2.10368735812958,-1.60538357487411,0.0190377357414908,0.0761139658636187,-0.800020865741923
2.54403842067676,0.320506338903005,0.818346799293425,0.0485186494567498,-0.769828149836676,0.106851946949438,0.0305830055110754,0.28992333339193,0.78776379378235,0.0179356439456744,0.0762689414383623,-0.800411155347751
2.54586201334699,0.320315143191809,0.817749729492548,2.69293509357428,1.87518536408173,2.75305079346116,2.67665174266601,-2.3563365994742,-1.85890201317346,0.0162833509082714,0.0763990507951506,-0.801466378584276
2.54794684550473,0.320112538062171,0.817067738807694,2.04033814834106,1.22327040953337,2.10009581732201,2.02354801830283,-1.70343548024066,-1.20648027949514,0.0167901300382329,0.076547799019183,-0.800277608769461
2.55009487511961,0.319898406672066,0.816365755250135,2.09279867580899,1.27643292055885,2.15327094672339,2.07656989047955,-1.75667148380748,-1.26020413522941,0.0162287853294396,0.0767010562438455,-0.800136969920696
2.55296003086152,0.319647112829783,0.81543051672575,0.774866396597495,-0.0405641201282547,0.835907454457039,0.759001975604591,-0.439354862774808,0.0564285411211591,0.0158644209929044,0.0769054788524484,-0.799566095732846
2.55684983847397,0.319386787851862,0.814162947202999,-0.0125600189078545,-0.826722966110854,0.0525457615781443,-0.0246372465574312,0.344024034409293,0.83880019376043,0.0120772276495766,0.0771830081355755,-0.802085719553423
2.56024725169334,0.319187426800483,0.813058007590055,0.303321738990864,-0.509736268599191,0.368129414948826,0.290704008795352,0.0284834180051309,0.522353998794702,0.0126177301955116,0.0774254061534732,-0.800440277394543
2.56307143851858,0.319050673095835,0.812141059383972,0.761647047423193,-0.0504940119607793,0.825968790546596,0.748341884827304,-0.42929121173147,0.0637991745566677,0.0133051625958884,0.0776269057192918,-0.798835896788084
2.5656524618753,0.318895205159611,0.81130430522266,0.83979749452278,0.0284931893001199,0.903085773524085,0.825274717421717,-0.506379512262106,-0.0139704121990573,0.0145227771010626,0.0778110561023677,-0.796781528121598
2.56960649749997,0.318634174919087,0.810024637947771,1.62298137757651,0.81295673962874,1.68585852916674,1.60776536125276,-1.28913118633367,-0.797740723304986,0.0152160163237534,0.0780931679139811,-0.794808621624017
2.57386798759003,0.318372409348587,0.808648422298187,1.78289030782074,0.974241885522554,1.84841932540745,1.77002210947681,-1.45164970012822,-0.961373687178624,0.0128681983439292,0.0783972159306401,-0.795780223954258
2.57906448532254,0.318105633043815,0.806974657220682,2.37664926988763,1.56967461266695,2.43856232234615,2.35979434764434,-2.04168871460052,-1.55281969042366,0.0168549222432963,0.0787679747018095,-0.790119734977386
2.58366407035296,0.317730249017867,0.805496904325825,1.38556716101012,0.580070256684296,1.4466543971033,1.36755825204877,-1.04982800303091,-0.562061347722949,0.0180089089613473,0.0790961450545258,-0.787487995364478
2.58760135425149,0.31740933398795,0.804234564338639,1.52838491454727,0.724150350208635,1.5912874904727,1.51191042880565,-1.1945010948177,-0.707675864467015,0.0164744857416204,0.0793770616670415,-0.787760078597019
2.59774488901602,0.316870839084969,0.80099423610363,1.48668909332207,0.685694857218436,1.55631098338628,1.4762102026534,-1.15933936356843,-0.675215966549769,0.0104788906686668,0.0801007807328815,-0.790515345434963
2.6,0.316849236660824,0.800276456811138,2.09371316528257,1.29343670847143,2.16175394212272,2.08149226414321,-1.76464302748239,-1.28121580733207,0.0122209011393579,0.08026167797951,-0.78805555567178
2.60195463973679,0.316811802706525,0.799655131238247,0.562483061476011,-0.237172069762236,0.632493263975241,0.552114956382657,-0.235303153676132,0.24754017485559,0.0103681050933536,0.0803783075925839,-0.789287026144893
2.60368290053686,0.316806536375915,0.799106407105689,1.20755063004033,0.408444222934636,1.27890485271617,1.19842342310851,-0.881616886732597,-0.399317016002822,0.00912720693181379,0.0804814296076586,-0.789979200173876
2.60540569228384,0.316827900199272,0.798560047676713,0.491081152385602,-0.30747889529111,0.56461950226284,0.48403527696804,-0.167207376768768,0.314524770708673,0.00704587541756274,0.0805842252948,-0.79151417225915
2.60698779662181,0.316871133580272,0.798058886773913,0.545123951081836,-0.252934935692076,0.618859074161342,0.538180447727904,-0.221309314147631,0.259878439046009,0.00694350335393246,0.080678626433438,-0.79111538341998
2.6096758467951,0.316972074114743,0.797208710933501,0.974442390407483,0.177233679473982,1.05025274151508,0.969413724271138,-0.652441650156395,-0.172205013337637,0.00502866613634534,0.0808390172439463,-0.792180044797155
2.61291898459907,0.31711440378712,0.796185249987421,0.667937814960473,-0.128247435026947,0.742957358224385,0.661924829153117,-0.344810425365997,0.134260420834304,0.0060129858073561,0.0810325290712685,-0.790172264180064
2.61602646021184,0.317272741407877,0.795206939049821,1.059012121104,0.263805182054183,1.13492024635284,1.05370230015763,-0.736429558749748,-0.258495361107804,0.00530982094637844,0.0812179461952187,-0.789897118103443
2.61867976165018,0.317426623500556,0.794373469545932,1.17160866031468,0.377235190768749,1.2493327982449,1.1679565346297,-0.850529911129147,-0.373583065083771,0.00365212568497819,0.0813762636152005,-0.790721343860954
2.62101127646768,0.317587834401476,0.793642530430416,1.43758871500375,0.643946184573333,1.51408813932604,1.43257275868281,-1.11498492428134,-0.638930228252395,0.00501595632093732,0.0815153806432252,-0.788626574109479
2.6226908648717,0.317697803256538,0.793116810677447,0.952267049424815,0.159150238747369,1.03068743819621,0.949071839726653,-0.631374036470115,-0.155955029049207,0.00319520969816223,0.0816155984695575,-0.789921600979284
2.62437045327571,0.317827323651845,0.792591807112257,1.11943068951164,0.32683888239938,1.19808078323109,1.1163649669352,-0.798537643283357,-0.323773159822945,0.00306572257643523,0.0817158162958898,-0.789526084535822
2.62671380823047,0.318007891152075,0.791860529699703,0.0466610283219026,-0.745199501377801,0.126491324093306,0.0446356842910564,0.273372206861018,0.747224845408647,0.0020253440308462,0.0818556398022497,-0.789835185668857
2.62892661588784,0.318215146275978,0.791171306185507,-0.595151548035106,-1.38632285422061,-0.513647733724473,-0.595635407525638,0.913850553801616,1.38680671371115,0.00048385949053209,0.081987673801165,-0.790687446694975
2.6313297314249,0.318465176373076,0.790424308676481,0.742516983235641,-0.0479073254408396,0.82454386521925,0.742412802112125,-0.423947625739049,0.0480115065643553,0.000104181123515623,0.0821310631071247,-0.790320127552965
2.63359791690382,0.318737716999197,0.7897207171228,-0.920590994039277,-1.71031171116208,-0.835383929601863,-0.917650330996554,1.23638804799575,1.70737104811935,-0.00294066304272256,0.082266401394691,-0.792661380165523
2.63562677313113,0.319027686567964,0.789092636033716,1.82881048856296,1.03971785252924,1.91493894561182,1.83255148624807,-1.5135237996801,-1.04345885021435,-0.00374099768511327,0.0823874593637479,-0.792833633718829
2.6375048657017,0.319313233800159,0.788512328726115,2.46265893748251,1.6741466087564,2.54964733504705,2.46714781349317,-2.14783457969301,-1.67863548476706,-0.00448887601065806,0.0824995215538795,-0.793001204736773
2.63938163229399,0.319605700176959,0.787933505536072,-0.836442328365765,-1.62437583390184,-0.749365822200166,-0.83197732682559,1.15158302700255,1.61991083236166,-0.00446500154017504,0.0826115046254243,-0.792398507076247
2.64117280470734,0.319902831294399,0.787382091026659,0.580903812182373,-0.206478278844286,0.670144164762578,0.587425784306489,-0.26752295301209,0.19995630672017,-0.00652197212411598,0.0827183804560883,-0.793904063150775
2.64291435052861,0.320208003783407,0.786846924237257,1.52264690772862,0.735799983491362,1.61258795890803,1.52976566374507,-1.20955765996167,-0.742918739507815,-0.00711875601645273,0.0828222951629582,-0.79396568025371
2.64481694725369,0.320549799999031,0.786263376234702,0.0303414088761922,-0.75592196735851,0.119173055264728,0.0362372357956247,0.284312564203407,0.750026140439077,-0.00589582691943247,0.082935819469103,-0.792159203154134
2.64652693224684,0.32085271985512,0.78573988539926,-0.00220923872929168,-0.787949124128552,0.0880952003198367,0.00505734931808854,0.315795370537032,0.780682536081171,-0.00726658804738023,0.0830378510017482,-0.79300647344664
2.64823691723999,0.321174981818673,0.785217335933629,0.636832410108107,-0.148384925825522,0.727066103454706,0.643926220920312,-0.322751239101639,0.141291115013317,-0.00709381081220528,0.0831398825343933,-0.792311146745835
2.64978187507694,0.32146930243732,0.78474603449873,0.573928086887943,-0.210817947610787,0.664908326999703,0.581676259787312,-0.260206957349991,0.203069774711418,-0.0077481728993688,0.0832320672123915,-0.792494207398099
2.65166695186087,0.321831139884233,0.784172033877072,-0.00930967818525086,-0.793481712062323,0.0816666309362481,-0.00167791520092253,0.323509055085156,0.785849949077994,-0.00763176298432833,0.0833445461371707,-0.7918037968614
2.65543489433167,0.322635361308641,0.783028244504604,-1.38908175886907,-2.17211000337367,-1.29312102838239,-1.37669040043719,1.69932576174583,2.15971864494179,-0.0123913584318802,0.0835693720547983,-0.795419602936484
2.65868172179122,0.323429755407399,0.782046647065346,-0.128397861430285,-0.910444508495632,-0.0316497507787106,-0.115412854815519,0.438842610222918,0.897459501880866,-0.0129850066147661,0.0837631040368087,-0.795031653680112
2.6623023776751,0.324314081147697,0.780956511506775,1.96363821827208,1.1826817067653,2.05930393550941,1.9753247938638,-1.6510107127161,-1.19436828235702,-0.011686575591723,0.0839791416456137,-0.792643087098498
2.66542778654756,0.325072426881136,0.780019258269661,1.03663330203506,0.2566140437654,1.13259704164882,1.04843141283597,-0.723358985954831,-0.268412154566305,-0.0117981108009051,0.0841656288128565,-0.791817369070566
2.66958756915802,0.326127128743352,0.778777241225007,1.25689260972735,0.478115368502348,1.35723958109469,1.27282574601282,-0.946698617269472,-0.494048504787818,-0.01593313628547,0.0844138350818673,-0.794710377510477
2.67301087164328,0.327061405592129,0.777759950614771,1.48096886385501,0.70320891324024,1.57968563835954,1.49506754136854,-1.16800613577641,-0.71730759075377,-0.0140986775135308,0.084618096990994,-0.791858628128302
2.67598342911975,0.327892776710637,0.776880160910749,2.05032152886066,1.27344136794991,2.15145602546165,2.06666056165374,-1.7387677849431,-1.28978040074299,-0.0163390327930815,0.0847954638079043,-0.79321919370383
2.67846435554259,0.328617415797511,0.776148470800632,0.967451093935082,0.191302623134449,1.07036063494236,0.985417139001825,-0.656799723204315,-0.209268668201193,-0.0179660450667436,0.0849434959405347,-0.794114515867376
2.68094528196543,0.329400295934782,0.775419199946247,0.777437488269793,0.00201828832354656,0.882503551201658,0.797412023128493,-0.468011727193711,-0.0219928231822462,-0.0199745348586996,0.0850915280731653,-0.795393734804946
2.68405459882132,0.330441212425295,0.774508747940606,0.345340497500274,-0.429168250440332,0.453663107460197,0.368386052399628,-0.0379448399743326,0.406122695540978,-0.0230455548993542,0.0852770550605695,-0.79755430283996
2.68809222650352,0.33185038415203,0.773332537691625,2.04001006205978,1.26667752436816,2.14747187637922,2.06195390380048,-1.73010351964845,-1.28862136610886,-0.0219438417406979,0.0855179725787436,-0.795276379432322
2.69212985418572,0.333280659780845,0.772163195560967,2.41210462088428,1.63994142532331,2.52042443704057,2.43466554694365,-2.10138488716281,-1.66250235138268,-0.0225609260593749,0.0857588900969177,-0.794724121620342
2.69579071840156,0.33460839441434,0.771108967642193,1.85395051268704,1.08284154504485,1.96352381550401,1.87754648864406,-1.54293809422972,-1.10643752100187,-0.023595975957015,0.0859773268599553,-0.794704943599208
2.69945158261739,0.33599726144781,0.770060529968789,2.46559997643116,1.69553944646237,2.57758824141232,2.49139247778932,-2.15539521634151,-1.72133194782053,-0.025792501358163,0.0861957636229929,-0.795853031326952
2.7,0.336213042704163,0.769903977517768,0.593192601219384,-0.176711376298384,0.705283068016411,0.619054581377543,-0.282841538673381,0.150849396140224,-0.0258619801581598,0.0862284866388681,-0.795765957675927
2.700649342147,0.336469352240399,0.76971878862677,0.583277194734032,-0.186441593892739,0.695905353867542,0.609614775900757,-0.273145423660358,0.160104012726013,-0.0263375811667256,0.0862905779667852,-0.796056369793496
2.70173004738055,0.336902090152715,0.769410997203988,0.0909974121984638,-0.678413585005524,0.204652918587506,0.11825900153616,0.218643088616554,0.651151995667827,-0.0272615893376965,0.0863939170513455,-0.796672586541684
2.70302519625886,0.337430072837899,0.769042829592194,0.774408226959093,0.00536539736689945,0.887497513920112,0.800979752276089,-0.46354967943819,-0.0319369226838948,-0.0265715253169954,0.0865177616440237,-0.795614354909189
2.7043064747588,0.337945408950528,0.76867935268211,1.0315426601515,0.262863307469394,1.14452040576434,1.05788012583953,-0.719934716889001,-0.289200773157419,-0.0263374656880244,0.0866402799248096,-0.795016818370134
2.705835543489,0.338563314714859,0.768246550812203,2.87840751873048,2.11016096791828,2.99258609849567,2.90579960611819,-2.56723629140334,-2.13755305530599,-0.0273920873877151,0.0867864923774788,-0.795638638199918
2.7073964939128,0.33923105795336,0.767805831135089,2.15667366319495,1.38886783205986,2.27379682472379,2.18686107130562,-1.84763001335226,-1.41905524017053,-0.0301874081106677,0.0869357534181701,-0.797993239245757
2.7089621333874,0.339917535455535,0.767364943171223,2.17109221506285,1.40372727189162,2.28832050104002,2.20123503820523,-1.86131750274969,-1.433870095034,-0.0301428231423801,0.0870854628347937,-0.797507766313603
2.71057002306562,0.340635944296312,0.766913369700853,0.37984832492966,-0.387065044771193,0.499148011179183,0.411908798883145,-0.0712728545868327,0.355004570817708,-0.0320604739534849,0.0872392122960377,-0.798973843654338
2.71194820370314,0.34127396492791,0.766527306078889,0.640421630302045,-0.126105675776844,0.76033344959289,0.672962453049845,-0.331688488121935,0.0935648530290443,-0.0325408227477999,0.0873709965430454,-0.799068128826689
2.71362759102485,0.342061587823136,0.766058127108191,1.62647537121136,0.860417244103173,1.74702726809315,1.65949568534855,-1.31743409752542,-0.893437558240364,-0.033020314137191,0.0875315827445937,-0.799078441245382
2.71584469348091,0.343119651600491,0.76544086387204,0.451285735143657,-0.314155128728383,0.571983943337725,0.484240357050376,-0.141120705449885,0.281200506821664,-0.0329546219067189,0.0877435862873486,-0.798395485778759
2.71831451266546,0.344299653004952,0.764756114193516,0.751571550998337,-0.0131845631951785,0.872694730815242,0.784714975732149,-0.440415322727198,-0.0199588615386334,-0.0331434247338118,0.0879797550830926,-0.797899538927328
2.72056558394847,0.345387046163982,0.764134659715981,1.03244298447268,0.268308324756699,1.15399207929496,1.06579707250544,-0.720410026341459,-0.301662412789459,-0.0333540880327605,0.088195006789521,-0.797488747748742
2.72300088975482,0.346575619844513,0.763465200274457,1.67247181490121,0.909006614626755,1.79492004831191,1.70649217296135,-1.35991655311683,-0.943026972686889,-0.0340203580601335,0.0884278753505681,-0.797485558334591
2.72656022675432,0.348375679474971,0.762492159054188,1.28866630178094,0.526174142726751,1.41292137945203,1.3241531535454,-0.975777474070433,-0.561660994491216,-0.0354868517644646,0.0887682259066249,-0.797979010818652
2.72968604808883,0.349981983007075,0.761643019774077,0.358972686072103,-0.402670333701974,0.483480166020874,0.394413043148472,-0.0444310601413964,0.367229976625606,-0.0354403570763685,0.0890671228724023,-0.797083376850446
2.73260086341855,0.351503812644334,0.7608557625476,1.06996521737413,0.309109454826533,1.19688771946155,1.10754187641784,-0.756038063773502,-0.346686113870236,-0.0375766590437026,0.0893458430437186,-0.798432421591303
2.73504829319997,0.352808981949704,0.760198191336278,-1.14980271517561,-1.91000090651188,-1.02459807344743,-1.11417794436969,1.4669869263194,1.87437613570597,-0.0356247708059123,0.0895798709222619,-0.79582296214219
2.73723849727147,0.353958522480777,0.759612387116528,0.708354629822055,-0.0512577572944729,0.834575915268573,0.744786612878115,-0.390828090397338,0.0148257742384134,-0.0364319830560595,0.0897893023904582,-0.796044370172588
2.73937733273501,0.355103824395098,0.759042750904438,0.247818617437921,-0.511224133466517,0.375211454269274,0.28521763237436,0.0698861920207376,0.473825118530077,-0.0373990149364392,0.0899938218949136,-0.796441765840877
2.74151600428388,0.35624024280243,0.758475572057625,-0.813163249257714,-1.57163882131534,-0.688524275144012,-0.77872260086955,1.13496284367198,1.53719817292718,-0.0344406483881641,0.0901983257255383,-0.792916220445789
2.74338746753399,0.357207496499417,0.757981199132178,1.67663946186682,0.918658262734644,1.80200924924635,1.71163197065462,-1.3544244741552,-0.953650771522443,-0.0349925087877996,0.0903772785917327,-0.792973707919978
2.74521292377495,0.358166428000666,0.757500720014761,1.46301548462535,0.705514764610586,1.5900374996408,1.49948566746036,-1.1413192394597,-0.7419849474456,-0.0364701828350142,0.0905518321804359,-0.793970902849775
2.74696191417627,0.359111007827685,0.757042004590543,0.438399083051247,-0.318642921539296,0.566615328395241,0.475896254434746,-0.116785246607061,0.281145750155797,-0.037497171383499,0.0907190739604948,-0.794539175974042
2.74864902433479,0.360044958351968,0.756601060269025,1.57440876259177,0.817807702322743,1.70400302595907,1.61312262732473,-1.25307766897276,-0.8565215670557,-0.038713864732957,0.0908803986343483,-0.795314925001982
2.75036074898655,0.361013418446289,0.756155254146272,1.39818180418999,0.642026550043721,1.52782953230362,1.43678545531088,-1.07577203686459,-0.680630201164605,-0.0386036511208838,0.091044076992741,-0.794758905267156
2.7518322513033,0.361837053513908,0.755773281196574,1.36046547061117,0.6046921894146,1.49002821789679,1.39884343306104,-1.03700637954713,-0.643070151864466,-0.0383779624498661,0.0911847848357501,-0.794151243646441
2.75338296387959,0.362718052026809,0.755372013966192,0.0961107607705992,-0.659261253195593,0.227374167293279,0.136041100379238,0.226676951647571,0.619330913586954,-0.0399303396086389,0.0913330669140409,-0.795302353574831
2.75497000901513,0.363647436861634,0.75496271340847,0.313461700014192,-0.441501013394278,0.446235536137619,0.354750712957048,0.00889672390458662,0.400212000451423,-0.0412890129428553,0.0914848231805714,-0.796251726351326
2.75676742307161,0.364725162308369,0.754500860781108,1.95225326535726,1.19775240457615,2.08620158731473,1.99454489199233,-1.62981972968396,-1.24004403121122,-0.0422916266350715,0.0916566953223974,-0.796792487416179
2.75861053915325,0.365838707383773,0.754029160454947,0.724180114750798,-0.0298490457041496,0.859211849064537,0.767378911485969,-0.401540204102196,-0.0133497510310219,-0.0431987967351715,0.0918329375785679,-0.797227957190119
2.76033666082846,0.366903744932577,0.753589156650742,-2.24239318445075,-2.99598234110149,-2.1067605000536,-2.19875849266126,2.56566223759383,2.952347649312,-0.0436346917894959,0.0919979926076531,-0.797223848440238
2.76257570013698,0.368300687425627,0.75302096212889,0.423395077637803,-0.329625884491086,0.55930848968271,0.467096395888854,-0.0987957084632266,0.285924566240036,-0.0437013182510504,0.092212093793856,-0.79672228037994
2.76482962170398,0.369706701588164,0.752451914999527,-0.0666430714833248,-0.819094986482852,0.0690232637157606,-0.0234043543340852,0.39311105592225,0.775856269333612,-0.0432387171492397,0.0924276180498457,-0.795690632148766
2.76926972455587,0.372442535293516,0.751339436100848,1.95338014643186,1.20204071033101,2.08858982026872,1.99573763116117,-1.62329509586765,-1.24439819506032,-0.0423574847293118,0.0928521891075458,-0.79369692083016
2.77105441294696,0.373558681183225,0.750895445785983,-0.468126348112899,-1.21902179389888,-0.330922466574253,-0.42394531097136,0.797503992154584,1.17484075675734,-0.0441810371415394,0.0930228443971063,-0.795076482927523
2.77283910133805,0.374687759248519,0.750453297976318,2.15095494256714,1.40050164459083,2.28735232113955,2.19415882145288,-1.81947106220436,-1.44370552347656,-0.043203878885739,0.0931934996866666,-0.793657176862057
2.77442839649976,0.37569984263274,0.750061110517735,0.964407711306078,0.214346600788343,1.1026650532916,1.00931958218663,-0.633619739553892,-0.259258471668897,-0.0449118708805538,0.0933454711049679,-0.794972981398289
2.7760815029658,0.376765345859764,0.74965474313855,-0.185525752087229,-0.935180495225779,-0.0472650594198512,-0.140768603701093,0.517533949560857,0.890423346839642,-0.0447571483861368,0.0935035442812415,-0.794411891524686
2.77816518449628,0.37811983318208,0.749144817760073,0.093143497006026,-0.656001320754047,0.231656594340225,0.137953804478236,0.240166028703843,0.611191013281837,-0.0448103074722104,0.0937027898619886,-0.793955125232283
2.78021857706839,0.379466644924712,0.748644808758622,-1.33104286909194,-2.07968767785056,-1.19067658849317,-1.28457572764825,1.66404237257296,2.03322053640687,-0.046467141443687,0.0938991391550785,-0.795111950202309
2.78280052138929,0.381222010988727,0.748019683138918,1.05766887487447,0.30964919173555,1.20041653578695,1.10627050621789,-0.725048495229161,-0.35825082307897,-0.0486016313434203,0.0941460295690646,-0.796621314482338
2.78595682703545,0.383409384158989,0.747261040351638,0.769138581138927,0.021877540787289,0.911164531245458,0.816716689742905,-0.433307305583916,-0.0694556493912668,-0.0475781086039778,0.0944478415025528,-0.794839148955616
2.78896492177475,0.385472341902095,0.746543678174667,0.514448384549304,-0.232095293625363,0.657369705488699,0.562634224260733,-0.177161882358637,0.183909453913935,-0.0481858397114281,0.0947354812279662,-0.794729517886095
2.7962930358088,0.390905919587849,0.744819832123457,1.63132686231541,0.886507030191952,1.78056702290367,1.68513081351013,-1.29422489392228,-0.940310981386668,-0.0538039511947164,0.0954362093935432,-0.798623783318173
2.8,0.393683755892585,0.743961080025074,1.2516979494786,0.507736869453522,1.40331417074267,1.30752349440095,-0.913839738508362,-0.563562414375873,-0.0558255449223506,0.0957906763417229,-0.799786624947425
2.80325300905823,0.396220351669965,0.743214909996703,1.10530293870292,0.362088028706217,1.25700531063532,1.16101929564632,-0.764798943976355,-0.417804385649618,-0.0557163569434009,0.0959860149890011,-0.798931266940104
2.80728325137184,0.399380442266752,0.742300211024391,3.26450586521431,2.52220565418992,3.41664760745895,3.32041958205201,-2.92103913978526,-2.57811937102762,-0.0559137168377033,0.0962280254069405,-0.798213927862094
2.81120701844659,0.402472588315572,0.741420050478641,0.653047619931038,-0.0883724305476029,0.807583394781394,0.711119752645789,-0.308647164330217,0.0303002978328518,-0.0580721327147511,0.096463642135605,-0.799492183193392
2.81513078552134,0.405689199260498,0.740550278411303,-0.0849808574670291,-0.825531135878332,0.0729095242821076,-0.0237897345821618,0.42947893384266,0.764340012993465,-0.0611911228848673,0.0966992588642694,-0.80174140129617
2.81988132380072,0.40973574563639,0.739511568976647,0.389573519028567,-0.34993804994808,0.550583332495652,0.453598810447442,-0.0438630648110526,0.285912758529205,-0.0640252914188753,0.0969845220482096,-0.803536860395523
2.82445808573087,0.413764988409301,0.738526081438311,3.71645161652288,2.97792553508457,3.87955942377428,3.78230007356902,-3.36853508515972,-3.04377399213071,-0.0658484570461408,0.0972593502052623,-0.804374538484451
2.82914464192426,0.417992712198187,0.737532680599175,0.103243746215036,-0.63428893438414,0.271218203178592,0.173677431824226,0.24431528037396,0.563855248774949,-0.0704336856091906,0.0975407713543655,-0.807966366208366
2.83390480680617,0.42247768671006,0.736540501947957,2.1147290799605,1.37818857801254,2.28233256153712,2.18450594893478,-1.76202826222472,-1.44796544698683,-0.0697768689742828,0.0978266126023328,-0.80631737092224
2.83793691724584,0.426294990105182,0.735713463089154,-1.29633697142224,-2.03205043451139,-1.12509194700148,-1.22316068220011,1.6494556723053,1.95887414528927,-0.0731762892221235,0.0980687351986314,-0.808889752311277
2.84049989033816,0.428796487646604,0.735194240960221,2.7753961093897,2.04020186842947,2.94940494935716,2.85118231120655,-2.42238582355994,-2.11598807024633,-0.0757862018168529,0.0982226381506068,-0.810980442777074
2.84306286343048,0.431352757667125,0.734680156572643,2.06047615921689,1.32579600264425,2.23551858799882,2.13714204689624,-1.70578928922911,-1.40246189032359,-0.0766658876793458,0.0983765411025823,-0.811346044251988
2.84572083619758,0.434037558943639,0.734152512329365,3.39749276486877,2.66334025253941,3.57323174667348,3.47469559802124,-3.0406580390776,-2.74054308569187,-0.0772028331524628,0.0985361486522485,-0.811355345481827
2.84811225889385,0.436463410539983,0.733682587945156,-0.675720373958424,-1.40940296190358,-0.499149684398498,-0.597829434641212,1.0342928451812,1.33151202258637,-0.0778909393172117,0.098679750242714,-0.811573527262368
2.85038647403228,0.438798870407874,0.733239937235707,1.59831651126322,0.86507657402751,1.77703381170263,1.67821749801948,-1.23941862761161,-0.944977560783774,-0.0799009867562641,0.0988163136831497,-0.813140923991971
2.8517963494312,0.440263484791562,0.732967617740534,3.15736715971969,2.42439954197915,3.33677038981925,3.23786941508895,-2.79760593029739,-2.50490179734842,-0.0805022553692654,0.0989009747302987,-0.8134698731098
2.85320622483012,0.441742221079117,0.732696914743101,0.434256983399837,-0.298439931343265,0.614504659589243,0.515519023811795,-0.0737768027326786,0.217177890931306,-0.0812620404119585,0.098985635777448,-0.81395895515506
2.85496448825167,0.443593460834708,0.732361597728584,-0.335731935374765,-1.06809353310335,-0.155654364202854,-0.254745581241275,0.698339042075984,0.987107178969859,-0.0809863541334894,0.0990912170384211,-0.813347951862074
2.85752717400072,0.446320866956297,0.731877411824369,0.380304288333167,-0.351573123491202,0.563222207338648,0.463977104602813,-0.0176562376465168,0.267900307221556,-0.0836728162696461,0.0992451027358342,-0.815550228094015
2.86011424707367,0.449113557226632,0.731394154442083,0.443161938562497,-0.288232215879586,0.624541929737382,0.52514147687942,-0.0760279196527875,0.206252677562663,-0.081979538316923,0.0994004528579624,-0.813373692759006
2.86225899635067,0.451392652180232,0.730997717527393,1.55878523548803,0.827787517960634,1.73980027821512,1.64027103616075,-1.18887838398052,-0.909273318633355,-0.0814858006727217,0.0995292420543714,-0.812483518200115
2.86574313690895,0.455140926583861,0.730361782829338,-1.21490306433475,-1.94526484716408,-1.03203292473782,-1.13177138456299,1.58691231114686,1.86213316739233,-0.0831316797717525,0.0997384598251794,-0.813493462601091
2.86922727746723,0.458883059045906,0.729735899685491,0.15592878107274,-0.57380711861275,0.337604349296743,0.237656671700756,0.22122638734515,0.492079227984735,-0.0817278906280159,0.0999476775959872,-0.811463790313506
2.87257294108243,0.462459807608991,0.729144280401016,-1.32809528427801,-2.05723956467902,-1.14595663374502,-1.24610521376493,1.70856502137392,1.97524949416595,-0.0819900705130752,0.10014858001991,-0.811134350914091
2.87534187204444,0.465431481385375,0.728661593278688,0.671623037374569,-0.0570385559041191,0.852386333777496,0.7520714833234,-0.286640001938024,-0.0234098900447119,-0.080448445948831,0.100314850454096,-0.809110039227519
2.87793519154151,0.468188876902431,0.728215192414515,2.2776184830236,1.54940329060908,2.45916563124307,2.35869505557781,-1.89050617867538,-1.63047986316329,-0.0810765725542084,0.100470575665263,-0.809291764968724
2.88086200072509,0.471319145556945,0.727717973485957,2.19070366794258,1.46298569445662,2.37032182160978,2.26967549514379,-1.79835634958685,-1.54195752165784,-0.0789718272012134,0.100646326465991,-0.80668980068717
2.88320705022761,0.473775919757481,0.727324579077267,2.67973798030369,1.95241340122642,2.859020171822,2.75823302841101,-2.28445710865353,-2.03090844933374,-0.0784950481073188,0.100787143410987,-0.805819627184586
2.88594177466727,0.476655974100343,0.726871370297066,2.89828941970167,2.1714180494046,3.07891023731062,2.9779588775193,-2.50130290341896,-2.25108750722224,-0.0796694578176309,0.100951359791317,-0.806540828114697
2.88837030034463,0.479221370991578,0.726473945348096,-0.46585425153634,-1.19232819688444,-0.285544507630406,-0.386641696994343,0.865863067985921,1.11311564234244,-0.0792125545419967,0.101097189363938,-0.805686499890093
2.89079882602198,0.481798951684085,0.726081255153277,0.870542995736608,0.144461740583331,1.05169738647989,0.950454367543328,-0.468655415859243,-0.224373112390051,-0.07991137180672,0.101243018936559,-0.805992626959997
2.89274121530839,0.483862699405447,0.725770592511925,0.927005460868258,0.201234868356333,1.10648308840293,1.00512343170456,-0.521260732299116,-0.279352839192638,-0.0781179708363047,0.101359656698367,-0.80388856334823
2.89468360459479,0.485906922863485,0.725462945027421,1.92622181162989,1.20075886660247,2.10636028768693,2.00488399322675,-1.51897707036327,-1.27942104819933,-0.0786621815968629,0.101476294460176,-0.804125126624283
2.89709962022033,0.488485257288396,0.725084499717112,0.610621709863542,-0.114462789853569,0.791942386127385,0.690321013305715,-0.201835756017319,0.0347634864113964,-0.079699303442173,0.10162137282167,-0.804783803159285
2.9,0.491618286444221,0.724636416243118,0.0963535281145913,-0.628282888128527,0.279971615971868,0.178176079398234,0.313442207045988,0.546460336844884,-0.0818225512836424,0.101795536573634,-0.80645896752676
2.90282075935897,0.494699306191581,0.724207223795108,0.664424085378449,-0.0597831384166591,0.848417494880318,0.746943914342164,-0.252244608150583,-0.0227366905470555,-0.0825198289637146,0.101473580538154,-0.806727052758823
2.90530760103463,0.497434010239139,0.723834252739853,-0.718493112604034,-1.44232736534389,-0.534985521251406,-0.636175258474739,1.13360926871388,1.36000951121459,-0.0823178541292953,0.101189737223333,-0.806152106869149
2.90769749979497,0.500043652014064,0.723480590862223,-0.0848389543320035,-0.808319545194226,0.0994339925264383,-0.00148296625954591,0.50152661827361,0.724963557121769,-0.0833559880724576,0.100916958785984,-0.80683657893468
2.91020370560663,0.502807167830849,0.72311474083975,-1.05928025123978,-1.78239499207953,-0.87463162192803,-0.975262527214041,1.47806969504489,1.69837726805379,-0.0840177240257427,0.100630905286011,-0.807132464865493
2.91248919493999,0.505321766111663,0.722785606367162,1.29125902190808,0.568473415540914,1.47480995806055,1.37443991412117,-0.869118148009505,-0.651654307754005,-0.0831808922130919,0.10037004393938,-0.805966498580254
2.91632568753171,0.509568738155187,0.722242704190621,0.283674435991206,-0.438568268199416,0.471323178752158,0.371391024681351,0.138177713473836,0.35085167950927,-0.0877165886901453,0.0999321540708067,-0.809959292880767
2.9196414608763,0.513352237912371,0.721783358610357,1.45058016337885,0.728796804768497,1.64028121019001,1.54072751209673,-1.02737527418436,-0.818944153486376,-0.090147348717879,0.0995536980932783,-0.811930707328237
2.92286558352954,0.51707394367601,0.7213456402873,0.590936370294211,-0.130409269993089,0.779879834121119,0.68069413117214,-0.163620187496131,0.04065150911516,-0.0897577608779293,0.099185702948979,-0.81110340116523
2.92553873371829,0.520135011770955,0.720989384159789,0.24773276568814,-0.473256618471649,0.43715293210167,0.338272337362038,0.181862674408916,0.38271704679775,-0.0905395716738984,0.098880594739632,-0.811528955833687
2.9277270047148,0.522654529399868,0.720702227188968,1.17228084747985,0.451578620290883,1.36157930553663,1.26294847583007,-0.740293946430205,-0.542246248641105,-0.0906676283502215,0.0986308297065568,-0.81136985553919
2.92987470164485,0.525131360587921,0.720424321846723,-0.4968348863922,-1.21725920823892,-0.306533835476366,-0.404919531195575,0.930050891783496,1.1253438530423,-0.0919153551966251,0.0983856957192097,-0.812339677043348
2.93189774486027,0.527474562228722,0.720166110692822,1.17620663716018,0.456040526467359,1.36758525836311,1.26943046889657,-0.741955906667845,-0.549264358203745,-0.093223831736386,0.0981547894665475,-0.813389942429208
2.93383378747483,0.529737989657839,0.719922261573348,1.52675409887713,0.80683183730378,1.71719296718826,1.61925915389351,-1.08952116423567,-0.89933689232016,-0.0925050550163802,0.0979338132947516,-0.812427316589728
2.93578861477753,0.532026223401377,0.719679281666139,1.10574583552738,0.386066553861238,1.29727968428847,1.19956899121361,-0.667542767812232,-0.47988970954747,-0.0938231556862317,0.0977106930748632,-0.813502437352371
2.93790862913579,0.534520817169291,0.719419458958521,1.04153594408481,0.322116485126289,1.23304570317389,1.135576984451,-0.601056167281708,-0.416157525492479,-0.0940410403661891,0.0974687187228949,-0.81346049932471
2.94017465112787,0.537179475121218,0.719145981815361,1.41458961901654,0.695443637201182,1.60644883258635,1.50923875324528,-0.972059278124064,-0.790092771429921,-0.0946491342287388,0.0972100793410702,-0.8137951160441
2.94225976441324,0.539641934991563,0.718898205847349,2.29253715554577,1.57363894969842,2.48516912760907,2.38819703907878,-1.84855510408722,-1.66929883323144,-0.0956598835330125,0.0969720885302814,-0.814558089380361
2.94448935479208,0.542274303530815,0.718637375768306,1.57258693619416,0.853949560425855,1.76439052826919,1.66767292088663,-1.12539861735581,-0.94903554511832,-0.0950859846924645,0.0967176073825602,-0.813723360460771
2.94719641393625,0.545495919026685,0.718326395841903,2.08360776850424,1.36528137266234,2.2783756273646,2.18196699849419,-1.6364710794675,-1.46364060265228,-0.0983592299899447,0.0964086288704102,-0.816685625831848
2.95072571727933,0.549747817786638,0.717930483726713,-0.400763793432701,-1.11869427715941,-0.207077850716736,-0.303083651707225,0.852831469493863,1.02101413543394,-0.0976801417254762,0.0960058009904886,-0.815610625452189
2.95507163566361,0.555007331753361,0.717457756462391,-0.035323225936617,-0.752780982399008,0.161892519261352,0.0663827530173483,0.488624578736012,0.651075003445043,-0.101705978953965,0.0955097662440035,-0.819163735416357
2.95845066106096,0.559190080399728,0.717101640552339,0.444951291619626,-0.272150348932713,0.643882628648824,0.548758537849716,0.0104315425500122,0.168343102702623,-0.10380724623009,0.095124090799108,-0.820908886782429
2.9618296864583,0.563446884587422,0.716755681942882,-0.00796923717888842,-0.72472491912177,0.192412386984357,0.0976739716301446,0.465772912957277,0.619081710312737,-0.105643208809033,0.0947384153542124,-0.822398890751915
2.96499251181397,0.567445975358842,0.71644114119271,1.03693777561795,0.320496634425243,1.23872864809293,1.14435123152764,-0.576905256168797,-0.427910090334928,-0.107413455909685,0.0943774165652906,-0.823854597102395
2.96768171422998,0.570912276934026,0.716180804027645,2.59657734233011,1.88039653830246,2.8024943524105,2.70842387622483,-2.1375115992908,-1.99224307219719,-0.111846533894724,0.0940704761856708,-0.828027337922369
2.96993462409218,0.573876560026709,0.715967833783645,1.41442437089082,0.698456537107177,1.62045910201992,1.52664576862285,-0.952769208596137,-0.810677934839201,-0.112221397732024,0.0938133333970734,-0.828189231515669
2.97238822061617,0.577106849030775,0.715741246198666,-0.686451425768022,-1.40219267196669,-0.480499136960632,-0.574032421580408,1.15113927061118,1.28977366777907,-0.112419004187613,0.093533284619776,-0.828160250386279
2.97495773707701,0.580485164674065,0.715509930928647,-0.0214649626641981,-0.736974893592845,0.18304398092763,0.0898039759632775,0.490681188710787,0.62570595496537,-0.111268938627476,0.0932400049643521,-0.826778869556123
2.97709577864743,0.583280231312856,0.715322088756586,0.414092685990731,-0.301229402765855,0.619957870467869,0.526961897446729,0.0563183338661268,0.188360191309856,-0.112869211455998,0.0929959730211394,-0.828191300212584
2.97893538764896,0.585710128926236,0.715163840391128,0.911842071101407,0.196678230710279,1.11672364198343,1.0239376383874,-0.438227509461164,-0.308773797996272,-0.112095567285994,0.0927860035960335,-0.827259407677121
2.98044773927474,0.587694829160737,0.715036081170762,0.517910301672394,-0.197125779498368,0.723224231183214,0.630610844486293,-0.0429160153255553,0.0844252366844692,-0.112700542813899,0.092613386696921,-0.82773662398466
2.98262939069514,0.590558105152762,0.714855484890252,1.43260380651521,0.717748321624953,1.63713763759302,1.54477326038352,-0.954215155230757,-0.829917775493267,-0.112169453868314,0.0923643772095022,-0.827024938758566
2.98524818920132,0.593980941885477,0.714644449560527,0.631729583540045,-0.082914866020482,0.836936026996303,0.744870554399875,-0.150889612514399,-0.0302261048393484,-0.11314097085983,0.0920654725964276,-0.827785420420358
2.98820108048283,0.597874805757419,0.714414033185275,1.86142150302033,1.14700746983506,2.06654115960988,1.97481272433186,-1.37693791857444,-1.26039869114658,-0.113391221311523,0.0917284352780281,-0.827805254496798
2.99144984233749,0.602183711708721,0.714169789310302,0.953692766175927,0.239522976865625,1.16107625003414,1.06971862217136,-0.467534910462641,-0.35554883286106,-0.116025855995435,0.0913576278627766,-0.830195645305736
2.99477590582272,0.606687788134604,0.713929896635676,1.93908588564619,1.22515598901052,2.14939469733084,2.05841669994241,-1.45172891180781,-1.34448680330673,-0.119330814296216,0.0909779973884315,-0.833260710931892
2.99782124331225,0.610872137313047,0.713719419562914,0.13170147883994,-0.582017940722974,0.343609509523561,0.252979101085497,0.35789303622755,0.460740318477418,-0.121277622245557,0.0906304084380638,-0.834997041808471
3,0.613889725051009,0.713574257051255,-0.650953565725527,-1.36452782277678,-0.438790738108013,-0.529172467457861,1.14306219250887,1.24274672450912,-0.121781098267666,0.0903817293498482,-0.835355355318921
3.00250659035435,0.617354146080357,0.713412853145487,0.227619125256864,-0.485793727888624,0.438392674395879,0.347866805817695,0.269487340262662,0.365546047327792,-0.120247680560831,0.0905258685781835,-0.833660533706319
3.00471361790871,0.620363755826942,0.713275658180294,-1.94567037084303,-2.65894602902333,-1.73640630428602,-1.82705908600262,2.44742284182957,2.54033474418292,-0.118611284840407,0.0906527817166018,-0.831886943020701
3.00714712946721,0.623646195091283,0.713129648600766,0.444712462707294,-0.268417185893472,0.652210791353188,0.561418072738809,0.0622281223524738,0.151711575861957,-0.116705610031515,0.0907927186143793,-0.829835258632281
3.00951504416941,0.626828260540141,0.712992823748792,0.659479569064114,-0.053513254684678,0.867413661311041,0.776484777887223,-0.149656517347083,-0.0634919541384315,-0.117005208823109,0.0909288834238176,-0.829998032571902
3.01269993917083,0.631167151747673,0.712816981315285,0.87678295259757,0.163965971282285,1.08813781031858,0.997025782366566,-0.365858630618893,-0.284208801051282,-0.120242829768996,0.0911120279520157,-0.833059811084281
3.01542419163246,0.634903638924034,0.712674119785125,-2.18172494331402,-2.89439906309915,-1.97251946330607,-2.06378814695052,2.69869178587455,2.77646226673564,-0.117936796363504,0.0912686836444496,-0.830610916148629
3.01812834685246,0.638556302154393,0.712539133936132,1.75958167201406,1.04704253807793,1.96678319041495,1.87535900675191,-1.23680270459751,-1.16281987281577,-0.115777334737847,0.0914241836630436,-0.828316468673979
3.02105497260268,0.642466083563076,0.712400580708654,1.52577493621124,0.813374355502589,1.73171588751265,1.64012341086287,-0.997657327299794,-0.927722830154217,-0.114348474651627,0.0915924766497818,-0.826749055360281
3.02419227647164,0.646621237535861,0.712260667095926,-0.205462941018952,-0.917723608114879,-0.000615798625590414,-0.0923886831182178,0.739009920654078,0.804649350214144,-0.113074257900734,0.0917728844926274,-0.825334924996661
3.02713529102944,0.650524822686096,0.712137461959915,-0.166877901996227,-0.879015363956142,0.0392748628991828,-0.0526672570038513,0.703192079689947,0.764804718963767,-0.114210644992375,0.0919421199030342,-0.826348106952291
3.0300675466865,0.654439962087188,0.712022486101725,1.28146521834354,0.569442732241811,1.48695901364553,1.39484827701302,-0.740408314925831,-0.682825790911294,-0.113383058669484,0.0921107366325113,-0.825405544771209
3.03272304802667,0.657973835267155,0.711925054160435,1.5340603461628,0.822135292002368,1.73909178193961,1.6468283430862,-0.98885450781904,-0.934903288925761,-0.112767996923393,0.0922634388534194,-0.824693051083827
3.03547417693716,0.661631523722021,0.711830791669989,0.732562684353194,0.0207318926832047,0.938077251236041,0.845655611184121,-0.184024087462099,-0.133824819514131,-0.113092926830927,0.0924216400519202,-0.824923718500916
3.03851681026055,0.665642675706116,0.711734428466396,1.11863225774498,0.406897829278583,1.32040885389366,1.22781224994364,-0.562169574237519,-0.516077821477239,-0.109179992198656,0.0925966039500219,-0.820914420665052
3.04096500880948,0.668812452324574,0.711662800671205,-1.13944869609783,-1.85111149676903,-0.938555970959936,-1.03129335636994,1.70010580869451,1.74295615704114,-0.108155339727893,0.0927373854100004,-0.819818140399098
3.04362012918206,0.672260010152546,0.711591010051921,1.19103573657294,0.479444726521017,1.3946501676765,1.30176010195279,-0.629500091800243,-0.590169091900868,-0.110724365379851,0.0928900657237088,-0.822315375431772
3.04633856166753,0.675826614998779,0.711523920871033,0.27581082378387,-0.435713097087163,0.477729122357232,0.384682735613594,0.291143879385185,0.326841185257439,-0.108871911829724,0.0930463867436383,-0.820395832700757
3.04891893542526,0.679170150677025,0.711466208100034,1.05204279325987,0.34057658515984,1.25321217097809,1.16001740215774,-0.480847251480712,-0.448551194057703,-0.107974608897863,0.0931947688203547,-0.819440816997897
3.05188872342482,0.682998653025139,0.711406906456376,2.01968528674495,1.30827838028857,2.22029125026585,2.12692570645235,-1.44392705342721,-1.41551879999597,-0.107240419707404,0.0933655438134977,-0.818647326163781
3.05491946355633,0.686920477012786,0.711354221543294,0.874975117763659,0.163620896220365,1.07570950039629,0.98216967659201,-0.295249199579224,-0.270815455048717,-0.107194558828351,0.0935398238042753,-0.818548780371645
3.05866047293645,0.691758487507358,0.711300098047417,2.61273678646998,1.90143668842256,2.81323615417396,2.71948120698332,-2.02772271947596,-2.0081811089359,-0.106744420513341,0.0937549471906358,-0.818044518560758
3.06169391867297,0.695691503210931,0.711265049590417,0.394740397439259,-0.316524652151158,0.596121719053081,0.50219233628828,0.193499166922651,0.209072713302137,-0.107451938849021,0.0939293827648008,-0.818716988439439
3.06387709378472,0.698532641412961,0.71124473145269,0.929832012137604,0.218587280684914,1.13276452217224,1.03870959788233,-0.340176956469364,-0.327464866429635,-0.108877585744721,0.0940549242899178,-0.820122317197411
3.06606026889647,0.701406625262296,0.711228546326473,0.704986449668621,-0.00624209665785147,0.908886092215657,0.814705626400622,-0.113299001138326,-0.10347708007415,-0.109719176732001,0.0941804658150349,-0.820947723058474
3.06815672837032,0.704176609326585,0.711216918367758,0.597367269154552,-0.113849649213206,0.800982547267463,0.70668152643223,-0.00250491710564493,0.00453539193552799,-0.109314257277678,0.0943010208352327,-0.820531175645436
3.07297115984918,0.710643188953444,0.711204834489379,1.85682297164477,1.14561813715539,2.0645528841877,1.96997501379185,-1.25933182483841,-1.25877017930247,-0.113152042147087,0.0945778703958449,-0.824356876636466
3.07830560501084,0.718055791909637,0.711215743127805,2.65390149633492,1.94268575320712,2.86979984226453,2.77491521938802,-2.05685942747839,-2.06369947626022,-0.121013723053101,0.0948846228765059,-0.832229466180906
3.08309617798107,0.725074221567145,0.711248267077811,2.10125839010087,1.39001012302306,2.32141985457585,2.22625975410085,-1.50118553253371,-1.51501148702304,-0.125001363999983,0.0951601004749949,-0.836249631077794
3.08722069953872,0.731231231011133,0.711294075452776,2.20980592248492,1.49851184703214,2.43082825652541,2.33543097914054,-1.6041997481294,-1.62413690368776,-0.125625056655621,0.0953972773848717,-0.836919132108397
3.09092086832954,0.736837730985631,0.711349338787176,-0.445450610356301,-1.15679994914348,-0.220187824216159,-0.315797876485963,1.05263560747159,1.02714721527314,-0.129652733870338,0.0956100522698039,-0.841002072657514
3.0921519336748,0.738727318944215,0.711370739748889,0.862746191157844,0.151375451408955,1.08829337533249,0.992612531755045,-0.25388521281083,-0.281241792006156,-0.129866340597201,0.0956808435774413,-0.84123708034609
3.09338299902006,0.740627270208752,0.711393655991654,-0.545153261666457,-1.25654691765811,-0.317673407876262,-0.413425042761341,1.15405231297009,1.12481869875299,-0.131728218905115,0.095751634885079,-0.843121874896769
3.09494448264896,0.74306423215943,0.711424923762544,0.46264782028025,-0.248777103482294,0.690858950702143,0.595017524102619,0.148046708056811,0.116407399659925,-0.13236970382237,0.0958414265995238,-0.843794627584914
3.09636446336117,0.745292596537345,0.711455507861292,3.54404708563116,2.83259157776986,3.77395749944664,3.67803441813088,-2.93274182159353,-2.96657891026958,-0.133987332499721,0.0959230813157612,-0.845442840361013
3.09809546151998,0.748032933483953,0.711495580361856,0.734761524284419,0.0232659439225635,0.965990884901992,0.869968264090905,-0.121935330606952,-0.158472683729049,-0.135206739806486,0.0960226208110871,-0.846702320168342
3.1,0.751074482583265,0.711543237146328,2.44406510960519,1.73252187245886,2.67688487877752,2.58075273919071,-1.82967825660744,-1.86920950204438,-0.136687629585521,0.0961321395868091,-0.848230866731849
3.10203575558934,0.754361214341724,0.711598345715247,1.34091711058727,0.629318764872027,1.57550111190999,1.47909920176543,-0.724737987423703,-0.76750085605018,-0.138182091178153,0.0964019101445606,-0.8497804368934
3.10459423855626,0.758537444284373,0.711673773076727,3.04078545625306,2.32911168317634,3.27778033220809,3.18103938166958,-2.42250193738521,-2.46936560859286,-0.140253925416521,0.0967409505385062,-0.851927698493248
3.10703351189919,0.762583314787693,0.711752164178188,3.06912307185915,2.35737090768096,3.30678324191758,3.20971904818933,-2.44713573340164,-2.49796688401114,-0.140595976330179,0.0970641937282468,-0.852348140508367
3.10902267006318,0.765903609213883,0.71182081135472,3.05674181986618,2.34492100851146,3.29667689307587,3.19934910370276,-2.43344549448888,-2.48752829234804,-0.142607283836584,0.0973277893731099,-0.854428095191304
3.11094782850912,0.769151753662378,0.711891324139273,3.31989759402974,2.60800626989046,3.5613725263059,3.46378962228619,-2.69463786862381,-2.75189829814692,-0.143892028256456,0.0975829040197027,-0.855783352395728
3.11425310817429,0.77482827624231,0.712021855463849,1.53384386541491,0.821822009951062,1.77906068003481,1.68103977297414,-0.906211496731829,-0.969017917510291,-0.147195907559229,0.098020907060671,-0.859217763023077
3.11755838783947,0.780552111064291,0.712164503285721,2.57566528330733,1.86350078002161,2.8215933896767,2.72313447957506,-1.94258236851077,-2.01096997628934,-0.147469196267733,0.0984589101016393,-0.859633699553454
3.12152179438528,0.787490636655753,0.712351622874875,2.7702343040492,2.05788268117432,3.01883855766996,2.919854432066,-2.13236379541025,-2.20750280919112,-0.149620128016803,0.0989841256039621,-0.861971750891677
3.12525013636053,0.794149147379102,0.712543840023978,1.64779737348661,0.935253533462631,1.9005676464571,1.80108945521018,-1.00694030783108,-1.08854561518621,-0.153292081723574,0.0994781912469211,-0.865835921747552
3.13039583958797,0.803502894501161,0.712835423746585,2.09552525119274,1.38268982744615,2.351842995991,2.25168291579976,-1.4481800212986,-1.53884749205318,-0.156157664607027,0.100160080191233,-0.868993088353611
3.13563727124982,0.813350140951525,0.713164364756983,2.39493955875951,1.68177519400253,2.66106951429615,2.56021485959399,-1.74686471864246,-1.84705049483701,-0.165275300834478,0.100854654702161,-0.87843966559146
3.13899472727694,0.819939414110195,0.713392672417968,2.82545772914033,2.11206505672237,3.09642985985579,2.99513028790039,-2.1751908737902,-2.28173761548243,-0.169672558760059,0.101299571955394,-0.883065231178027
3.14025396065017,0.822447268799221,0.713481946482641,2.20887550033978,1.49539355385714,2.48117652878593,2.37971008803194,-1.55726281923271,-1.66622814154929,-0.170834587692159,0.101466440753994,-0.8843165341748
3.1415131940234,0.824974038526046,0.713573231263979,2.65070373471973,1.93713050345575,2.92446726854381,2.82283395899121,-1.99785992046517,-2.10926072772724,-0.172130224271485,0.101633309552595,-0.885703455535464
3.14331174413586,0.828620362465986,0.713707127851764,3.44415709720247,2.73044996935071,3.72093699294465,3.6190653463984,-2.79044498393241,-2.90535821854663,-0.174908249195922,0.10187164654625,-0.888615377047686
3.14544520112408,0.833002190643593,0.713871382301685,3.92665781190446,3.21278642960278,4.2060557926686,4.10390142854826,-3.27089923790467,-3.39003004624658,-0.177243616643798,0.102154364120338,-0.891114998945483
3.14768369031567,0.837654060691043,0.71405012816492,2.8220305148814,2.10798038671648,3.1023857727636,2.99993477260262,-2.16228071191158,-2.2858846444377,-0.177904257721218,0.10245100016098,-0.891954385886138
3.14984325550732,0.842176136675068,0.714228829572962,2.29847705187732,1.58424822230436,2.58204927370484,2.47931209621035,-1.63713595953528,-1.76508326663738,-0.180835044333021,0.102737177494499,-0.895063873905982
3.15194160592028,0.846624072991697,0.714408411308359,4.7398430993002,4.02543468799184,5.0255669003426,4.92255165746333,-4.07592758447163,-4.20814324615497,-0.182708558163132,0.103015242879276,-0.897116969471491
3.1538010051194,0.8506066154982,0.714572492383903,3.17900016684234,2.46442767445844,3.46619678314387,3.36293513978231,-2.51232852428411,-2.64836264739841,-0.183934972939971,0.103261643361562,-0.898507465323874
3.15563931782681,0.854567067983374,0.714739315862025,5.17444409913775,4.45970478327573,5.46324426523733,5.35973901569485,-4.50517194771148,-4.64499969983283,-0.185294916557103,0.103505249542479,-0.900034232419128
3.15983832620872,0.863731856028619,0.715137684346656,2.02250837859183,1.30737069424517,2.31554417820198,2.21148249210144,-1.34775063607282,-1.49634480775478,-0.188974113509614,0.104061686100544,-0.904111797856269
3.16375735493023,0.872479414994451,0.715531562481072,2.33341125411625,1.61787969163518,2.63139703892532,2.52681601810229,-1.65433660310784,-1.81128445562121,-0.193404763986037,0.104581020823034,-0.90893632646711
3.16854311326599,0.883434023804882,0.716042100249074,4.51013368332975,3.79409158308068,4.81590310276647,4.71068789152182,-3.82725386771694,-3.99464579127275,-0.200554208192067,0.105215211244647,-0.916596308441141
3.17293563758485,0.893738685844678,0.716540002877732,3.4497293750663,2.73318937218857,3.75961209262343,3.65381480082764,-2.76007611498296,-2.9372747979499,-0.204085425761335,0.105797291795791,-0.920625428639067
3.17732816190372,0.904262263582131,0.717066492221171,3.53242338755074,2.81535689532956,3.8483080886237,3.74192871627677,-2.83766645269464,-3.0248622240556,-0.209505328726033,0.106379372346936,-0.926571820947204
3.18203999984129,0.915859489850862,0.717663801529302,1.57244357358033,0.85477977205103,1.89496670950776,1.78796294238813,-0.87210345253727,-1.07029914085883,-0.2155193688078,0.107003767119625,-0.933183170337102
3.18621356998001,0.926354572778599,0.718221654046401,2.76091947404823,2.04269782000183,3.08649346612843,2.9789366334296,-2.052582060651,-2.26071497938319,-0.21801715938137,0.107556832698831,-0.93623881342777
3.18978146805285,0.935505541154231,0.718720344382518,3.26963924020544,2.55091889582292,3.60193789851253,3.49390826158408,-2.55840272042985,-2.77518791720156,-0.22426902137864,0.10802963692845,-0.942989365761158
3.19335798352879,0.944878941938043,0.719240841196105,3.93565497073193,3.21641412953582,4.27431623617799,4.16581265307456,-3.22093371113652,-3.44657181187846,-0.230157682342633,0.108503583103425,-0.949398523538738
3.19672863102387,0.95389387954754,0.719750635108955,5.08614528733482,4.36639465222587,5.42965987743446,5.32070962899483,-4.36681574944729,-4.60095899388588,-0.234564341660013,0.108950248439625,-0.954314976768968
3.2,0.962821858397233,0.720263610271077,2.70992768074435,1.98966407047328,3.05997803146169,2.95059427369613,-1.9877724152989,-2.23033066342506,-0.24066659295178,0.10938375776556,-0.960930203222856
3.2037382061068,0.973326165606886,0.720872271429064,3.72219517661607,3.001322905187,4.08308216552964,3.97335126239714,-3.00002509679025,-3.25247899096807,-0.251156085781069,0.109730903132499,-0.972028357210133
3.20677635192981,0.98214348175573,0.721385165830582,3.75139407448146,3.03000890865087,4.11951958498144,4.00950654699163,-3.0273630652359,-3.28812138116105,-0.258112472510174,0.110013037989812,-0.979497638340756
3.21097862885857,0.994624453473528,0.722122317700725,4.49875996649646,3.77663764879573,4.87127632774216,4.76087304883873,-3.7662485953652,-4.03875073113801,-0.262113082342274,0.110403278903432,-0.984235400042999
3.21500445742796,1.00682874270749,0.722859212849561,4.07903510194727,3.35617588909771,4.46011429182956,4.34933715774104,-3.34250841503355,-3.62647794489148,-0.270302055793774,0.11077713408852,-0.993161268643335
3.21866859592703,1.01822220661496,0.723556631297671,2.1760253503322,1.45246871903453,2.56517076343204,2.4540533622027,-1.43583115558774,-1.73049673090503,-0.2780280118705,0.111117401229346,-1.00158464316817
3.22259762436082,1.03070362550105,0.724333433798248,4.88273317663382,4.15839974283557,5.27797733452224,5.166495067371,-4.13579144186996,-4.44216163357275,-0.283761890737182,0.111482267151234,-1.00809532453543
3.22652665279461,1.04348660589023,0.725140812682087,7.14062031098724,6.41547949830515,7.54528954296705,7.43344240989393,-6.38995580400369,-6.70830159721184,-0.292822098906689,0.111847133073121,-1.01796291158878
3.23026844296383,1.05600312246346,0.725938909884712,4.13993884644009,3.41399993655538,4.55118575612837,4.43899114485736,-3.3829880223939,-3.71305223497265,-0.299052298417268,0.112194611271005,-1.02499120830198
3.23401023313306,1.06876229314197,0.726766096638694,3.679203034571,2.95243693793231,4.10034513571965,3.98780304625077,-2.9190407531088,-3.26103694961207,-0.308600011679767,0.112542089468888,-1.03536610831846
3.23790706560081,1.08244958207151,0.727659246369481,4.27879043082379,3.55113118445431,4.70939443383385,4.59649046829439,-3.51404088622288,-3.86883122192491,-0.317700037470602,0.112903965539462,-1.04535928384008
3.2414382933348,1.0951005151248,0.728497228373925,6.02248079420001,5.29398356582608,6.45798827206103,6.34475638202719,-5.24965586690239,-5.61625915365327,-0.322275587827185,0.113231890033842,-1.05077281620111
3.24495665385186,1.10789313808171,0.729359622003957,3.44501786609256,2.7156582440886,3.88810936368185,3.77455074405691,-2.6666576059752,-3.04519112205295,-0.329532877964354,0.113558619624941,-1.05889249996831
3.24865277447491,1.1216423742706,0.730295662896377,5.95894954953046,5.22865388663408,6.40990639277223,6.29600453601341,-5.17436216174281,-5.56570887311703,-0.337054986482952,0.11390185675882,-1.06735064937933
3.25237301007573,1.13578657727873,0.731269596906185,5.34594967017779,4.6146800732716,5.80689975083801,5.69265241752818,-4.55686584024945,-4.961382820622,-0.346702747350392,0.114247333309831,-1.07797234425658
3.25616516726409,1.15056828923116,0.732295955547166,6.75779892239926,6.02550296685209,7.22829799145685,7.11369850265826,-5.96313021342709,-6.38140254711109,-0.355899580259001,0.114599488798596,-1.08819553580617
3.25974045919172,1.16484155754935,0.733295428306218,4.0354336160032,3.30213818769698,4.5130459483743,4.39811444309703,-3.23327288554768,-3.66481901479081,-0.362680827093834,0.11493150527727,-1.09597625540005
3.26331984785625,1.17937096785779,0.734327568376484,5.80385344654556,5.06952587816907,6.28920755932648,6.17394365713051,-4.99457268927272,-5.43961608875403,-0.370090210584952,0.115263902195971,-1.10441777896144
3.2680575956178,1.19902629131484,0.735743179317986,4.87033695457623,4.13459377525825,5.36265887334298,5.24695500418474,-4.0479287128699,-4.51121182486675,-0.376618049608508,0.115703869158241,-1.11236122892649
3.27279534337934,1.21914363584775,0.7372161707461,4.74873977277183,4.01152360202573,5.25678961925773,5.14064578313721,-3.92150214728947,-4.40342961239111,-0.391906010365385,0.116143836120512,-1.12912218111148
3.27724521867298,1.2386634172827,0.73865345288999,6.83376919814881,6.09511574525882,7.35513533487901,7.23857826483091,-5.99991484754821,-6.49992481194092,-0.404809066682093,0.1165570700481,-1.14346251957208
3.28159103238802,1.25823821766092,0.740108876666935,3.3434173256262,2.60330844895927,3.87996873666647,3.76300809628178,-2.50476987862086,-3.02289921961484,-0.419590770655572,0.116960640384689,-1.15969964732251
3.28510306201736,1.27457750714867,0.741323532249408,5.18353377965685,4.44221024740744,5.72871609199449,5.61142930993127,-4.3368518027826,-4.87010577768186,-0.427895530274419,0.117286782063223,-1.16921906252383
3.28917346316776,1.2938333122806,0.74277538662779,5.91855121048741,5.17577582385962,6.47267604061926,6.35501126417569,-5.06117795189509,-5.6122358775479,-0.436460053688279,0.117664776443569,-1.17923544031607
3.29433511406648,1.31880287936775,0.744685783276405,6.33113004249939,5.58644425922298,6.8987067049789,6.78056259616466,-5.46175971679691,-6.03587681288825,-0.449432553665268,0.118144108814247,-1.19411833694167
3.3,1.34703558629758,0.746873924205723,4.75506939700653,4.00819547280081,5.33513919134727,5.21646901766397,-3.86943343136639,-4.46959509345825,-0.461399620657435,0.118670173683299,-1.20827354486316
3.3048195554634,1.37155290327076,0.748812705466256,5.11026152086274,4.36144881539648,5.69897780267499,5.58135706516547,-4.20980416189471,-4.83254435969921,-0.471095544302728,0.117620737509518,-1.21990824976898
3.30892165975583,1.392873855965,0.750519776055539,5.32859212579192,4.57807234973638,5.93147673257743,5.81474920952841,-4.42187535356341,-5.06422943347287,-0.486157083736492,0.116727523049015,-1.23667685979203
3.31463865779144,1.42346284490189,0.752988531102927,4.50334934473524,3.75036081363231,5.12412791225929,5.00864523940228,-3.58518239450039,-4.25565670829935,-0.505295894667039,0.115482672857005,-1.25828442576997
3.32160816656464,1.46222293879182,0.756144165992905,5.57331890281707,4.81717473682416,6.21225490436597,6.09828981018933,-4.63606687139751,-5.34214564419643,-0.524970907372261,0.113965094176642,-1.28111507336517
3.3279540062003,1.49862713286656,0.759161354639596,6.246460632978,5.4872992783384,6.9082631644116,6.79567984781118,-5.29705271494462,-6.03651849317158,-0.549219214833183,0.11258331660042,-1.30838056947278
3.33571929894246,1.54500636450603,0.76304703961025,5.67132049029295,4.9082734506827,6.36112361423714,6.25023115463909,-4.70522479013306,-5.48718411502884,-0.578910664346139,0.110892459598043,-1.34195770395639
3.3424853893625,1.58718504729081,0.766613493746359,7.11157841907455,6.3449649253282,7.8242388974564,7.71481972312206,-6.12763467583125,-6.94820622937571,-0.60324130404751,0.109419174334333,-1.36985479779387
3.34833408085211,1.62499477912523,0.769837230843087,4.46570380425065,3.69586657340757,5.20068872285235,5.09254307435771,-3.46754829523248,-4.32270584351463,-0.626839270107058,0.108145648494634,-1.39667650095014
3.35430136721002,1.66482524783033,0.773265801702851,6.9201368914396,6.14687108973675,7.67226399981543,7.56541770065101,-5.90059245282067,-6.79215189894816,-0.645280809211406,0.10684629916442,-1.41854661091426
3.36144362171535,1.7136787554708,0.777559601566776,4.63577217901024,3.85821257744347,5.40644581180754,5.3011547059171,-3.5874759504463,-4.52359510435033,-0.66538252690686,0.10529110589044,-1.44294212847364
3.37105980762758,1.78207456973903,0.783677715607051,5.45241454981488,4.66873683420783,6.25712043056564,6.15392320520563,-4.3718486354666,-5.37024548959858,-0.701508655390747,0.103197225360017,-1.4851863709978
3.37900624365152,1.84121774833871,0.789037104874275,5.21016135567645,4.42112425080217,6.04724624334528,5.94577931810931,-4.1045615697706,-5.15674221323503,-0.735617962432857,0.101466925235971,-1.52465506730713
3.38695267967546,1.90275128040011,0.794683409777325,7.06424474170761,6.26956133193028,7.92934481640188,7.82960819128996,-5.92685691088984,-7.03492478151263,-0.765363449582351,0.099736625111924,-1.56004685935968
3.39483986651089,1.9659897758105,0.800581421022315,7.89813749623087,7.09755607520855,8.7889865594233,8.69096733319543,-6.72497755738492,-7.89038591217311,-0.792829836964559,0.098019226227871,-1.59341125798687
3.4,2.00844208983193,0.804603065548787,5.22426457699978,4.41966151145099,6.13059177307766,6.03369614233202,-4.02525405250008,-5.22909307678323,-0.80943156533224,0.0968956307456441,-1.61403463088103
3.40595162608666,2.05846634646129,0.809405267358853,9.01686885025586,8.20746358289701,9.94007450287716,9.84322278466655,-7.78475643820525,-9.03381751730769,-0.826353934410688,0.0968517182106172,-1.63575920176954
3.41234549681829,2.11323597465532,0.814763379787995,7.7129511265798,6.89818774679181,8.65128000953671,8.55447546684894,-6.44123949219362,-7.73971208706095,-0.841524340269142,0.0968045426877637,-1.65628772005714
3.41789382444555,2.16172355089276,0.819582846314891,7.03012201932629,6.2105391730114,7.98419777477611,7.88743416898992,-5.72571061809716,-7.06785132267502,-0.857312149663626,0.0967636057861947,-1.67689499597852
3.42357086939759,2.21234291454449,0.824680551857503,7.43412138133902,6.60944082948152,8.41194025777201,8.3152185385949,-6.10287562405041,-7.4905379867374,-0.881097157255879,0.0967217191771095,-1.70577770911338
3.42907393228282,2.26276778815667,0.829786488311235,9.29452197831217,8.46473549000094,10.2949105279339,10.1982294116842,-7.93546162352752,-9.36844292337295,-0.903707433372013,0.0966811162497443,-1.73349392168325
3.43560105543609,2.32406852678651,0.836058081889179,7.00367604444023,6.16761796255105,8.02378346226024,7.92715050470191,-5.60308197791539,-7.09109242281273,-0.92347446026168,0.0966329575583327,-1.75953254215086
3.44189695614135,2.38450948712462,0.84233358465364,7.51228039285477,6.66994680820113,8.55365808295848,8.45707157807648,-6.07256209095186,-7.61473799342284,-0.944791185221715,0.0965865048820014,-1.78712476987535
3.44819285684662,2.44626445962536,0.848835691999793,7.62087887954648,6.77204318754668,8.68784540326577,8.5913053510601,-6.14504089143474,-7.74246965906031,-0.970426471513625,0.0965400522056701,-1.81926216351342
3.45382692199009,2.50290690827095,0.854850655487393,7.81373627339066,6.95888561790326,8.90024806753898,8.80374958482698,-6.30084267655603,-7.94889892933959,-0.990013311436329,0.0964984827119952,-1.84486396692372
3.46125961505464,2.57953839155991,0.863076531600092,8.95117230290337,8.08809577130328,10.0642685785273,9.96782493602029,-7.38828654446039,-9.1047484044202,-1.01665263311692,0.0964436425070172,-1.87972916471701
3.46786039766236,2.64909459064681,0.870665114212337,8.55437138443885,7.68370627022652,9.6865317916856,9.59013685134725,-6.94104226070044,-8.71947173713491,-1.0357654669084,0.0963949403383566,-1.90643058112073
3.47805484549032,2.75927153044477,0.882919948792972,8.70540948140235,7.82248953260937,9.87927679583962,9.78295707260005,-7.02368554215529,-8.90003712380708,-1.07754759119771,0.0963197232395654,-1.96046753999068
3.48627661743969,2.85130555778249,0.893289955889731,9.34075585851154,8.44746590262181,10.5410783714122,10.4448193103922,-7.59351375260974,-9.5515293545025,-1.1040634518807,0.0962590610199534,-1.99735340777043
3.49659201604799,2.97059005263103,0.906934874486016,8.70247178906519,7.79553691457917,9.94934221951548,9.8531592679984,-6.88256921536737,-8.94622439351238,-1.15068747893321,0.0961829515170844,-2.05762235341922
3.5,3.0110867342818,0.911602147307651,8.18817051519504,7.27656836788739,9.4495821175322,9.353424310944,-6.3423375766622,-8.44182216363635,-1.16525379574895,0.0961578065882058,-2.07685594305661
3.50390912277426,3.05814653200124,0.917055285856224,9.74740933281437,8.83035404695815,11.0246780692589,10.9285683213953,-7.87042178939406,-10.0115130355391,-1.18115898858093,0.0961097478636201,-2.09821427443716
3.50891335048275,3.11936784317472,0.924193507052086,7.28280830697889,6.3586147999268,8.58030927971648,8.48426105378887,-5.36489321061415,-7.56006754673679,-1.20145274680998,0.0960482259276034,-2.12564625386207
3.51459770415509,3.19013754053592,0.932519751675843,7.01120762181449,6.07868787013864,8.32938654557099,8.23340820304264,-5.04327066250672,-7.3008884513668,-1.22220058122816,0.0959783425283458,-2.154720332904
3.5215786799961,3.27884840408047,0.943067750559226,8.36210884169265,7.41904109113342,9.71341492537174,9.61752240690537,-6.33867400282491,-8.67445465634615,-1.25541356521273,0.0958925184663642,-2.19848131577195
3.5288869278252,3.37400172908294,0.954499573019379,9.75513931416595,8.80063974114657,11.1342986284507,11.0384959575256,-7.66449422844262,-10.0839963845062,-1.28335664335962,0.0958026709251385,-2.237856216379
3.53826952664718,3.4994502559972,0.969774011942316,8.46913659629113,7.49936258434882,9.88459457069027,9.78890724936112,-6.28945699336392,-8.8191332374188,-1.31977065306999,0.0956873213291516,-2.2895446650123
3.54972146795338,3.65707101751616,0.989352035955008,7.39915328376131,6.40980124780631,8.85331141910039,8.75776488784742,-5.10069387033126,-7.76841285189241,-1.35861160408611,0.0955465312529693,-2.34796364004112
3.56187810807174,3.82966948423516,1.0112890875379,8.92968804764706,7.91839896010916,10.4225712258449,10.3271741482297,-6.49750466399456,-9.31588506069183,-1.39748610058266,0.0953970776151429,-2.40877518812056
3.57525187175299,4.02524247298915,1.03683221799166,9.57008324590727,8.53325102791561,11.113053702902,11.0178210422322,-6.99257856924302,-9.98098882424051,-1.4477377963249,0.0952326606698239,-2.48457001431656
3.59440208377263,4.3184377467402,1.07607142121784,9.32005160951723,8.24398018829939,10.9458429661422,10.8508457380281,-6.53240799128786,-9.77477431681021,-1.53079412851082,0.0949972281141509,-2.60686554972867
3.6,4.40746446703818,1.08815461397549,9.46510756751345,8.37695295353796,11.1121280705138,11.0171996631376,-6.60973519609944,-9.92904504916213,-1.55209209562417,0.0949284073761607,-2.64024670959966
3.60670540284868,4.51566587275196,1.10300375714643,10.6857606041388,9.58275684699232,12.3628697547187,12.2675940155781,-7.7519281428261,-11.1645902584316,-1.5818334114393,0.0952757391406784,-2.68483716858573
3.61344184227948,4.62663775492723,1.11834040536876,9.42937280951975,8.31103240415099,11.1376933796266,11.042068701064,-6.41543094613677,-9.92372829569523,-1.61269589154425,0.0956246785626451,-2.73103629691301
3.62127653286943,4.75848766553122,1.13671606370592,11.1244907237806,9.98777466007466,12.8703266626301,12.7742961565626,-8.01580849103135,-11.6375800928567,-1.64980543278199,0.0960305060674909,-2.78652149648791
3.63083071541741,4.92341709422592,1.15992647146069,10.4319101620241,9.27198369056339,12.2146701909735,12.1181447897957,-7.19472769556974,-10.958218318335,-1.68623462777158,0.0965254011778693,-2.84616109923227
3.64046680562284,5.09334836583987,1.18424667116846,12.5256284677424,11.3413817965739,14.3456188520538,14.2485943130479,-9.15524594720799,-13.0643476418794,-1.72296584530547,0.0970245390059219,-2.90721251647393
3.65616362326921,5.37850966774015,1.225867815068,11.6827619077223,10.4568940926543,13.5693307498323,13.4714931346409,-8.09298346690071,-12.2456253195729,-1.7887312269186,0.0978376151914215,-3.0145990419866
3.66870256521913,5.61370024387883,1.2609493477611,11.401126079117,10.1401767313559,13.321809313406,13.2233221961741,-7.60962195229528,-11.962372848413,-1.82219611705713,0.0984871172319313,-3.08314546481822
3.68124150716904,5.85450274172076,1.29769706968494,12.0469141056257,10.7492170359408,14.0129988982942,13.9138622790218,-8.05935953730105,-12.6161652093369,-1.8669481733961,0.0991366192724428,-3.16464524308103
3.69367145000472,6.09930516092606,1.33580470374712,11.6327848024339,10.2969800986868,13.6493634377323,13.5495829624417,-7.45027780151564,-12.2137782586946,-1.91679816000781,0.0997804752905527,-3.25260286375493
3.7,6.22645889731041,1.35586141392902,11.5958866236965,10.2400252097675,13.632876626213,13.5327683396803,-7.30630944236993,-12.1769069257513,-1.93688171598383,0.100108286532668,-3.29274312991284
3.70983830909428,6.42768636404571,1.387933772395,11.7819692656002,10.3940354932052,13.8682986576034,13.7684965119069,-7.34081014786122,-12.3805627395119,-1.98652724630671,0.0998021456964988,-3.37446101870171
3.72108860568177,6.66331130563887,1.42596682257,13.2361147492556,11.8101479266856,15.3640160963719,15.2645640286381,-8.60125272299922,-13.8385972060681,-2.0284492793825,0.0994520677337665,-3.4544161019525
3.73371299148374,6.93354539800737,1.47040305974708,11.6781502791162,10.2077472193691,13.8476886290121,13.7486293970785,-6.81508399907112,-12.2782263373314,-2.07047911796227,0.0990592319335786,-3.54088217770935
3.74894899542867,7.26828280392632,1.5265576830911,12.4066334399871,10.880075756896,14.6316505342943,14.5330654044592,-7.26478260053293,-13.0065077213681,-2.12643196447218,0.0985851298350493,-3.65298964756329
3.76358261326295,7.59921503386852,1.58315379399487,13.4736617147883,11.8905079207935,15.7566519315354,15.6585221592173,-8.05930712534873,-14.0753683652224,-2.18486044442891,0.0981297723181171,-3.76801423842378
3.77829112237517,7.93947471504047,1.64272809308239,14.7497817731345,13.1070536800521,17.0687398986804,16.9710678142877,-9.03159309924722,-15.3283397212053,-2.22128604115321,0.0976720843927552,-3.8640141342356
3.8,8.45395151633585,1.73566495615809,13.5856458576648,11.8499809015067,15.960556445967,15.8635598815122,-7.40960836517634,-14.1278949253541,-2.27791402384736,0.0969965644548605,-4.01357898000544
3.82246964831499,9.00257135446101,1.83826764500627,15.5485331715444,13.7102655265381,17.9943538117099,17.8969124411199,-8.89434108665892,-16.0586447961136,-2.3483792695755,0.0974413705899515,-4.18664691458178
3.85883038856683,9.92535444448113,2.01849553352659,13.1026998435013,11.0842043099747,15.6421502088768,15.5439890459646,-5.61863460148352,-13.5254935124381,-2.44128920246334,0.0981611629121861,-4.45978473598993
3.89304893210493,10.8332828726078,2.20459126844899,16.0419223366625,13.8373310682135,18.6716451748297,18.5728066262332,-7.73952375362543,-16.3682153577843,-2.53088428957076,0.0988385485964756,-4.73547555801975
3.9,11.0219427248555,2.24439326874037,13.7113693042248,11.4669760354845,16.3585540201316,16.2595778691303,-5.23763514427473,-14.0151846003899,-2.54820856490542,0.0989761510013665,-4.79260183364578
3.90965438907979,11.2866101701563,2.30080799285347,16.4642825947386,14.1634746018852,19.1419418429217,19.0412216159508,-7.75461144579452,-16.7404136230973,-2.57693902121216,0.100720226970921,-4.87774701406562
3.92411462036324,11.6898792183368,2.38779726537826,16.2967949030152,13.9089976376369,19.0316433722283,18.928310888626,-7.23843167028926,-16.5405136232478,-2.63151598561086,0.103332483602308,-5.01931325098912
3.93962927581995,12.1321630769975,2.48450897198495,16.1903505764032,13.7058416044182,18.9703363600897,18.8642011369733,-6.73203805997581,-16.3796921649884,-2.67385056057012,0.106135223116361,-5.15835953255507
3.95939910749658,12.707569035842,2.61289792573569,16.3778541261535,13.7649562004178,19.208336886893,19.0986302220143,-6.39106118617227,-16.4857322962786,-2.72077609586084,0.109706664878694,-5.33367402159653
3.97900007314989,13.289834383727,2.74597151659276,16.1540080925014,13.4080365759086,19.0226943484191,18.9094467476102,-5.61961236388323,-16.1634752310175,-2.75543865510884,0.113247600808815,-5.5014101717016
3.99643579111219,13.8173831838689,2.86923733159013,18.0002800479381,15.131042716348,20.927405853723,20.8110084713528,-6.99362528748394,-17.9417711397627,-2.8107284234147,0.116397382370206,-5.67996575500483
4,13.9265677924456,2.89500862733673,17.7067860078262,14.8117773804894,20.6421041517887,20.5250628911761,-6.59849509873054,-17.6300542638394,-2.81827688334998,0.117041260612559,-5.71328551068671
4.00523980968663,14.0877850776182,2.93325120911712,17.8806850661744,14.9474338570573,20.8255841110107,20.7079939024518,-6.62020882483356,-17.7747426933347,-2.82730883627736,0.117590208558884,-5.76056004539448
4.01299238014707,14.3273435830494,2.99061140169126,16.2364171028754,13.2458057011841,19.1896983914257,19.0712959858812,-4.74395240283179,-16.0806845841899,-2.83487888300582,0.118402405544558,-5.82549028469709
4.02149692052768,14.5916167323927,3.05460522836687,16.4224825419845,13.3678773136177,19.3920478906195,19.2727545080632,-4.68113777567057,-16.2181492796964,-2.85027196607869,0.11929338255624,-5.90487719444556
4.03121801432851,14.8958680461414,3.12912813924967,17.7155642089257,14.586436069676,20.7021262060808,20.5818143944599,-5.68594634831853,-17.4526862552102,-2.86625018553423,0.120311811620866,-5.9953783247839
4.04481880729869,15.3250540294843,3.23586376514342,17.6904185433075,14.454554778164,20.6952896155564,20.5735529187172,-5.24849888923291,-17.3376891535738,-2.88313437540976,0.1217366968392,-6.11899814055318
4.06266398094168,15.8939822132746,3.38029279666997,17.094326145352,13.714033348682,20.1186745016148,19.9950682575957,-4.10108604432103,-16.6147754609257,-2.90074211224369,0.123606244019154,-6.28103490891366
4.07920187116003,16.4268197253141,3.518596055472,17.6182305036715,14.0996344481995,20.6722645252318,20.5469256914021,-4.12010596608808,-17.0283296359301,-2.9286951877306,0.12533883382963,-6.4472912432026
4.1,17.1023504250316,3.69862165419389,18.7411845682496,15.0425629140557,21.8112276364563,21.6837098894987,-4.58135946446718,-17.9850882353049,-2.94252532124913,0.127517746957569,-6.64114697544301
4.12179714719427,17.8201146826536,3.89458558238306,17.954176743888,14.059591161505,21.0477601353998,20.9192220622124,-3.09910737955876,-17.0246364798293,-2.96504531832433,0.128538073187446,-6.8596309007074
4.1501478320312,18.7599075623785,4.16064074081471,21.1915458333549,17.0309050925402,24.2714619359251,24.1415967648786,-5.38168920250011,-19.9809560240639,-2.95005093152371,0.129865171046458,-7.11069167233843
4.18007555312602,19.7591584039254,4.45505009531355,20.2473894983902,15.7923394030766,23.3410109010106,23.2097448109099,-3.4505864069845,-18.7546947155963,-2.9623553125197,0.131266090100745,-7.41740540783325
4.2,20.4308249364598,4.65873634967007,22.141752528446,17.4830161787759,25.2650927504818,25.1328939954052,-4.70206905894539,-20.4741576457352,-2.99114146695922,0.132198755076583,-7.6498778166293
4.21786555462282,21.0400954255845,4.84660373632069,22.0065340485412,17.1599303122205,25.1429449912331,25.0120387895347,-3.97194336395012,-20.165435053214,-3.00550474099345,0.130906201698476,-7.85210847731414
4.24293099147802,21.8985743151394,5.11850439111175,19.1256476760042,14.0071432848925,22.2464051171893,22.1173123724903,-0.218738057350922,-16.9988079813785,-2.99166469648608,0.129092744698958,-8.11016908759784
4.26730256177921,22.7340430199196,5.39208731166216,21.5909018665964,16.1988145549343,24.6910619306239,24.5637324424366,-1.82968942251693,-19.1716451307744,-2.97283057584012,0.127329488187325,-8.36491788750228
4.28953936209696,23.4975043063542,5.64951240131198,22.2882869953302,16.6387745940182,25.3831919779766,25.2574712980226,-1.75996699166836,-19.6079588967106,-2.96918430269233,0.12572067995406,-8.61869670400431
4.3,23.8565502000609,5.77316077307633,23.9815081022088,18.2083473291324,27.0617185676055,26.9367547033867,-3.08020450332577,-21.1635939303104,-2.95524660117794,0.124963864218742,-8.72840737425427
4.31194513391372,24.2663172671341,5.91632868635565,23.8013365598141,17.8850078734584,26.8753319735736,26.7502134191394,-2.4838961520053,-20.8338847327838,-2.94887685932535,0.125118554434231,-8.865205545681
4.32629970786575,24.7578980596857,6.09113231907536,24.464018338851,18.3728860197757,27.5155025526059,27.3901981055602,-2.63230004587449,-21.2990657864848,-2.92617976670917,0.125304447045728,-9.01731208578453
4.36062024954671,25.9308360914409,6.52107633957864,24.249285921492,17.7282095819134,27.2465755926803,27.1208266925186,-1.18999060107773,-20.59975035294,-2.87154077102656,0.125748900161675,-9.3926171106052
4.39482753901827,27.0857859590716,6.96595224441266,24.3497978092813,17.3838455648687,27.2920423664488,27.1658504797942,-0.0800645207225621,-20.1998982353815,-2.8160526705129,0.126191886654574,-9.78200491492555
4.4,27.2595259393106,7.03460175190231,25.4956280133441,18.4610262614417,28.4269971465528,28.3007382762119,-1.0412123369013,-21.2661365243095,-2.80511026286781,0.126258870340955,-9.83971201477012
4.4062256290063,27.4681931074421,7.11770141964979,25.3590479086254,18.2413464889756,28.2843355857036,28.157860131114,-0.689667023671987,-21.0401587114642,-2.79881222248862,0.126475454589549,-9.91651364213842
4.41333711031757,27.7063777041459,7.21325293667356,25.9750150038992,18.7617620672256,28.8921599727538,28.7654371158801,-1.05905941173425,-21.5521841792066,-2.79042211198093,0.126722856873656,-10.0036750486545
4.43038008876548,28.2754882461217,7.44494560924978,25.7699668651725,18.3250212559227,28.6443618077561,28.5170460404027,-0.241557794280968,-21.0721004311529,-2.74707917523023,0.127315767353412,-10.19202478448
4.44801078216565,28.8590159234665,7.6885543606777,26.2109039248359,18.5223495641582,29.0570424996139,28.9291133756859,-0.0700974522194002,-21.2405590150082,-2.71820945084994,0.127929123928045,-10.4067638115276
4.47435743131338,29.7255133479744,8.05984709610977,26.7626496136001,18.7028025174903,29.5596324807651,29.4307867797004,0.294726568274001,-21.3709396835906,-2.66813716610034,0.128845701064716,-10.7279842622101
4.5,30.5594297184659,8.42931073546148,27.0949676114452,18.6656568759837,29.8434417893657,29.7137040055146,0.845725712951285,-21.2843932700531,-2.61873639406943,0.129737783851102,-11.0480471295309
4.52498873781524,31.3630918367045,8.79676410045315,26.421568578752,17.6248044782988,29.0966329251798,28.9677874732688,2.39530436343573,-20.1710233728157,-2.54621889451685,0.128845451910959,-11.34298299497
4.549556619201,32.1381216859728,9.16484335445392,28.4161350648064,19.2512917103525,31.0135595533736,30.8855914048873,1.25253028108546,-21.7207480504334,-2.4694563400809,0.127968148486339,-11.6342996945348
4.5704620978602,32.787532057332,9.48311780626554,27.8126525590121,18.3295347527466,30.365582903816,30.2383612766814,2.54917078065053,-20.7552434704159,-2.42570871766934,0.127221627134617,-11.9088265239349
4.59617711661001,33.577135854878,9.88073663496817,30.1353061931895,20.2545695582213,32.6406978494627,32.5143944892986,1.06274136557943,-22.6336578543304,-2.37908829610916,0.126303360164052,-12.2598249310773
4.6,33.6939154211453,9.94040976219431,29.9721723902619,20.0317626280676,32.4681282137659,32.3419613663373,1.35195405480803,-22.4015516041429,-2.36978897607539,0.126166847428692,-12.3101987382697
4.60574008265173,33.8686664027257,10.0302776368316,30.5543917623784,20.5241141255468,33.0350416618495,32.9089532846219,0.959713118103799,-22.8786756477903,-2.35456152224354,0.126088377227568,-12.3848391590751
4.61507468137221,34.1513593149291,10.1771008392855,31.4663385571866,21.2892377179012,33.9177636720618,33.7918029041185,0.35955641081064,-23.614702064833,-2.32546434693185,0.125960767943269,-12.5025651862173
4.62806182549149,34.5409343062809,10.3827431044779,30.0156712691341,19.6329281646562,32.4238050833338,32.2980218570521,2.2429124492288,-21.9152787525741,-2.28235058791795,0.125783226281783,-12.6650936923959
4.64260963006288,34.9719149488291,10.6149287113368,29.604429807109,18.9895010957722,31.978655583027,31.8530712335245,3.11884371530457,-21.2381425221877,-2.24864142641553,0.125584349502489,-12.8635701377524
4.65944974489264,35.4649638853597,10.886037167385,30.599546046988,19.7135088796029,32.905034375085,32.7796802395494,2.6852836458103,-21.8936430721644,-2.18013419256143,0.125354135535581,-13.0661713599465
4.68076978512313,36.0773892638209,11.2326894997374,30.080306254575,18.8476167548377,32.3289620738138,32.2038993953784,3.87348986844243,-20.9712098956411,-2.12359314080341,0.125062678435334,-13.3562826405408
4.7,36.6208157274355,11.5484795861503,31.6135589846051,20.0650793984548,33.8189419116115,33.6941421211728,2.92667360626267,-22.1456625350225,-2.08058313656771,0.124799790438665,-13.629062722718
4.71763615531416,37.1127293460963,11.8405742201051,31.4431976446338,19.6026234245287,33.5891758038817,33.4632909887344,3.64943835736196,-21.6227167686293,-2.02009334410058,0.125884815147273,-13.8606675642057
4.73852504576914,37.6840126157166,12.1894491835528,33.6208492969767,21.4314001134239,35.6907384456201,35.5635684885655,2.12044412715117,-23.3741193050127,-1.94271919158875,0.127169957054647,-14.1321683751415
4.76045960943423,38.2694039810522,12.5589514632384,32.9493461326671,20.3903946694286,34.9467287398474,34.8182093081978,3.4511946728544,-22.2592578449593,-1.8688631755307,0.128519431649607,-14.4278146387691
4.78645982303586,38.9440904978395,13.0007951844017,33.3313201963118,20.3305250119101,35.2251657953673,35.0950467591732,3.8490437386663,-22.0942515747715,-1.76372656286138,0.130119036194046,-14.7645217472631
4.8,39.285792042296,13.2324074095457,32.7990788245396,19.5666714149939,34.6445259153541,34.5135738502882,4.77221819200781,-21.2811664407425,-1.71449502574861,0.130952065065891,-14.9469024352943
4.82589927579822,39.9222382757654,13.6780198015651,34.5662590753916,20.8882392738266,36.3125640945456,36.1770594197198,3.74517885604568,-22.4990396181547,-1.61080034432813,0.135504674825874,-15.2888201458932
4.86698663972404,40.8884968725194,14.3910223741339,34.0298361437601,19.6388137696263,35.6465650755647,35.5038380082875,5.3846588642319,-21.1128156341536,-1.47400186452732,0.142727067277221,-15.8650242386612
4.9,41.630645820163,14.9684173318186,36.0521540002442,21.0837366684256,37.5559755525362,37.4074453520991,4.22320046806396,-22.4390280202805,-1.35529135185486,0.148530200437122,-16.3237086836734
4.95196573077762,42.7278281860082,15.8833847392196,37.6117011028491,21.7283163636296,38.9329441319611,38.7960765947551,3.93175159125312,-22.9126918555355,-1.18437549190598,0.13686753720603,-17.0677602311255
5,43.6623428924285,16.7332824549918,38.9234912781618,22.19020882317,40.0971422762361,39.9710550647776,3.69128782765085,-23.2377726097859,-1.0475637866158,0.126087211458469,-17.7808462416076
5.04734944233191,44.5241642447637,17.5727318120519,37.470807567498,19.8980757554461,38.478955299676,38.3571209932893,6.16704325147446,-20.7843891812373,-0.886313425791236,0.121834306386731,-18.4590452378432
5.08817298087153,45.2032665832658,18.2961491954706,39.4883490048378,21.1921998093672,40.3590479106006,40.2408803556169,4.96238622764889,-21.9447311601463,-0.752531350779101,0.118167554983735,-19.0486805462497
5.1,45.3903364034944,18.5054402597976,40.9381302838757,22.4326900240781,41.7711182102101,41.6540129526296,3.73632345086483,-23.148572692832,-0.71588266875392,0.117105257580477,-19.2213229285515
5.1183508814382,45.6719932119947,18.8297914423173,43.2152717579603,24.385480315643,43.9915551258397,43.8720226928567,1.79997051913804,-25.0422312505394,-0.656750934896415,0.119532432983043,-19.4865423772137
5.14218126635301,46.023404123466,19.2501245500426,42.2692223718132,23.0190978217705,42.9734866948306,42.8508023410914,3.17260178237454,-23.6006777910488,-0.581579969278259,0.122684353739196,-19.8317045193209
5.17442489521104,46.4724878777076,19.8168867990234,41.4458169469534,21.6289301479301,42.0690717894881,41.9421227390848,4.53036513862286,-22.1252359400614,-0.496305792131331,0.12694905040334,-20.3131925911547
5.2,46.8111208366432,20.2645190231462,42.8032865897855,22.5387675666394,43.3505396389131,43.2202079027531,3.59091293389002,-22.955688879607,-0.416921312967631,0.130331736159924,-20.6814403361138
5.22491449601548,47.1208612839881,20.6986771477603,43.1288867662612,22.4302096185008,43.5953044137879,43.4630251930494,3.65783609093873,-22.764348045289,-0.334138426788208,0.132279220738525,-21.0328155745485
5.24823528339633,47.3923689007246,21.103082942475,43.9032942406286,22.8002112981537,44.3112064542679,44.1771043239366,3.21526457678799,-23.0740213814616,-0.273810083307978,0.134102130331271,-21.3768930257829
5.27255666695149,47.6667397953153,21.5225957938816,45.2511674071068,23.7285716132252,45.6634609431314,45.5274576898806,2.13928210543465,-24.004861895999,-0.276290282773758,0.136003253250813,-21.7988860766554
5.29284304929151,47.893637764449,21.8707410015301,45.6376422119185,23.7669012103884,46.0196791636381,45.8820901903013,2.01154757414765,-24.0113491887713,-0.244447978382844,0.137588973336754,-22.1151889799129
5.3,47.9722368364144,21.9931744572072,46.7223326649067,24.7291582076995,47.0967575006374,46.958609091897,1.01362774451735,-24.9654346346898,-0.236276426990329,0.138148408740378,-22.2294508841975
5.30946300005244,48.0751471476267,22.1547386826903,44.8323975708975,22.6776588882072,45.1943488699473,45.0562679837771,3.01887916384953,-22.9015293010868,-0.223870412879577,0.138080886170151,-22.3786090955699
5.31988049398731,48.1869489188523,22.3321734841232,44.2148389119755,21.8826654278523,44.559089925341,44.4210833724649,3.76586554638735,-22.0889098883417,-0.206244460489366,0.138006552876064,-22.5384179446126
5.33679833239528,48.3649645232397,22.6193521413464,46.8988407411511,24.2794885998047,47.2247276206613,47.0868417838294,1.27812273941034,-24.467489642483,-0.188001042678316,0.13788583683192,-22.8073531840247
5.36045157167734,48.6065008620322,23.0187916496676,47.424855499914,24.4060638502464,47.7147198220904,47.5770027612811,1.02949810075116,-24.5582111116135,-0.152147261367119,0.137717060809337,-23.1709389110347
5.39005569357875,48.8972073890164,23.5151875259737,47.3779152495272,23.8627277235535,47.6260635312164,47.4885577085333,1.40864968048304,-23.9733701825596,-0.110642459006122,0.137505822683046,-23.6258299849798
5.4,48.9911372271549,23.6810198802137,46.7347820438625,23.0537621636488,46.9639819038981,46.826547038113,2.16459018904193,-23.1455271578993,-0.0917649942505108,0.137434865785131,-23.7727848744642
5.41364626582918,49.1175102055378,23.9078125707994,48.0621160988234,24.154303528024,48.2780188719075,48.1397458643375,0.977764341200292,-24.2319332935381,-0.0776297655141249,0.138273007569971,-23.9854423363135
5.44073882966654,49.360393065518,24.355366982422,47.0801643613317,22.7247973789097,47.2542430228358,47.1143060135459,2.24608705197215,-22.7589390311239,-0.0341416522141742,0.139937009289923,-24.3895086346362
5.47272239618399,49.6328385547014,24.8789110956596,49.035636463279,24.1567253676194,49.2002561284389,49.0583547162961,0.574483838405364,-24.1794436206365,-0.0227182530170822,0.141901412142843,-24.9016293486767
5.5,49.862711178986,25.3212599476765,48.3469502379391,23.0256902902626,48.5060202856949,48.3624435068375,1.50026767214848,-23.041183559161,-0.015493268898382,0.143576778857422,-25.3367532165749
5.5309545340331,50.1208166608764,25.8186286738826,50.484122511915,24.6654938380324,50.6499930539832,50.5088239628233,-0.388007301946885,-24.6901952889407,-0.0247014509082817,0.141169091159888,-25.8433301247909
5.55802293610805,50.3453439038597,26.2495952321825,51.4560714577277,25.2064762255453,51.6080997014175,51.4690360290825,-1.12369212522282,-25.2194407969,-0.0129645713547433,0.139063672335034,-26.2625598035372
5.58911225962426,50.5992040376685,26.7400333906064,49.35391641779,22.6138830271836,49.5260456552621,49.3894001547424,1.20980388292613,-22.649366764136,-0.0354837369523651,0.136645500519727,-26.7755171275588
5.6,50.6898007521972,26.9106591192587,51.7755249637698,24.8648658445111,51.9537594607932,51.8179608242104,-1.12816007201324,-24.9073017049517,-0.0424358604406336,0.135798636582813,-26.9530949796994
5.61729386882504,50.8339661600368,27.180505563691,50.5011717476367,23.3206661839457,50.6938344816644,50.5594564779071,0.274509682129676,-23.3789509142161,-0.0582847302704721,0.134378003757305,-27.2387902939615
5.63689646684972,50.9992219832823,27.4846697041976,51.057446956298,23.5727772521003,51.2625863862075,51.1298186695699,-0.130596686287603,-23.6451489653723,-0.0723717132719912,0.132767716637588,-27.5570414174696
5.66782884238336,51.2633222022557,27.9610462444166,52.5474518129849,24.5864055685683,52.7811603751613,52.6509336485415,-1.38761144628584,-24.6898874041249,-0.103481835556551,0.130226726619767,-28.0645280799731
5.7,51.5430438356547,28.45202347931,55.1265406902167,26.6745172109066,55.3731428719436,55.2455588970994,-3.70251506144469,-26.7935354177894,-0.11901820688275,0.12758397484415,-28.5710416861928
5.72891032502271,51.8006816345438,28.8895084394799,53.4236708942715,24.5341624547916,53.7160412335884,53.5869606059685,-1.78627897142466,-24.6974521664886,-0.163289711697026,0.129080627619935,-29.0527981511769
5.76043286824511,52.0906719621582,29.3627698040463,52.985799976042,23.6230301719957,53.2912478561407,53.1605353443487,-1.0698633821905,-23.7977655403024,-0.174735368306635,0.130712511791998,-29.5375051723529
5.78754913183933,52.3439336138119,29.7668901940431,54.2564116640474,24.4895214700043,54.6012368007364,54.4691205125722,-2.12518689876033,-24.7022303185292,-0.21270884852489,0.13211628816412,-29.979599042568
5.8,52.4632158510563,29.9515683636567,53.2558772742706,23.3043089106139,53.6175701889462,53.4848093343035,-1.02159348324717,-23.5332409706468,-0.228932060032868,0.132760854642669,-30.1805004236895
5.81423286306037,52.6014066670211,30.1620327964144,56.9360016684198,26.7739688720054,57.3188808511481,57.1836774837767,-4.58227081675556,-27.0216446873623,-0.247675815356864,0.13520336737146,-30.4097086117713
5.83213752033966,52.7802376688283,30.4258609489894,54.9123723146552,24.4865113656659,55.3450867336752,55.2068107341057,-2.4265730652774,-24.7809497851163,-0.294438419450479,0.13827599956948,-30.7202993684398
5.84881719743168,52.9526493582497,30.6707786928828,56.1861050400476,25.5153263471648,56.6405205731014,56.4993821611391,-3.54673280288938,-25.8286034682563,-0.313277121091502,0.141138411962302,-30.9840558139743
5.8655311566353,53.1293954670641,30.9154270314789,58.9834245218465,28.0679974903677,59.4693078359084,59.3253011283733,-6.19590566130928,-28.4098740968945,-0.341876606526824,0.144006707535034,-31.2573036380057
5.89031249300583,53.3995101587549,31.2768511091183,56.7215599725226,25.4447088634043,57.2651370899991,57.1168776380047,-3.71736747924975,-25.8400265288864,-0.395317665482089,0.148259451994441,-31.6721687746004
5.9,53.5093899400238,31.4177548925823,57.4744759480158,26.0567210554335,58.0414814669952,57.8915595343711,-4.38216959434722,-26.4738046417888,-0.417083586355254,0.149921932624167,-31.8348384789375
5.91882468185041,53.7274435661197,31.6910206016257,55.6053622234394,23.9143416218137,56.20384588838,56.05213667937,-2.32469311325033,-24.3611160777443,-0.446774455930637,0.151709209010015,-32.1377950575563
5.9448298457559,54.0378440404104,32.0674746313633,57.1910231611593,25.123548529796,57.8350023041273,57.6808240804626,-3.64298004005223,-25.6133494490993,-0.489800919303306,0.154178223664687,-32.5572755506666
5.96876535134461,54.33381316631,32.4130552707494,57.0738251466527,24.6607698759033,57.7717660812446,57.6153153430024,-3.28150217669243,-25.2022600722531,-0.541490196349763,0.156450738242192,-32.9545454670991
5.99270085693332,54.6421000819007,32.7579549144653,58.8178746551378,26.0599197406725,59.5809110360119,59.4221877831922,-4.78008770129156,-26.664232868727,-0.604313128054415,0.158723252819691,-33.3622680425197
6,54.7391428632806,32.8630303602081,58.7850200755997,25.9219897153917,59.5680851281209,59.4086688709708,-4.66952600769019,-26.5456385107627,-0.623648795371068,0.159416257150056,-33.4866791555791
6.01051304586288,54.8814653642985,33.0143120495291,61.2419826747848,28.2276706252557,62.0555939656151,61.8965011952928,-7.01503583099426,-28.8821891457637,-0.654518520508013,0.159092770322346,-33.6688305700371
6.031197270586,55.1694213217906,33.3118229594319,60.2647258942334,26.9529029348015,61.1234726500512,60.9650163341234,-5.79559501233278,-27.6531933746915,-0.70029043989004,0.158456315927815,-34.012113399322
6.052909951693,55.4803325572354,33.6240519243991,59.7674736908658,26.1434217664667,60.6594785943711,60.5016903784805,-5.02135782124515,-26.8776384540814,-0.734216687614719,0.157788215890591,-34.3582686120138
6.07324337168805,55.7773731601861,33.916468485673,60.0622560154673,26.1457875297943,60.9927234787909,60.8355609230198,-5.05818776283369,-26.9190924373468,-0.773304907552507,0.157162555771116,-34.6897733932255
6.096246496091,56.1246075954643,34.2474243391773,59.7750974378474,25.5276730986702,60.7836786263039,60.6272238775601,-4.50261628209581,-26.3797995383828,-0.852126439712649,0.156454748743776,-35.0995507788899
6.1,56.1830503567653,34.301456601871,62.2579665400553,27.9565099381843,63.2794889457722,63.1231496924889,-6.94009933572362,-28.8216930906179,-0.865183152433588,0.156339253283356,-35.1666397543046
6.10483554618984,56.2590600183027,34.3710821418382,62.255865169865,27.8847830280268,63.2930535959216,63.1361895410771,-6.87712952277441,-28.7651073992389,-0.880324371212097,0.156864054844512,-35.2514065130503
6.1115439285452,56.3655236838883,34.4677097958257,61.0720099733213,26.6043001774957,62.12288025576,61.9652881405486,-5.59976445666029,-27.4975783447229,-0.893278167227244,0.157592115211365,-35.3609879630529
6.11984052236668,56.4986328943018,34.5872774557814,59.9266478454629,25.3393703896815,61.0003797395141,60.8418871954331,-4.34325430113131,-26.2546097396517,-0.915239349970221,0.158492544080993,-35.5025168057516
6.13682650507424,56.7759110950005,34.8323250848959,61.2219564485917,26.3896313636958,62.3387699093627,62.1784338775157,-5.40252278251525,-27.3461087926198,-0.956477428923996,0.160336031846946,-35.7888025138199
6.15539753905643,57.0887773812119,35.1007037482334,62.0136978805401,26.9129941323067,63.1923721538436,63.0300206087034,-5.94124322749141,-27.9293168604699,-1.01632272816322,0.162351545140268,-36.1170264763966
6.17754962863313,57.4757813502902,35.4216373924586,63.0527150855882,27.6310776931296,64.2930618363279,64.1283061261282,-6.65252477583796,-28.7066687336696,-1.07559104054001,0.164755710199657,-36.4972284329986
6.2,57.8824807102509,35.7479727252381,62.7956068771843,27.0476341519463,64.1011703101055,63.9339780623402,-6.05149735208926,-28.1860053371021,-1.13837118515585,0.167192247765279,-36.8863439103939
6.23973729919657,58.633279206114,36.3288141903982,63.3888298591544,27.0600156687562,64.793963933208,64.6269627962341,-5.99368359012015,-28.2981486058359,-1.23813293707971,0.167001136973838,-37.5669471274779
6.28220814556893,59.4796227975335,36.9550536676204,64.6709509644166,27.7158972967962,66.1867236361592,66.0199267565765,-6.54030395904304,-29.0648730889561,-1.34897579215986,0.166796879582733,-38.3040294597803
6.3,59.8489592574335,37.2193296418686,64.1736170998256,26.954287457957,65.7424069563637,65.5756956441308,-5.72673638669734,-28.3563660022622,-1.40207854430525,0.166711312232906,-38.6214081861739
6.32386660333165,60.3586234231785,37.5758577775294,64.6048028263849,27.0289450488555,66.2445430025751,66.0790876679552,-5.7204642447767,-28.5032298904258,-1.47428484157032,0.16545533461985,-39.0501426190997
6.34718963025478,60.8707262276587,37.9266861674537,64.8952586237234,26.9685724562696,66.5769082652621,66.4126803026012,-5.54195407494253,-28.4859941351475,-1.51742167887784,0.164227962660917,-39.4441078463316
6.37187378468343,61.4292229759104,38.3007819316036,65.9093310592797,27.6085491276761,67.6750806786206,67.5121517171175,-6.08292874120701,-29.2113697855139,-1.60282065783774,0.162928961503169,-39.9036025894413
6.39523889874987,61.9728120400875,38.6577497573019,65.1504415504242,26.4926917931223,66.9687108950336,66.8070115203211,-4.83419948023359,-28.1492617630191,-1.65656996989685,0.161699374712541,-40.3143197271988
6.4,62.0855033717969,38.7308457696897,65.078759428354,26.3479136586644,66.9095267475432,66.7480779253077,-4.66257455351079,-28.017232155618,-1.66931849695364,0.161448822235485,-40.4001642666433
6.40648575451056,62.2398753519282,38.8306209205918,67.0995767607836,28.2689558401917,68.9412399166251,68.7799500215133,-6.5400746695851,-29.9493291009215,-1.68037326072978,0.161289895111736,-40.5109941813216
6.42981937599124,62.804031019254,39.191544254115,66.5732419989492,27.3816977448342,68.4737152006347,68.3129970732861,-5.50896605403209,-29.1214528191711,-1.7397550743369,0.160718127348645,-40.9312993284519
6.45844625707116,63.5132014752167,39.6387224699889,67.7917371183999,28.153014648411,69.7505025784764,69.5904859250834,-6.0772844498667,-29.9517634550946,-1.79874880668359,0.160016653393001,-41.4374712766724
6.5,64.5764378357777,40.2969115823347,68.2830002887532,27.9860887064185,70.3361719186664,70.1771734994408,-5.60073566366314,-29.8802619171062,-1.89417321068765,0.158998419225512,-42.1910847930223
6.53155686564052,65.4129768889828,40.8043950316229,68.7542835932045,27.9498885615817,70.8816360967944,70.7239406956435,-5.31096380666067,-29.9195456640206,-1.96965710243894,0.157695401150917,-42.7740521340618
6.56311373128104,66.2708475409683,41.3188839554185,69.5748638222452,28.2559798668266,71.7272295344835,71.5708371514072,-5.2999896104389,-30.2519531959887,-1.99597332916206,0.156392383076323,-43.3148572845806
6.59414568988951,67.1233640710851,41.8317826974146,68.9524829498032,27.1207002523886,71.1489825907057,70.9938715517089,-3.87050748062381,-29.1620888542943,-2.04138860190568,0.155111038996779,-43.8731712993203
6.6,67.2864946455076,41.9293255680105,69.7527049278328,27.8233793598223,71.9622346638483,71.8073653558262,-4.52087071031866,-29.8780397878157,-2.05466042799347,0.154869308022128,-43.983985996004
6.60659705419593,67.4710938271407,42.0395477856171,69.3458035470927,27.3062557614757,71.5590754048437,71.4042121292238,-3.93311830208309,-29.3646643436067,-2.05840858213102,0.154863275619974,-44.0979563677481
6.61647009864504,67.7483789175714,42.2051083486891,67.5693832063136,25.3642748576245,69.8011821376764,69.6463278900519,-1.89794897248041,-27.4412195413628,-2.07694468373825,0.154854247624598,-44.2820530324273
6.62731400994436,68.0553691167329,42.3877913026116,69.1227363279997,26.7349450253881,71.3699896647385,71.2151453328782,-3.15977621614525,-28.8273540302666,-2.09240900487845,0.154844331860374,-44.48020030749
6.64103936055841,68.4463527654012,42.6202933884494,70.0348490131453,27.4145556246959,72.30203755549,72.1472057742063,-3.70085300880514,-29.5269123857569,-2.11235676106102,0.154831781283676,-44.7326501495104
6.65441985675313,68.8309368912246,42.8483403850395,71.307811904699,28.4594715196595,73.5921253629867,73.437305816942,-4.60636892571735,-30.5889654319025,-2.12949391224296,0.154819546044763,-44.9778342972825
6.67005732319328,69.2845847422787,43.1166112764082,69.496815959423,26.3802046830148,71.802973927821,71.6481686808079,-2.36358393852917,-28.5315574043996,-2.15135272138484,0.154805247013158,-45.2679639977931
6.69146853338975,69.9106916650005,43.4870446840895,70.7559418110546,27.2688971269651,73.0660256364987,72.9112399680773,-3.00054830307674,-29.4241952839878,-2.1552981570227,0.154785668421439,-45.6423428411122
6.7,70.1604177688312,43.6356480663871,70.8359751313837,27.2003270649967,73.1488455112432,72.994067644067,-2.83364987523585,-29.35841957768,-2.15809251268328,0.154777867176193,-45.7937405790704
6.71491395348985,70.5985327446603,43.8967873233654,71.308691505002,27.4119041816366,73.6306637344184,73.4747492035067,-2.8762164588464,-29.5779618801413,-2.16605769850472,0.15591453091173,-46.0628450218701
6.73509387575521,71.1941277925785,44.2528968363826,73.7198701282242,29.4669732918416,76.0525699929937,75.8951174536766,-4.70098966109802,-31.642220617294,-2.17524732545236,0.15745253931712,-46.428144161835
6.76019504019125,71.939015166809,44.7002873106713,71.5482267292045,26.8479394185332,73.8848610596961,73.7254954405672,-1.78648027375823,-29.0252081298959,-2.17726871136274,0.159365619128835,-46.8775560220341
6.78875346808583,72.7889064115378,45.2152485706346,73.1469932659337,27.9317446952991,75.4697342286768,75.3081920351504,-2.51928562361265,-30.0929434645158,-2.16119876921671,0.161542193526358,-47.3764473398513
6.8,73.123757896517,45.419761071227,73.15411085066,27.734349779433,75.4827386505928,75.3203393050721,-2.1965814085551,-29.9005782338452,-2.16622845441213,0.162399345520697,-47.5859895256391
6.81586676549095,73.597727030998,45.7099303336491,74.4538538605267,28.7439235268776,76.7868809465664,76.6258523672321,-3.02812533623414,-30.915922033583,-2.17199850670539,0.161028579334271,-47.8819288403545
6.83384185073332,74.1356742997393,46.0409682723295,75.5647233930952,29.5237551207657,77.8905502213918,77.7310745508128,-3.59540025107351,-31.6901062784833,-2.1663511577176,0.159475670579027,-48.2073194300471
6.85190282567156,74.6759961090902,46.3760366434338,72.0149395196022,25.6389028761684,74.3395350388904,74.181619697274,0.494376411816177,-27.8055830538402,-2.16668017767178,0.157915341616359,-48.5427168211056
6.87325018817194,75.316931831419,46.7752135376673,75.7073696056488,28.9321560679815,78.0263830997745,77.8703120056642,-2.55338017424512,-31.0950984679969,-2.16294240001538,0.156071094110374,-48.9381559376827
6.9,76.1183056529409,47.2801603416531,76.8292842845214,29.5491239428684,79.1109237260034,78.9571636093616,-2.83885795642061,-31.6770032677085,-2.12787932484011,0.153760116641891,-49.4080396664932
6.92208923724454,76.7742556169771,47.7009849311322,73.6499697116883,25.9489847805562,75.9298992388113,75.7749207042552,0.999334912721991,-28.073935773123,-2.12495099256682,0.154978534556108,-49.825935923699
6.94220494375526,77.3732188699973,48.0871751482889,76.1865546599788,28.09937951169,78.4556139191227,78.2995258244266,-0.926306954429307,-30.2123506761377,-2.11297116444777,0.15608809469613,-50.2001463127366
6.980124029199,78.4942556957624,48.822658671954,77.0352185977392,28.2125599257851,79.2666195995948,79.1084399300523,-0.61418423428988,-30.2857812580983,-2.07322133231317,0.158179669542477,-50.8958800042672
7,79.0801740947892,49.2119661058152,77.0458915669842,27.833925461169,79.2629631960434,79.1036871899177,-0.0235130951285356,-29.8917210841025,-2.05779562293351,0.159276006125694,-51.2697617287487
7.03034186861138,79.9694731755114,49.8111370809169,79.2832763602845,29.4721392793677,81.4739616671005,81.3106410901134,-1.3411679146021,-31.4995040091966,-2.0273647298289,0.163320576987076,-51.8385018107458
7.05844788814157,80.7863062256019,50.3712216343418,79.2543426397462,28.8831210054044,81.3883486315465,81.221281522364,-0.434975296762147,-30.8500598880222,-1.96693888261778,0.167067109182497,-52.3381605169596
7.08721945056259,81.6114903191985,50.9493317115125,79.6421795045623,28.6928477930498,81.7301997646778,81.5592974064375,0.0521929127609866,-30.609965694925,-1.9171179018752,0.170902358240326,-52.8664496133878
7.1,81.9736563566682,51.2076014862388,80.0698871928844,28.8622857066456,82.1354836944559,81.9628776890702,0.0107786675979895,-30.7552762028313,-1.89299049618575,0.172606005385774,-53.1005919824246
7.11407805970189,82.3705188504592,51.4930880832559,78.5203617780803,27.0272736948244,80.5657288179907,80.392630088613,1.97788876184624,-28.8995420053571,-1.8722683105327,0.173098729377656,-53.3653563937887
7.14464079347054,83.2233245209396,52.1163123095788,80.3187998791288,28.20248756955,82.3291008000053,82.1549323925254,1.06839212841419,-30.0386200829466,-1.83613251339668,0.174168407479897,-53.9524448229755
7.17029320900415,83.9321876325822,52.6428812043446,80.7887857419452,28.1459045376007,82.7486497736131,82.5735835463448,1.35860408623746,-29.9307023420002,-1.78479780439952,0.175066227268317,-54.4276790087441
7.2,84.7345196454566,53.2563294912068,83.6025918813789,30.346262390172,85.4641718784329,85.2880659305671,-0.553546285110457,-32.0317364393603,-1.68547404918823,0.17610594786585,-54.941803540395
7.23866229987203,85.7442426363525,54.0597573092622,82.4618439849617,28.4020866756995,84.2249596296803,84.0453619191931,1.69888071715943,-29.9856046099309,-1.58351793423139,0.179597710487286,-55.6432752434936
7.27516013633051,86.6689527443254,54.8226014150795,82.7519206931407,27.9293192780612,84.4342155943723,84.2513216034896,2.41763114083577,-29.4287201884101,-1.49940091034891,0.182893990882675,-56.3220023254284
7.3,87.2825951598812,55.3438385008504,85.6104836664996,30.2666451656492,87.2438063550945,87.0586689666962,0.223926193185008,-31.7148304658458,-1.44818530019664,0.185137388398331,-56.792023801047
7.3254663208544,87.9032664041016,55.8796980013273,83.4186550429204,27.5389570415931,85.0246397561169,84.8391265143255,3.06413988977611,-28.9594285129981,-1.42047147140507,0.185513241791412,-57.3001694727324
7.35236145221609,88.5494082065058,56.4470792951508,85.9333349901801,29.4862556950293,87.4849636973368,87.2990535145645,1.2503546919413,-30.8519742194137,-1.36571852438441,0.185910182772304,-57.8127978195352
7.38429893916369,89.2967538861876,57.122439754053,87.1074491544208,29.9850094003678,88.5745111614651,88.3881296183851,0.908624267802566,-31.265689864332,-1.28068046396429,0.186381543080074,-58.4031202180173
7.4,89.6546571160291,57.4549446405508,86.5569723053428,29.1020276647919,87.9862687582074,87.7996554856591,1.85500163037007,-30.3447108451082,-1.24268318031632,0.186613272548342,-58.6976278208672
7.42075442838927,90.1206440187614,57.8948210210846,86.3965846720416,28.501763650957,87.7801537468408,87.5889361123987,2.53170790636271,-29.694115091314,-1.19235144035706,0.191217634442097,-59.0871724614417
7.44580576717657,90.6668998186858,58.4261202708925,86.6078254506557,28.1817051797631,87.9128676627431,87.7160923985009,2.9508074201849,-29.2899721276084,-1.10826694784528,0.196775264242177,-59.5343872187378
7.4867028442001,91.5202231608682,59.2935537287476,88.2321270543202,28.9385733255726,89.4207016635427,89.2148533986145,2.30536976225366,-29.9212996698669,-0.982726344294335,0.205848264928179,-60.2762800730419
7.5,91.7881009304358,59.5754355647093,88.7889090202233,29.213473455514,89.941048310446,89.7322500766576,2.05585085377817,-30.1568145119483,-0.943341056434278,0.208798233788414,-60.5187766211436
7.55083558344162,92.775082399213,60.6514887950098,88.3741566585604,27.7226678635506,89.4146264646968,89.2001135009855,3.57496889822758,-28.5486247059757,-0.825956842425072,0.214512963711329,-61.4774456374349
7.6,93.6688428698362,61.68844496945,92.1227265534733,30.4342815840234,93.0304093244784,92.8103694966411,0.858473373195167,-31.1219245271911,-0.687642943167717,0.220039827837354,-62.3760879126177
7.66624819550173,94.7813745920244,63.076758467579,91.9976414733504,28.9208830057714,92.7350574939251,92.5257108847275,2.2556637072969,-29.4489524171485,-0.528069411377075,0.209346609197681,-63.604827878956
7.7,95.3030008958812,63.7788413321944,91.9444214847559,28.1655801525615,92.6103504352807,92.4064517544719,2.89654914140934,-28.6276104222775,-0.462030269715967,0.203898680808834,-64.2408716019104
7.75673192693518,96.1069815040366,64.9489071900813,95.9006347720339,30.9517275819526,96.4215832436686,96.2163515139359,-0.109370009899322,-31.2674443238546,-0.315716741901994,0.205231729732645,-65.2646239319833
7.8,96.680223061172,65.8315218072238,95.1139159532689,29.2823941460452,95.5932856444739,95.3870372304622,1.29318583070985,-29.5555154232384,-0.273121277193241,0.206248414011682,-66.104643084417
7.85321067532,97.3568839393042,66.9046085600751,94.0106556068405,27.1060470467655,94.4525039093693,94.2548110379628,3.1020729013414,-27.3502024778877,-0.244155431122223,0.197692871406574,-67.1487639911973
7.9,97.9325540461013,67.8365990039205,97.2162432708269,29.3796442669064,97.6218761448627,97.4317063514542,0.500847694647049,-29.5951073475338,-0.21546308062733,0.190169793408472,-68.0520620845478
7.94937818155451,98.5169419499551,68.8080765071886,98.0685034498179,29.2604269426293,98.4539898211808,98.25775543632,0.259186513635029,-29.4496789291314,-0.189251986502157,0.19623438486073,-68.9973284936908
8,99.1125432217094,69.7910853972756,97.8593410845017,28.0682556872261,98.2420689321741,98.0396172133052,1.07292600840421,-28.2485318160296,-0.180276128803499,0.202451718868929,-69.9713615260791
8.04978524771322,99.6861826577945,70.7452411856486,96.9116078841,26.1663666984514,97.3155492499047,97.1101372986693,2.57604535912519,-26.3648961130207,-0.19852941456935,0.205411951235391,-70.943770600218
8.1,100.275934226796,71.6953808488468,100.113137474133,28.417756625286,100.553225177211,100.344827455254,-0.0688932284577533,-28.649446606407,-0.231689981120937,0.208397721957056,-71.9270708299677
8.1481221214754,100.835921823593,72.5949487758729,99.2632988246753,26.6683500488024,99.645733266815,99.4332961468304,1.40262567676251,-26.8383473709575,-0.169997322155069,0.212437119984628,-72.764946098028
8.18771723310515,101.268824210835,73.3267883497184,100.64255359272,27.3157652430013,100.986025516492,100.770264760497,0.49855945033795,-27.443476410779,-0.127711167777747,0.215760755994737,-73.4544995174961
8.2,101.399796250655,73.552213099579,101.719709790897,28.1674966913175,102.058464590599,101.841672812221,-0.441876561566175,-28.2894597126418,-0.121963021324305,0.216791778377939,-73.6741761209034
8.21632752659446,101.571855930107,73.8506855984943,100.418149158819,26.5674635603247,100.746610955819,100.52806525348,1.04379067662639,-26.6773796549859,-0.10991609466123,0.218545702338844,-73.9606016931555
8.24701343552095,101.890475433643,74.407955889352,100.632757569544,26.2248016801919,100.931820444498,100.709978422253,1.18049701139007,-26.3020225329009,-0.0772208527090186,0.221842022244786,-74.485176742061
8.27627564832101,102.180073911812,74.934792045459,99.7886075983623,24.8538155529034,100.063843495162,99.8388580882848,2.34121582352732,-24.9040660428258,-0.0502504899224192,0.224985406876996,-74.9850425353814
8.3,102.406936791782,75.3585426400793,100.092505184565,24.7339625444858,100.313771568008,100.086237660682,2.32069913110007,-24.7276950206023,0.00626752388349416,0.227533907326574,-75.3522751161958
8.32279797018647,102.611935472493,75.7627714642453,100.889742316263,25.1269708520173,101.074259977182,100.842274990212,1.76966048228117,-25.0795035259664,0.0474673260508638,0.231984986970588,-75.7153041381945
8.34435050952892,102.798084185105,76.1421296836241,99.5826164645396,23.4404867809155,99.7428104503974,99.5066175419163,3.2914666431885,-23.3644878582922,0.0759989226232705,0.236192908481101,-76.0661307610008
8.37012959068973,103.012171651238,76.5922451697211,101.427973782237,24.8357286125164,101.56380702749,101.322581006742,1.68959064449631,-24.730335837021,0.105392775495346,0.241226020747561,-76.4868523942257
8.39242351520537,103.189089592645,76.9782465854785,101.454030519173,24.4757839336941,101.546642296461,101.301063606033,1.88802598661127,-24.3228170205549,0.152966913139267,0.245578690427593,-76.8252796723392
8.4,103.246837546228,77.1087219857698,100.947097038147,23.8383750523773,101.024859420934,100.777801496304,2.46903604992342,-23.6690795105345,0.169295541842828,0.247057924629871,-76.939426443927
8.40968828632358,103.318245833815,77.2750317886799,99.4420484976047,22.1670167089247,99.4886504592367,99.2417088432848,4.07653699053043,-21.9666770546048,0.20033965431989,0.246941615951883,-77.07469213436
8.42543794436452,103.428624231656,77.5440799181657,101.872393170648,24.3283132524821,101.8750129222,101.628260382195,1.80036384946146,-24.0841804640289,0.244132788453186,0.246752540005502,-77.2999471297125
8.44136873155345,103.532641401716,77.8145164441696,99.6366921973995,21.8221757532299,99.6126650687542,99.3661037791655,4.16653762255083,-21.5515873349958,0.270588418234013,0.246561289588726,-77.5439280259356
8.46589023674579,103.682493246566,78.2273309681095,101.737554591957,23.5102236238478,101.675991541763,101.42972463487,2.25276861169584,-23.2023936667608,0.307829957086994,0.246266906892359,-77.9195010110225
8.48655298853764,103.797910613752,78.5718433090233,100.995711313693,22.4238680046699,100.865560497686,100.619541648837,3.17836896491484,-22.0476983398137,0.376169664856192,0.246018848849459,-78.1956736441671
8.5,103.866149298067,78.7943430180984,99.7151753471913,20.9208323290928,99.5675557598618,99.3216983434963,4.54445095457022,-20.5273553253979,0.393477003694969,0.245857416365553,-78.4008660144034
8.51598533365043,103.942891379176,79.0570573559384,99.9483811700218,20.8913238140834,99.7518113156064,99.505853853125,4.43703752605087,-20.4487964971866,0.442527316896758,0.245957462481414,-78.6145300390416
8.53070355808828,104.00498911359,79.297184897719,100.641657342845,21.3444724451256,100.394840158545,100.148790580302,3.85619853328765,-20.851605682583,0.492866762542661,0.246049578243259,-78.8043181351764
8.54508509410341,104.058651032926,79.5301273228282,99.889807389584,20.3596800667558,99.6057151277083,99.3595755409078,4.69907549201791,-19.8294482180795,0.530231848676252,0.246139586800481,-78.999895474152
8.55980618976037,104.107271967746,79.7667906968684,99.9443165628118,20.1775258659434,99.6303191233951,99.3840874028629,4.7231845648835,-19.6172967059945,0.560229159948932,0.246231720532194,-79.2065615369195
8.57456325085905,104.150593582535,80.0021879218886,100.920428990093,20.918241068204,100.567111967548,100.32078788819,3.82980569434537,-20.3185999663011,0.599641101902932,0.246324079357905,-79.4025468199857
8.59313646204854,104.194833731057,80.2957657898944,101.247851501474,20.95208571158,100.839437702768,100.592997380754,3.6018363503035,-20.2972315908594,0.654854120720614,0.246440322013797,-79.6409116691738
8.6,104.208561062536,80.4034762383435,101.535794760357,21.1323185220134,101.107123732405,100.860640454121,3.34792060841507,-20.4571642157772,0.675154306236252,0.246483278284103,-79.7283219321072
8.61000172465096,104.22582458107,80.5596688561488,97.7899820152034,17.2303131590546,97.3362636231691,97.0889644345652,7.13686014650443,-16.5292955784164,0.701017580638265,0.247299188603975,-79.8586512755105
8.62463496825369,104.246266646534,80.786528802194,101.004272882253,20.2177440800594,100.516364003081,100.267871078908,3.97839556762624,-19.4813422767141,0.73640180334526,0.248492924173121,-80.0501269988488
8.64494694368944,104.265870930299,81.0980981491442,100.358382262444,19.2602841132994,99.8328783725241,99.5827284590863,4.68314247121238,-18.4846303099421,0.775653803357315,0.250149913437824,-80.3224443457869
8.68341476390036,104.278221463088,81.6773199880445,101.633175115819,19.955855127775,101.046899687522,100.793611686145,3.48460977694326,-19.1162916981007,0.839563429674257,0.25328800137649,-80.8377565583702
8.7,104.274016078128,81.9225826114896,100.390118706764,18.4675360952741,99.7686165190137,99.5139755444488,4.7600405336797,-17.5913929329591,0.876143162315017,0.254640974564964,-81.0464394491746
8.72058518102121,104.258540601563,82.2231713535313,101.267230109411,19.04405875588,100.596826523064,100.339760832234,3.91877976932906,-18.1165894787025,0.927469277177522,0.257065690830132,-81.2957020763538
8.74919788499372,104.218212627606,82.6337686113096,102.374746599449,19.7409779881392,101.638473785683,101.37803782142,2.8401748061865,-18.7442692101102,0.996708778028989,0.260435964263266,-81.6370598332806
8.77731463539124,104.155885433491,83.0288446507639,102.553755121773,19.5249104710091,101.757891147342,101.494143327723,2.66174210576786,-18.4652986769592,1.05961179404996,0.263747819618928,-81.9692328567139
8.8,104.092100191169,83.3413743967959,100.336738034689,16.9953636378928,99.4976176393599,99.2311977240965,4.86090246707278,-15.8898233273006,1.10554031059227,0.266419915263413,-82.2358340862036
8.82990572942151,103.986496479566,83.744683684321,102.348273397111,18.6035897127899,101.436783977902,101.173101476739,2.81339500282758,-17.4284177924179,1.17517192037199,0.263682501162634,-82.569511763949
8.86765037174918,103.817930748631,84.2391656361467,101.621883077788,17.3827174416411,100.635078515252,100.374850961289,3.44307978734143,-16.1356853251426,1.2470321164985,0.26022755396238,-82.9921335196482
8.9,103.646324766146,84.6497050725666,101.343874078236,16.6941690056689,100.295163951936,100.037897513795,3.60842725235113,-15.3881924412282,1.30597656444073,0.257266438141372,-83.3437285081259
8.93045811651384,103.461507623317,85.024798507059,99.1682257154183,14.1434272083593,98.060869032296,97.8046686935617,5.65683892975497,-12.7798701865026,1.36355702185666,0.256200338734359,-83.6612414852024
8.96325638201213,103.239609344275,85.4160412348715,100.498809326527,15.0827680916556,99.3543925834832,99.0993402543896,4.14026908988568,-13.6832990195181,1.39946907213742,0.255052329093573,-84.0165721627341
9,102.967440772759,85.8385663501398,101.18386523582,15.3452988856805,99.9633654332513,99.7095992095979,3.25784156316112,-13.8710328594581,1.47426602622242,0.253766223653329,-84.3643003239174
9.03597256890627,102.6747512064,86.2357838992103,102.417872772692,16.1820888734816,101.19974733195,100.945118180857,1.72963302554332,-14.7093342816463,1.47275459183537,0.254629151093184,-84.7630293073749
9.0670118021922,102.412461961838,86.5654661978974,100.895644350792,14.3301781528947,99.6304018855883,99.3750281503041,3.03743381153356,-12.8095619524067,1.52061620048798,0.25537373528411,-85.0448499974094
9.1,102.114544751477,86.9025056802002,101.361016504768,14.4585108245678,100.096581446932,99.8404163747506,2.2741283767263,-12.9379106945503,1.52060013001747,0.256165072181787,-85.3819055501828
9.13169369735036,101.827688343829,87.213453401552,102.765303249497,15.5518498479451,101.527819516106,101.278889615899,0.548798727930489,-14.0654362143469,1.48641363359822,0.248929900207244,-85.7270397679538
9.16192873130774,101.554814328133,87.4986012252865,99.9419402913707,12.4433390660841,98.721317323138,98.4792896050245,3.07552472310815,-10.980688379738,1.46265068634611,0.242027718113448,-86.0359505389404
9.19101420921787,101.286941828656,87.7625023574151,101.48403009612,13.7215277387049,100.233223729669,99.9978357681076,1.28910606054824,-12.2353334106926,1.48619432801229,0.235387961561386,-86.2763080294028
9.2,101.201708104472,87.8419724738459,103.202435598682,15.360463124836,101.949437990408,101.716101343369,-0.51439323889673,-13.8741288695226,1.48633425531332,0.233336647039209,-86.3556382185326
9.2116133481308,101.090992446455,87.9432408197776,100.208501042831,12.2652602230536,98.9608755608756,98.7259610608283,2.36503138562634,-10.7827202410507,1.4825399820029,0.234914500047381,-86.4607008377747
9.225152754635,100.960521797763,88.0592633591722,102.750258068979,14.6909947098072,101.497877141671,101.261123103788,-0.300601306025314,-13.2018597446162,1.48913496519096,0.23675403788269,-86.5701283939813
9.24194068442902,100.797747930198,88.2000838656617,101.423258952764,13.223175087102,100.168307055413,99.9292721175493,0.868475812649024,-11.7291882518875,1.4939868352145,0.239034937863295,-86.7060970304472
9.2604284649473,100.615506232877,88.3512871637756,101.007683006677,12.6563958429014,99.7562999596974,99.514753170835,1.10075306204243,-11.1634660070594,1.49292983584209,0.241546788862365,-86.8583573279335
9.2800659915131,100.42184351528,88.5074761842728,103.937096935059,15.429620750786,102.709057802053,102.464842951404,-2.04299943612385,-13.9573667671309,1.47225398365508,0.244214850649172,-87.0352222006177
9.3,100.226921258826,88.6614404580344,102.229712586841,13.5682721288069,101.02651879563,100.779595601539,-0.552674342713061,-12.1181551435043,1.45011698530264,0.246923194091693,-87.2113234727317
9.32016157034431,100.033409937613,88.8125609784318,102.475745885768,13.6631849073359,101.304989850646,101.059732565713,-1.02632262809978,-12.2471715872814,1.4160133200545,0.245257284932521,-87.3965476583773
9.34221695870148,99.8248756554708,88.9727032559094,101.620538800009,12.6478355440996,100.465912236132,100.222477342653,-0.397601687181975,-11.2497740867434,1.39806145735615,0.243434893479574,-87.5746417985532
9.36386417515669,99.6229055341828,89.1247311149226,101.106062503201,11.9813313882786,99.9890218538386,99.7473756254058,-0.124470091223031,-10.6226445104832,1.35868687779536,0.241646228432771,-87.7660442371273
9.39057292154883,99.3779622325926,89.3054593253066,100.830661953227,11.5252026279205,99.7342515218504,99.4948121822901,-0.116849949697496,-10.1893528569835,1.33584977093707,0.239439339560278,-87.9696095543695
9.4,99.2918306111529,89.3674726702736,102.962534827417,13.5950621571429,101.87884341469,101.640183015265,-2.34835240411249,-12.2727103449918,1.32235181215114,0.238660399424759,-88.0451208581224
9.41694448654498,99.1397269543092,89.476649269338,100.979979611986,11.5033303426477,99.9366658031173,99.6957119894864,-0.555985035177201,-10.2190627201484,1.28426762249923,0.240953813630867,-88.1923816468387
9.43453531581794,98.9855717611749,89.5869529480517,101.704812735488,12.1178597874359,100.669406567541,100.426071858057,-1.4405000968822,-10.8391189100053,1.27874087743056,0.243334709484188,-88.3082120706212
9.45383861976845,98.8161394909847,89.7044919256496,100.265005022392,10.5605130967427,99.2442927860693,98.9983453995124,-0.182205908527649,-9.2938534738628,1.26665962287989,0.245947386556892,-88.4378323027697
9.47669499621601,98.6179594565589,89.8390002129431,100.705873197301,10.866872984358,99.7153442039714,99.4663032366025,-0.848343780043606,-9.62730302365942,1.23956996069855,0.249040967368899,-88.5994302522445
9.5,98.4178993562899,89.971058882249,102.749586414957,12.7785275327079,101.761574778364,101.509379509057,-3.09148015276715,-11.5383206268081,1.24020690589975,0.252195269307137,-88.7308519763492
9.51981993315016,98.2475440577106,90.0793837659322,100.724448469083,10.6450647031509,99.7587058464194,99.5076729301988,-1.26012887248827,-9.42828916426666,1.21677553888419,0.251032916220595,-88.862608227048
9.53814805449964,98.091411526876,90.1763503339435,101.503065857404,11.3267155234602,100.559575887195,100.309617835771,-2.21820630889542,-10.133267501828,1.19344802163224,0.249958051423619,-88.9829023123113
9.56327690227553,97.8821640934895,90.3044117825824,101.291144897346,10.9867331147632,100.374153785861,100.125669432333,-2.24350533884336,-9.82125764975054,1.16547546501269,0.248484353528056,-89.1389363175697
9.59112086172482,97.6579185009479,90.439903514616,101.231604588723,10.7917010741071,100.381851169438,100.134999743325,-2.47708124237683,-9.69509622870871,1.09660484539842,0.246851426112883,-89.3432986692176
9.6,97.5895822040456,90.4817474056686,100.275897940416,9.7941505347478,99.4490416781036,99.2027109749266,-1.613128770881,-8.72096356925802,1.07318696548978,0.246330703176938,-89.4085604401788
9.61616656353864,97.4685488935056,90.5563035367868,100.207278185304,9.65097464851735,99.4243126571679,99.176632355383,-1.70808346187735,-8.62032881859612,1.03064582992123,0.247680301784925,-89.5256577068656
9.630565446685,97.366316954532,90.620991489847,102.317067890365,11.6960764005175,101.568983264686,101.320100931771,-3.95378397723866,-10.6991094419236,0.996966958593902,0.248882332915684,-89.6240245312531
9.64930146474905,97.2381670949098,90.7028386288233,100.243522395573,9.54068376674968,99.5351016638583,99.2846552320642,-2.0464881371544,-8.58181660324092,0.958867163508756,0.250446431794103,-89.7439714653145
9.67903528930614,97.0452723061644,90.8275556661809,101.14663916644,10.3190835002587,100.481487325671,100.228558688668,-3.18328638250328,-9.40100302248683,0.918080477771881,0.252928637003421,-89.909475188409
9.7,96.9179079209761,90.9118394146524,102.438039363574,11.5261999489211,101.853786918184,101.599108129127,-4.68120020815107,-10.6872687144747,0.838931234446406,0.254678789056555,-90.072908180206
9.72131157763554,96.801661012681,90.9946434668872,100.979140063856,9.98449659696905,100.453884992074,100.197031548832,-3.39537053615126,-9.20238808194506,0.782108515023992,0.256853443241852,-90.2125349518632
9.75426170008499,96.6422695035118,91.1174157893053,99.6112200083946,8.49380421908931,99.1809583669215,98.9207426610205,-2.27847315750869,-7.80332687171526,0.690477347374056,0.260215705900961,-90.4269384419312
9.79231281478769,96.4902540525039,91.2520657043853,100.525880146926,9.27381444254077,100.190734867433,99.926636388644,-3.43638233614007,-8.67457068425867,0.5992437582821,0.264098478788938,-90.6528219461032
9.8,96.4631396837299,91.2784230121724,99.6304531916531,8.35203017948079,99.3086391039577,99.0437562172858,-2.5806165335559,-7.76533320511346,0.586696974367328,0.264882886671884,-90.691726037805
9.81245453796146,96.4214338580881,91.3205611760399,101.450781405792,10.1302202297524,101.165975447824,100.901062703278,-4.47962884519018,-9.58050152723838,0.549718702513999,0.264912744545441,-90.7708424735259
9.82750717422009,96.3766412631493,91.3706031359325,100.178469077728,8.8078659417951,99.9365825802001,99.6716337492328,-3.29499248608354,-8.30103061330034,0.506835328494759,0.264948830967228,-90.8637678074377
9.84581618014718,96.3296143824147,91.4302544534999,100.389604151393,8.95934969789289,100.205437374316,99.9404446502722,-3.61083026785744,-8.51019019677231,0.449159501120576,0.264992724043452,-90.9810949523793
9.86212785818838,96.2964495516635,91.4823684300828,100.724537102743,9.2421686726604,100.596101917697,100.33107008887,-4.03462053720601,-8.84870165878674,0.393467013873661,0.265031828827745,-91.0889014162092
9.9,96.2518848850807,91.600190327793,100.541660833427,8.9414705056341,100.551931295419,100.286808673851,-4.03492378877051,-8.68661834605817,0.254852159575933,0.265122621567329,-91.3453381682171
9.93811494079376,96.248805169202,91.7152735444862,99.4497733835529,7.73449983906666,99.5786598101162,99.31063102389,-3.06182585468798,-7.59535747940373,0.139142359662927,0.268028786226211,-91.5761311848233
9.96941928188797,96.2784694170557,91.8079499533003,98.0934968482436,6.28554689494332,98.3122871577496,98.0418714972986,-1.76340208024295,-6.23392154399831,0.0516253509450166,0.270415660450951,-91.7563246023553
10,96.3275333953084,91.8974656627037,99.8492129397134,7.95174727700967,100.123246635205,99.8504992748912,-3.52296587958273,-7.95303361218748,-0.00128633517780941,0.272747360313787,-91.8987519978815
10.0300428051736,96.38892457809,91.9847623418121,95.1011370837511,3.11637474193901,95.4064464189409,95.1334810766712,1.25544350141874,-3.14871873485919,-0.0323439929201754,0.272965342269629,-92.0171063347322
10.0699235368673,96.4710853397809,92.0999262265895,96.6723903890823,4.57246416249274,96.9375554431722,96.6643007377807,-0.193215397999779,-4.56437451119118,0.00808965130156025,0.273254705391508,-92.091836575288
10.1,96.5091706725176,92.1859998071052,90.5326234271462,-1.65337637995901,90.6861299041646,90.4126569726048,6.09651369991279,1.7733428345004,0.119966454541384,0.273472931559837,-92.0660333525638
10.1293868919906,96.5124089019544,92.2688706841431,88.3086032029927,-3.96026748115042,88.3362388605624,88.0605496531821,8.45185924877232,4.20832103096107,0.248053549810649,0.275689207380324,-92.0208171343325
10.1620633980996,96.4613064262346,92.3587034530951,85.7427926395315,-6.6159108135636,85.5551221769356,85.2769686003934,11.1843378258412,7.08173485270171,0.465824039138113,0.278153576542266,-91.892879413957
10.2,96.2975611417142,92.4580792634383,80.4973051639093,-11.960774099529,79.9596740712077,79.6786594240381,16.618901717676,12.7794198394002,0.818645739871187,0.281014647169613,-91.6394335235671
10.2340679126613,96.0296027052712,92.54043983252,77.641028092867,-14.8994117396529,76.7168806534146,76.4389230710344,19.5906796342368,16.1015167614855,1.20210502183258,0.277957582380182,-91.3383348106874
10.267258090078,95.6373769266717,92.6117952981845,75.7436600215998,-16.8681352765847,74.4193576180786,74.1443783374143,21.4929985892575,18.4674169607702,1.5992816841855,0.274979280664297,-91.012513613999
10.2966762373043,95.1715002651332,92.6655047003885,72.4371525920589,-20.2283521083296,70.6969213821401,70.4245819222053,24.7469183429279,22.2409227781831,2.01257066985353,0.272339459934742,-90.6529340305349
10.3,95.110986953442,92.6709130428434,71.4017140381645,-21.269199004679,69.6100749154253,69.3380337114479,25.7729532419941,23.3328793313956,2.06368032671661,0.272041203977395,-90.6072327161268
10.3041504613065,95.0330235133877,92.6774613436058,72.2180712033608,-20.4593901402449,70.3666054325132,70.0947847431261,24.9382387702616,22.5826766004797,2.12328646023475,0.271820689387084,-90.554174883371
10.3090214691192,94.9382646694944,92.6848477058721,70.646489803394,-22.0383579024781,68.7164488765299,68.4448869844698,26.4933776850245,24.2399607214022,2.20160281892417,0.271561892060021,-90.4832448869479
10.3154376918744,94.8076337901258,92.6940672445844,69.4348250378935,-23.2592422066909,67.4051691249718,67.1339481277251,27.6736856624007,25.5601191168593,2.30087691016844,0.271220997246715,-90.393190334416
10.3233717115044,94.6372024573685,92.704631907635,70.7959236066605,-21.9087083009745,68.6343056422424,68.3635061805694,26.2736962767991,24.3411257270656,2.43241742609108,0.270799461672951,-90.2722144815439
10.3354040448902,94.3590209204036,92.7187878200054,69.199334312389,-23.5194535076164,66.8406200781019,66.5704598959863,27.7885610244172,26.1483279240191,2.6288744164027,0.270160182115546,-90.0899134036028
10.3488595181968,94.0189549473013,92.731766195393,68.2824146087116,-24.4493515866814,65.6947511078744,65.4253058169395,28.5936491303618,27.3064603784535,2.85710879177213,0.269445290934897,-89.8746574036209
10.3657708137938,93.547263064492,92.7434406634993,66.9087322386198,-25.8347084248795,64.0283622576106,63.7598154661785,29.7874475983135,28.9836251973208,3.1489167724413,0.268546791432129,-89.594523891058
10.3821498258897,93.0428120199572,92.7493890781003,67.2169173625501,-25.5324717155503,64.0590693251296,63.7913927529033,29.251419267054,28.9579963251971,3.4255246096468,0.267676572226293,-89.3238644684535
10.3972467045574,92.536718646461,92.7498178944307,62.8663980159629,-29.8834198784678,59.43877584965,59.171901376701,33.36481726976,33.5779165177297,3.6944966392619,0.266874472948999,-89.0553212551688
10.4,92.4399332466634,92.7493448255942,64.8603937988873,-27.8889510267068,61.3805911545956,61.1138629646189,31.3260702820444,31.6354818609753,3.74653083426842,0.266728189976646,-89.0028139913258
10.4040084800391,92.2964458337554,92.7483415258319,64.31989649884,-28.4284450269919,60.7629594570192,60.4955880134558,31.8008578202996,32.2527535123761,3.82430848538419,0.267371443563441,-88.9240330404477
10.4097905174061,92.083883712256,92.7462239206822,62.2415136642412,-30.5047102564409,58.5758312893962,58.3075319838404,33.7763517284156,34.4386919368417,3.93398168040081,0.268299305555765,-88.8122422402813
10.4169682730753,91.8109439331978,92.7424640016295,60.3982898269794,-32.3441741746501,56.5907760460556,56.3213249031365,35.4896190300613,36.4211390984931,4.07696492384294,0.269451142919124,-88.6654990777866
10.4304528405691,91.2710382329904,92.7318739085982,60.6210788113915,-32.1107950972068,56.5591388191221,56.287523764615,34.9835144683754,36.4443501439832,4.33355504677643,0.271615054507073,-88.3983188618218
10.4463157636557,90.5901406773787,92.7132096067556,59.3817057938745,-33.3315038128811,55.0032632336867,54.7291026052781,35.8610380721007,37.9841070014775,4.65260318859647,0.274160628408623,-88.0606064181591
10.4634642182029,89.7954322009297,92.6849817982833,58.8303250896784,-33.854656708605,54.1002740095498,53.8233615139027,35.972070687027,38.8616202843806,5.00696357577563,0.276912495647025,-87.6780182225077
10.486927500356,88.6089943833942,92.6317494519086,56.8999619694377,-35.7317874824709,51.7083843102039,51.4277065867759,37.1812877966183,41.2040428651327,5.47225538266179,0.28067772342802,-87.1594940692468
10.5,87.8983789310907,92.5942785629605,56.1732330014494,-36.4210455615111,50.7011365703099,50.4183610611371,37.4800178699537,42.1759175018234,5.75487194031228,0.282775509172815,-86.8394066226482
10.5163521666281,86.9560769549927,92.5390303962927,54.9179647988952,-37.6210655973975,49.0942996257475,48.812211257852,38.1438656971407,43.7268191384407,6.10575354104319,0.282088367895533,-86.4332768552495
10.5410523173207,85.4203170731537,92.4368093924662,54.1634307466553,-38.273378645811,47.7987309812375,47.5176805487717,37.902636524382,44.9191288436946,6.64575019788361,0.281050432465811,-85.7910591945826
10.5787236632498,82.8068205371898,92.2335749218761,48.6460648652096,-43.5875100566664,41.4684611245055,41.1889936955247,41.6178268416652,51.0445812263514,7.45707116968495,0.279467428980865,-84.7765037521911
10.6,81.1911607663191,92.0913964380817,48.2652036550503,-43.8261927830315,40.6332965323114,40.3547231652334,40.8364376010857,51.7366732728483,7.91048048981687,0.27857336707806,-84.1809159482648
10.6294678396219,78.7821041325244,91.8592166748494,45.6707681858937,-46.1884484889556,37.3964657354415,37.1166041853936,41.6654999471308,54.7426124894557,8.5541640005001,0.279861550047876,-83.3050526743493
10.6726676470286,74.8890197947424,91.438952162832,42.468908912224,-48.970043250608,33.2748892895116,32.993139265218,41.8958805295243,58.4458128976139,9.47576964700598,0.281750024293522,-81.963182515826
10.7,72.2052462027167,91.120269734856,37.2225646160231,-53.897705118833,27.4420249220252,27.159080067297,45.0461661354197,63.961189667559,10.0634845487261,0.282944854728147,-81.05678518613
10.7451380302886,67.4015112336924,90.4972592922683,35.7361125131267,-54.7611467791417,25.035774208746,24.759089308162,42.6424219255304,65.7381699841063,10.9770232049647,0.276684900583977,-79.5202360873037
10.8,60.9706466473445,89.5656107654455,31.787846669868,-57.7777640955775,20.0868765455813,19.8178001607535,41.152846486591,69.747810604692,11.9700465091145,0.269076384827837,-77.595564256331
10.9,47.6714546781655,87.3272431458398,25.6900016071005,-61.6372415387393,12.2676936006029,12.000632063873,35.6708226142924,75.3266110819667,13.6893695432274,0.267061536729832,-73.6378736026123
11,32.5198146303693,84.3237366188764,15.1300071446153,-69.1937294742611,0.31480567717696,0.053451063136367,32.466363567233,84.27028555574,15.0765560814789,0.261354614040593,-69.2471805373975
11.1,15.8519958739193,80.4951822934201,5.28716231388283,-75.2080199795373,-10.3972478363006,-10.6579756452805,26.5099715191998,91.1531579387006,15.9451379591633,0.260727808979928,-64.5500443342568
11.2,-1.82479586750998,75.8142101153999,-4.39832525807867,-80.2125353734786,-20.4656367429762,-20.7381294473927,18.9133335798828,96.5523395627927,16.3398041893141,0.272492704416528,-59.4744059260858
11.3,-20.042951339667,70.2854159011546,-13.4837261544918,-83.7691420556464,-29.3547552806936,-29.6390261355214,9.59607479585444,99.924442036676,16.1552999810296,0.28427085482782,-54.130115920125
11.4,-38.2118726869973,63.9474382844236,-24.5467760666317,-88.4942143510553,-39.7184034905952,-40.0163745565257,1.80450186952843,103.963812840949,15.469598489894,0.297971065930469,-48.4778397945296
11.5,-55.8226030698494,56.871434904691,-35.8912985152938,-92.7627334199848,-49.8964239290203,-50.1979881035749,-5.62461496627455,107.069423008266,14.3066895882811,0.301564174554628,-42.5647453164099
11.6,-72.4611746188042,49.1535217331042,-47.053545703486,-96.2070674365902,-59.456556362644,-59.7651157457132,-12.696058873091,108.918637478817,12.7115700422273,0.308559383069273,-36.441951690877
11.6901543867309,-86.3053463798658,41.7414794856136,-58.4825704973724,-100.224049982986,-69.2930499373626,-69.5938977389399,-16.7114486409259,111.335377224553,11.1113272415675,0.300847801577248,-30.6301522440461
11.7,-87.7427585077102,40.9100502208158,-60.0243008661726,-100.934351086988,-70.6486043019691,-70.9486099343318,-16.7941485733784,111.858660155148,10.9243090681592,0.300005632362684,-29.9857411526566
11.7163637889853,-90.0964411126382,39.5197021464439,-59.7930062827883,-99.3127084292322,-70.0929369311,-70.3925322525766,-19.7039088600616,109.912234399021,10.5995259697883,0.299595321476644,-28.9201761766556
11.7425931650077,-93.7777143879122,37.2703449923169,-63.8654554070261,-101.135800399343,-73.6664291853962,-73.9653668230977,-19.8123475648145,111.235711815415,10.0999114160716,0.298937637701471,-27.1704335762453
11.7746671551374,-98.1210778094696,34.4880617213776,-68.2291601360476,-102.717221857425,-77.4085739925287,-77.7067073967289,-20.4143704127406,112.194769118107,9.47754726068133,0.298133404200257,-25.0105144606963
11.8,-101.427597952504,32.2685786843031,-70.4882235771453,-102.756802261448,-79.1522165207442,-79.4497147210788,-21.9778832314253,111.718293405382,8.96149114393347,0.29749820033453,-23.3070875403696
11.8388813267618,-106.285424700894,28.8297005081154,-75.2152822695565,-104.044982777672,-83.1520009321897,-83.455216158214,-22.8302085426805,112.284916666329,8.23993388865749,0.30321522602425,-20.5897666194579
11.8852655831918,-111.74902637227,24.6851362226774,-81.9431040108837,-106.628240233561,-88.9967842058875,-89.3068196720552,-22.4422067002145,113.991955894733,7.36371566117148,0.310035466167648,-17.321420561506
11.9,-113.406261308287,23.3608583884841,-81.1141530402593,-104.475011428743,-87.8666463572848,-88.178848340041,-25.2274129682463,111.539706728525,7.06469529978173,0.312201982756221,-16.2961630887024
11.923506162801,-115.965277596358,21.2421414156971,-85.7872602555762,-107.029401671273,-92.0513870482998,-92.3661716381212,-23.5991059582366,113.608313053818,6.57891138254504,0.3147845898214,-14.663230033152
11.9499941047942,-118.72496177969,18.8476114706937,-89.1923264996435,-108.039937970337,-94.9426175293427,-95.260312332401,-23.4646494472894,114.107923803095,6.06798583275759,0.317694803058359,-12.7796256379361
11.9893012816436,-122.593255958894,15.2852189880241,-92.2305032871578,-107.515722275182,-97.2326411497356,-97.5546546071614,-25.0386013517326,112.839873595186,5.32415132000358,0.322013457425825,-9.96106766802056
12,-123.597692906753,14.3145553981205,-95.5163272133469,-109.830882611467,-100.311038067856,-100.634226986622,-22.9634659201316,114.948782384742,5.11789977327497,0.323188918765453,-9.19665562484558
12.0161390979592,-125.073637580713,12.8500382849178,-95.0487622368316,-107.898800521749,-99.5321755080872,-99.8563952392668,-25.2172423414467,112.706433524185,4.80763300243524,0.324219731179596,-8.04240528248256
12.0476779636802,-127.813344021519,9.98897629780388,-95.607604267601,-105.596580565405,-99.4269994379724,-99.7532335725837,-28.0601104489351,109.742209870388,4.14562930498269,0.326234134611269,-5.8433469928212
12.0901656510335,-131.182874900299,6.14265934081349,-96.1814230547436,-102.324082395557,-99.0768302853148,-99.4057781301769,-31.7770967701222,105.54843747099,3.22435507543337,0.328947844862157,-2.91830426538012
12.1,-131.906877201855,5.25463535802687,-96.6097191283535,-101.86435448638,-99.2783495047974,-99.6079254745415,-32.2989517273133,104.862560832568,2.998206346188,0.32957596974407,-2.25642901183888
12.1151812712768,-132.981323772984,3.88605842539604,-97.6921542862313,-101.578212711627,-100.011393896198,-100.339379864123,-32.6419439088609,104.225438289519,2.64722557789179,0.327985967925315,-1.23883284750426
12.149705590563,-135.225718823021,0.786364081504742,-97.8707891881376,-98.6571532696423,-99.342107552591,-99.6664776355581,-35.5592411874634,100.452841717063,1.79568844742047,0.324370082967107,1.00932436591573
12.1929612775995,-137.622753555779,-3.06478947524737,-98.6561136321016,-95.5913241568542,-99.0235042139119,-99.3433439370821,-38.2794096186966,96.2785544618347,0.68723030498046,0.319839723170134,3.75201978022783
12.2,-137.967062731968,-3.68728891748724,-99.9729155833329,-96.2856266658457,-100.159501139762,-100.478603666342,-37.4884590656261,96.7913147488547,0.505688083009062,0.319102526580039,4.1929770004963
12.2199512873035,-138.874648366257,-5.44445036996561,-99.5410165653089,-94.0965661953433,-99.2211627747781,-99.541312079398,-39.3333362868586,94.0968617094324,0.000295514089103222,0.320149304619889,5.44474588405471
12.2727785511517,-140.780276571117,-10.0371651473918,-101.396472402181,-91.3593072547897,-99.7452709208449,-100.06819189723,-40.7120846738868,90.0310267498384,-1.32828050495129,0.322920976385234,8.70888464244048
12.3,-141.481641201585,-12.3644553401134,-101.46938706609,-89.1049317259771,-99.107967753562,-99.4323169493114,-42.0493242522737,87.067861609198,-2.03707011677911,0.324349195749406,10.3273852233343
12.3344831500756,-142.087120829912,-15.2682381994406,-101.875780518163,-86.6075423187227,-98.6338828934083,-98.9602668378083,-43.1268539921033,83.6920286383678,-2.91551368035495,0.326383944400035,12.3527245190856
12.3787802486765,-142.403415314585,-18.9167727358303,-103.759405875697,-84.8426331398672,-99.4056942296202,-99.734692014734,-42.6687232998511,80.8179192789037,-4.02471386096347,0.328997785113756,14.8920588748668
12.4,-142.374067513881,-20.6287463726338,-104.763237902629,-84.1344915299956,-99.8786201803106,-100.208870080161,-42.1651974337196,79.5801237075271,-4.55436782246856,0.330249899850315,16.0743785501652
12.4331859010255,-142.093199566705,-23.2555905454788,-105.487527295893,-82.2319367504139,-99.8285635884252,-100.158132718288,-41.935066848417,76.902542172809,-5.32939457760492,0.329569129862605,17.9261959678739
12.4707141919138,-141.449184723424,-26.1467224802449,-105.94214335329,-79.7954208730448,-99.4139920221928,-99.742791303013,-41.706393420411,73.5960688227681,-6.1993520502767,0.328799280820192,19.9473704299682
12.5,-140.701474458228,-28.3402958930605,-107.057207912247,-78.716912019187,-99.86425892294,-100.192457439623,-40.5090170186054,71.8521615465621,-6.86475047262489,0.328198516682576,21.4755454204356
12.5542915331932,-138.768401042055,-32.2509103990291,-107.300294751687,-75.0493843526575,-98.9886727378192,-99.319544107452,-39.4488569346033,67.0686337084229,-7.98075064423463,0.330871369632732,24.2701597547944
12.6,-136.634933325452,-35.3759021465152,-108.62813838264,-73.252236236125,-99.44151353327,-99.7746351987254,-36.8602981267269,64.3987330522103,-8.85350318391477,0.333121665455408,26.5223989626004
12.7,-130.483314384663,-41.635538589293,-108.844092772258,-67.2085541829654,-98.1276626075187,-98.4884433753954,-31.9948710092678,56.8529047861024,-10.355649396863,0.360780767876648,31.27988919243
12.8,-122.714653452586,-47.0500684112197,-110.788113830803,-63.738045419583,-99.1016069477263,-99.4598095591672,-23.2548438934186,52.4097411479475,-11.3283042716355,0.358202611440845,35.7217641395842
12.9,-113.875286403128,-51.5880320521424,-110.909228540424,-59.3211964882814,-98.7843790945207,-99.1284734358187,-14.7468129673091,47.5404413836763,-11.7807551046051,0.344094341297946,39.8072769475373
13,-104.470191559976,-55.2529332139519,-112.493334367938,-57.2404011539864,-100.527556767847,-100.846955871321,-3.62323568865513,45.5940226573695,-11.6463784966169,0.319399103473842,43.606554717335
13.1,-95.1263127391816,-58.0840859663299,-112.461357443396,-54.3772714770662,-101.300339284808,-101.614141421797,6.48782868261534,43.5300554554671,-10.847216021599,0.313802136988699,47.2368699447308
13.2,-86.3954902430663,-60.1573243223277,-109.010599464546,-48.8532751422188,-99.1212572997734,-99.4303122281978,13.0348219851314,39.2729879058701,-9.58028723634864,0.309054928424388,50.577037085979
13.3,-78.7771154997115,-61.5754705260792,-107.917535527114,-46.3420650010344,-99.7976883196234,-100.097026376102,21.3199108763909,38.5215558500232,-7.82050915101122,0.299338056479044,53.754961375068
13.4,-72.7507128441411,-62.4674135546947,-104.047912879965,-41.5804993252701,-98.0552837482174,-98.376951104858,25.6262382607169,35.9095375501632,-5.67096177510683,0.321667356640603,56.7964517795879
13.4899750951094,-68.989649664844,-62.9415988851547,-103.293956427213,-40.3523575420581,-99.323767789859,-99.655948565842,30.666298900998,36.7143496806873,-3.63800786137085,0.332180775983005,59.3035910237839
13.5,-68.6710704141894,-62.9802986682876,-104.455706159684,-41.4754074913963,-100.726265754217,-101.059617921337,32.3885475071481,38.0793192530499,-3.39608823834639,0.333352167120239,59.5842104299412
13.5155768489418,-68.2193504582028,-63.0359720363758,-102.012260981411,-38.976288945035,-98.6507311254061,-98.9854389332235,30.7660884750207,35.9494668968477,-3.02682204818724,0.334707807817452,60.0091499881885
13.5415395543567,-67.5796886579121,-63.1181273448715,-102.187346526198,-39.0692191813262,-99.4307014295749,-99.7676687508666,32.1879800929545,36.6495414059951,-2.41967777533115,0.336967321291681,60.6984495695404
13.5813588010851,-66.8813900805419,-63.2237031020274,-101.048721870466,-37.8250187684383,-99.2072907407733,-99.5477234992403,32.6663334186984,36.3240203972129,-1.50099837122542,0.340432758466989,61.722704730802
13.6,-66.6697095163602,-63.266920101155,-101.164468867269,-37.897548766114,-99.7533399930103,-100.0953950801,33.42568556374,36.8284749789452,-1.06907378716879,0.342055087089932,62.1978463139862
13.6303035509872,-66.4813103159584,-63.3319131024255,-99.8416545274563,-36.5097414250308,-99.105228486401,-99.4491628362102,32.9678525202518,36.1172497337847,-0.392491691246093,0.343934349809203,62.9394214111794
13.6764546459488,-66.5650534375003,-63.4262713252244,-98.4443314209916,-35.0180600957672,-98.7111668348209,-99.057963226516,32.4929097890157,35.6316919012916,0.613631805524363,0.346796391695037,64.0399031307488
13.7,-66.7772499307604,-63.4760080945922,-100.208872862163,-36.7328647675711,-100.980476939131,-101.328733486638,34.5514835558773,37.8527253920455,1.11986062447441,0.348256547506452,64.5958687190666
13.7318817920487,-67.2449967792279,-63.5490399712073,-98.5877596545912,-35.0387196833839,-100.040972187111,-100.3807075246,33.1357107453723,36.8316675533929,1.79294787000899,0.339735337488719,65.3419878412163
13.8,-68.9306248139261,-63.7449285333895,-96.9425562048374,-33.1976276714479,-99.7238883447702,-100.04541737958,31.1147925656538,36.3004888461904,3.10286117474256,0.321529034809771,66.8477897081321
13.8674751286535,-71.4345133195433,-64.021960306289,-96.1293362639103,-32.1073759576213,-100.105478487034,-100.439732481464,29.0052191619203,36.4177721751746,4.31039621755335,0.334253994429744,68.3323565238423
13.9,-72.9222477552056,-64.1944024354815,-95.0659526894092,-30.8715502539277,-99.5551635915704,-99.8955513671843,26.9733036119787,35.7011489317028,4.82959867777507,0.340387775613834,69.0240011132566
13.9393399798645,-74.9443234496187,-64.4428668190587,-94.1760938705843,-29.7332270515256,-99.2148015594746,-99.5560859898231,24.6117625402044,35.1132191707643,5.37999211923874,0.341284430348466,69.8228589382975
14,-78.4776764233663,-64.9217638064273,-91.6001187135553,-26.678354907128,-97.3522180066989,-97.694885027848,19.2172086044817,32.7731212214207,6.0947663142927,0.342667021149083,71.01653012072
14.1,-85.1633882958211,-65.9952821049306,-91.60598260065,-25.6107004957194,-98.1119312452691,-98.4475779606059,13.2841896647847,32.4522958556753,6.84159535995592,0.335646715336793,72.8368774648865
14.2,-92.5629710816782,-67.4509833388459,-94.4802303053718,-27.0292469665259,-101.401439634719,-101.718553775141,9.15558269346246,34.2675704362947,7.2383234697688,0.317114140421538,74.6893068086147
14.2816819333829,-98.8897923040003,-68.9317040055117,-93.1479780723434,-24.2162740668317,-99.9720511535171,-100.29152660671,1.4017343027092,31.3598226011978,7.14354853436612,0.319475453192396,76.0752525398778
14.3,-100.305207572797,-69.2991005470109,-92.3734433856698,-23.0743428386589,-99.0974783725232,-99.4174833759214,-0.887724196875951,30.1183828289105,7.04403999025169,0.320005003398293,76.3431405372626
14.3276435354715,-102.419555378328,-69.8770854270596,-93.2767819609275,-23.3996965338679,-99.8359145237545,-100.16224187775,-2.25731350057829,30.2851564506904,6.88545991682254,0.326327353995552,76.7625453438821
14.3729386059963,-105.807626186278,-70.882825612674,-93.4843023727813,-22.6014767601073,-99.7080423542346,-100.044729139877,-5.76289704640094,29.1619035272027,6.56042676709539,0.336686785642073,77.4432523797694
14.4,-107.774068436823,-71.5166145442473,-94.9148892987456,-23.3982747544983,-100.907331381668,-101.250207376383,-6.52386106044057,29.7335928321353,6.33531807763694,0.342875994714788,77.8519326218842
14.4395296637072,-110.550071896082,-72.4834839614314,-92.7891152371359,-20.3056312757044,-98.3969913061955,-98.7421011951794,-11.8079707009023,26.258617233748,5.95298595804354,0.34510988898387,78.436469919475
14.5,-114.531074814152,-74.0475588973643,-95.2451372444719,-21.1975783471077,-100.150154579104,-100.498681758421,-14.0323930557303,26.4511228610572,5.25354451394954,0.348527179317898,79.3011034113138
14.579660762091,-119.159047243656,-76.2371046770655,-95.9997497445152,-19.7626450674497,-99.8302782462564,-100.187138781918,-18.9719084617376,23.950034104853,4.18738903740326,0.356860535662094,80.4244937144687
14.6,-120.21504746321,-76.8147537353051,-96.3107931429132,-19.4960394076081,-99.8149809994573,-100.173969234037,-20.0410782291736,23.3592154987317,3.86317609112365,0.358988234579556,80.6779298264288
14.62737128204,-121.540858425969,-77.6013604668611,-98.1990306117476,-20.5976701448865,-101.266692987269,-101.625723544263,-19.9151348817055,24.024363077402,3.42669293251552,0.359030556994483,81.0280533993766
14.7,-124.499445070771,-79.7245271506997,-98.2365897393837,-18.512062588684,-100.056676976046,-100.415819834055,-24.0836252367161,20.6912926833556,2.17923009467155,0.359142858008809,81.9037572453713
14.8,-127.141271817172,-82.6698173490747,-100.602573093488,-17.9327557444134,-100.62447138883,-100.995921391078,-26.1453504260943,18.3261040420032,0.393348297589839,0.371450002247499,83.0631656466646
14.9,-128.024001973839,-85.5394625995109,-100.940179083445,-15.4007164839339,-99.1588121592781,-99.5169859350013,-28.5070160388377,13.9775233354904,-1.42319314844353,0.358173775723202,84.1162694510674
15,-127.136941065925,-88.2253718280538,-101.740064867471,-13.5146930394174,-98.2663450539601,-98.6361682192754,-28.5007728466501,10.4107963912216,-3.10389664819574,0.369823165315296,85.121475179858
15.1,-124.60068831768,-90.6297809643501,-103.826955268241,-13.1971743038904,-98.8516143033041,-99.228699093653,-25.3719892240266,8.59891812930287,-4.59825617458758,0.377084790348874,86.0315247897625
15.2,-120.642271823534,-92.6718392068294,-104.336865157976,-11.6650259511471,-98.2879014398899,-98.6651416890649,-21.9771301344696,5.99330248223544,-5.67172346891164,0.377240249174918,87.0001157379178
15.3,-115.606292289907,-94.2957373928788,-105.108146874367,-10.8124094814884,-98.2914393607727,-98.6726674382307,-16.9336248516758,4.37693004535194,-6.4354794361365,0.381228077458005,87.8602579567423
15.4,-109.807000553083,-95.4692812221006,-108.881183896846,-13.4119026747453,-101.637789485155,-102.036921831012,-7.77007872207042,6.56764060891155,-6.84426206583379,0.399132345857467,88.6250191562668
15.5,-103.58944275302,-96.1831797519476,-107.079681790889,-10.896502038941,-99.8942655480294,-100.295719810286,-3.29372294273375,4.11254005833821,-6.78396198060278,0.401454262256465,89.3992177713448
15.5898728102256,-97.9953030274415,-96.4458865921658,-105.325672480435,-8.87978588826893,-98.4318566934638,-98.8430995757148,0.847796548273351,2.397212983549,-6.48257290471993,0.411242882251003,89.9633136874459
15.6,-97.3726866176554,-96.4541041559319,-106.584396142821,-10.130291986889,-99.7534335516253,-100.165779450596,2.79309283294046,3.71167529466405,-6.41861669222496,0.412345898970585,90.0354874637069
15.6209527492935,-96.0969417398274,-96.457909725262,-108.047531976533,-11.5896222512709,-101.338609771905,-101.74865264422,5.65171090439219,5.29074291895759,-6.29887933231326,0.410042872314932,90.1590303929487
15.6580511596598,-93.8857596656847,-96.4223058762983,-105.90053155681,-9.47822568051161,-99.4561812863421,-99.8621464776444,5.9763868119597,3.43984060134613,-6.03838507916548,0.405965191302315,90.3839207971328
15.7,-91.477365785905,-96.3200601966197,-105.815899303634,-9.49583910701401,-99.7367732140575,-100.138127588129,8.660761802224,3.81806739150926,-5.67777171550475,0.401354374071417,90.6422884811149
15.7882979923462,-86.8326466910006,-95.9113773123703,-105.336695133734,-9.42531782136381,-100.156619841197,-100.570182058207,13.7375353672061,4.65880474583642,-4.76651307552739,0.413562217010067,91.1448642368429
15.8,-86.2693399567272,-95.8395746900106,-104.957786132951,-9.11821144294034,-99.9298148541534,-100.344994959268,14.0756550025412,4.50542026925774,-4.6127911736826,0.415180105114985,91.226783516328
15.8181815497583,-85.423470642474,-95.7207006065179,-104.737129029808,-9.01642842329018,-99.9396680796122,-100.358516260948,14.9350456184744,4.63781565443051,-4.37861276885967,0.41884818133623,91.3420878376583
15.8606800347661,-83.5868085908286,-95.4108726011097,-103.096422427857,-7.68554982674709,-98.831538351457,-99.2589604818992,15.6721518910706,3.84808788078958,-3.83746194595751,0.427422130442253,91.5734106551521
15.9,-82.0724654339643,-95.0890764410525,-105.215311003708,-10.1262345626559,-101.510146936056,-101.945501758233,19.8730363242687,6.85642531718051,-3.26980924547543,0.435354822177104,91.8192671955771
15.9540291390946,-80.3144037886108,-94.6025652481948,-102.840507638247,-8.23794239005184,-99.8909438488574,-100.324222319712,20.0098185311008,5.72165707151689,-2.51628531853495,0.433278470854248,92.0862799296598
16,-79.1111561061235,-94.1581977215159,-103.294062761721,-9.13586504020486,-100.977681594191,-101.409193395069,22.2980372889457,7.25099567355333,-1.88486936665153,0.431511800878511,92.2733283548644
16.0475962448387,-78.1634208691814,-93.6787473981122,-99.9731289571575,-6.29438155904529,-98.4087086990637,-98.8363619969965,20.6729411278151,5.15761459888436,-1.13676696016093,0.427653297932807,92.5419804379512
16.1,-77.4994499786639,-93.1405219491666,-100.734692288848,-7.5941703396814,-99.9346074231464,-100.358012485859,22.8585625071955,7.21749053669284,-0.376679802988562,0.423405062712988,92.763842146178
16.1582353122604,-77.210229989238,-92.5455468904552,-100.87210012734,-8.32655323688441,-100.949150078354,-101.368126355397,24.1578963661587,8.82257946494151,0.496026228057104,0.418976277042788,93.0415731185123
16.2,-77.3004434455193,-92.1305928030625,-99.2182976992275,-7.08770489616502,-99.8645195304847,-100.280319610073,22.9798761645533,8.14972680701017,1.06202191084515,0.415800079587981,93.1926147139076
16.2560688528348,-77.7871205367111,-91.6010960722633,-97.6066432270621,-6.00554715479876,-98.9978582930291,-99.418655002176,21.631534465465,7.81755892991275,1.81201177511399,0.420796709146984,93.4131078473773
16.3,-78.4500181185383,-91.2164407961141,-97.8195395234316,-6.60309872731749,-99.7674656163622,-100.192177291794,21.7421591732559,8.9757364956801,2.37263776836261,0.424711675431965,93.5890785644767
16.3596551837763,-79.744798644788,-90.7487218321155,-97.4903725409894,-6.74165070887388,-100.165626784569,-100.587006012821,20.8422073680326,9.83828418070512,3.09663347183124,0.421379228251951,93.8453553039467
16.4,-80.8647563568892,-90.474789399826,-95.6383563646969,-5.16356696487084,-98.7659603510836,-99.1850858444455,18.3203294875562,8.71029644461946,3.54672947974862,0.419125493361832,94.0215188795746
16.4513691582767,-82.5549859980866,-90.1828841132608,-95.6776063577613,-5.49472224450045,-99.3058567449257,-99.7255114858242,17.1705254877376,9.54262737256339,4.04790512806294,0.419654740898537,94.2307892413237
16.5,-84.3926509735563,-89.9712370702439,-94.1196142835543,-4.14837721331044,-98.1304701226728,-98.5506258987071,14.1579749251508,8.57938882846321,4.43101161515277,0.420155776034278,94.4022486853966
16.555267307115,-86.7088093336897,-89.812969653657,-95.77800267654,-5.96503302288293,-100.130351742792,-100.543837036472,13.8350277027823,10.730867382815,4.76583435993209,0.413485293679955,94.5788040135891
16.6,-88.7448918660545,-89.752271354763,-93.617307223651,-3.86503586888799,-98.2292881657963,-98.6373744513804,9.89248258532595,8.88510309661743,5.02006722772944,0.408086285584105,94.7723385824925
16.6664768043407,-92.003778170436,-89.7785653785905,-95.4031236319535,-5.62455825336292,-100.236425459579,-100.652693793046,8.64891562261043,10.8741284144559,5.249570161093,0.416268333467343,95.0281355396835
16.7,-93.7076963782114,-89.8456962762822,-94.4915265273954,-4.64583025111318,-99.3790141054329,-99.7994085155792,6.09171213736782,9.95371223929699,5.30788198818381,0.420394410146343,95.153578264466
16.7447165862898,-96.0238522684509,-89.9912841915885,-95.4372117901204,-5.44592759853187,-100.361883975202,-100.779774818139,4.75592254968777,10.7884906265502,5.34256302801829,0.417890842936501,95.3338472196068
16.8,-98.9311830451502,-90.2589845452147,-95.2804380675618,-5.02145352234709,-100.115298157572,-100.530093823679,1.59891077852836,10.2711092784639,5.24965575611678,0.414795666106244,95.5086403013315
16.860786770619,-102.100514477855,-90.6616112134615,-95.8659093073644,-5.20429809390288,-100.533417044644,-100.954741983275,-1.14577249458048,10.2931307698133,5.0888326759104,0.421324938630946,95.7504438893719
16.9,-104.098263291282,-90.9786503817263,-93.8912875495441,-2.91263716781788,-98.3246466970896,-98.7501836354467,-5.34807965583563,7.77153325372048,4.8588960859026,0.425536938357112,95.8375464676289
16.9479588271187,-106.4474943332,-91.4230975686854,-97.0565950378578,-5.63349746917244,-101.193018700011,-101.623165090708,-4.82432924249237,10.2000675220226,4.56657005285015,0.430146390696635,95.9896676215355
17,-108.861642650811,-91.9701221003953,-95.7840602807348,-3.81393818033952,-99.5430626576855,-99.9782108659932,-8.88343178481799,8.00808876559792,4.1941505852584,0.435148208307723,96.1642726856537
17.0564624553661,-111.280053819616,-92.6312256091479,-95.4437756065449,-2.81254999739704,-98.6728302744114,-99.1081708872601,-12.1718829323564,6.4769452781122,3.66439528071515,0.435340612848705,96.295620889863
17.1,-112.958934694448,-93.182068527433,-96.3127540993062,-3.13068557187324,-99.0843939330417,-99.5198829068009,-13.4390517876472,6.33781437936794,3.2071288074947,0.435488973759263,96.3891973349277
17.1629099446284,-115.076649917385,-94.0283820492497,-94.5684683256363,-0.540086276386589,-96.6857531677159,-97.12439334739,-17.9522565699953,3.09601129814033,2.55592502175374,0.43864017967411,96.5843070710035
17.2,-116.137063408823,-94.5489588689688,-97.0268455974857,-2.47788672851684,-98.6622985216172,-99.1027965697501,-17.0342668390725,4.55383770078129,2.07595097226445,0.440498048132909,96.6249098412333
17.2443746797895,-117.185591249841,-95.1858558703272,-94.5684638229743,0.617392047352851,-95.6206178389021,-96.0605724421913,-21.1250188076495,0.874716571864155,1.49210861921701,0.43995460328928,96.6779644895442
17.3,-118.135516950242,-95.9949144205569,-96.7600961881809,-0.765181767624043,-96.9856792647574,-97.4249526396167,-20.7105643106249,1.43003821905985,0.66485645143581,0.439273374859312,96.6597708719927
17.385486212339,-118.751786509281,-97.2274605098844,-97.852830184365,-0.625369674480666,-96.8356910009349,-97.2735246915087,-21.4782618177721,0.0460641816243168,-0.579305492856349,0.437833690573754,96.648155017028
17.4,-118.753796264749,-97.4320528155051,-97.3582595766945,0.0737932388106088,-96.1359802863126,-96.5735695483236,-22.1802267164251,-0.858483267181484,-0.784690028370875,0.437589262010974,96.6473627871342
17.4302160039759,-118.664642377778,-97.8510792451848,-94.4569076476567,3.39417159752804,-92.797439014306,-93.2391010772229,-25.425541300555,-4.61197816796189,-1.21780657043385,0.441662062916848,96.6332726747509
17.4720411618777,-118.324498765506,-98.4119553150753,-96.3023815416194,2.10957377345598,-94.0362510168309,-94.4835506730287,-23.8409480924776,-3.92840464204659,-1.81883086859061,0.447299656197799,96.5931244464847
17.5,-117.957221443173,-98.7717012662914,-98.8537130205929,-0.0820117543014476,-96.2186722029798,-96.6697404177641,-21.287481025409,-2.10196084852733,-2.18397260282877,0.451068214784272,96.5877286634627
17.5347190665794,-117.361411193043,-99.1985252282873,-95.2692144825934,3.92931074569388,-92.1896871612433,-92.6415935993559,-24.7198175936873,-6.55693162893141,-2.62762088323753,0.451906438112573,96.5709043450498
17.5796026332572,-116.35140454423,-99.7129379844637,-98.8137040609279,0.899233923535846,-95.148177891109,-95.6011679543403,-20.7502365898901,-4.11177003012341,-3.21253610658756,0.452990063231383,96.5004018778762
17.6,-115.803705093457,-99.9311363351213,-96.3153469075028,3.61578942761849,-92.4069687062156,-92.8604512236032,-22.9432538698538,-7.07068511151803,-3.45489568389954,0.453482517387684,96.4762406512217
17.6281332517124,-114.962386911778,-100.214641176687,-97.08475862623,3.1298825504568,-92.8537121416908,-93.3046681533829,-21.6577187583951,-6.90997302330389,-3.78009047284709,0.450956011692043,96.4345507038397
17.666428990622,-113.668487321668,-100.565779561143,-97.7449398729423,2.82083968820056,-93.0950836105016,-93.5426004746872,-20.1258868469808,-7.02317908645568,-4.20233939825512,0.44751686418563,96.3634401628878
17.7,-112.398459310155,-100.838307291265,-97.5895432400658,3.24876405119927,-92.6093184526584,-93.0538204735095,-19.3446388366456,-7.78448681775551,-4.53572276655623,0.444502020851161,96.3025845247088
17.8,-107.957991830711,-101.436211547597,-98.1211689666556,3.31504258094112,-92.362977432321,-92.8251466906281,-15.1328451400828,-8.61106485696864,-5.29602227602751,0.462169258307114,96.1401892715692
17.9,-102.729534806229,-101.686586115693,-96.2833972603875,5.40318885530517,-90.0506550144269,-90.5043400382511,-12.2251947679779,-11.1822460774416,-5.77905722213643,0.453685023824193,95.9075288935562
18,-96.9727032334396,-101.570133324617,-94.2940462218673,7.27608710274957,-87.777485563201,-88.237397823872,-8.73530540956766,-13.3327355007449,-6.05664839799535,0.459912260670976,95.5134849266216
18.1,-90.9572085777373,-101.084323028062,-95.2760059082477,5.80831711981418,-88.8284971201487,-89.2819652370376,-1.67524334069972,-11.8023577910242,-5.99404067121007,0.453468116888942,95.0902823568518
18.2,-84.9916879440502,-100.246435559708,-94.1811921737145,6.0652433859939,-88.0919764368517,-88.5443282561787,3.55264031212847,-11.7021073035297,-5.63686391753581,0.452351819326935,94.6095716421726
18.3,-79.3929820585279,-99.0913745890119,-90.7367668700993,8.35460771891258,-85.4956233310499,-85.9539532552164,6.56097119668848,-13.1374213337955,-4.78281361488295,0.458329924166492,94.308560974129
18.4,-74.5314207047516,-97.6767616895141,-88.7271304769372,8.94963121257685,-84.3472367447363,-84.8180645285207,10.2866438237691,-12.8586971609934,-3.90906594841653,0.470827783784415,93.7676957410975
18.5,-70.4938111013275,-96.0680591430102,-87.9446388571534,8.12342028585678,-84.6152167958549,-85.0846366240131,14.5908255226856,-10.9834225189972,-2.86000223314038,0.469419828158124,93.2080569098698
18.6,-67.4063076750892,-94.3349861543237,-86.9299127428865,7.40507341143719,-84.6784106458883,-85.1531934440407,17.7468857689516,-9.18179271028296,-1.77671929884578,0.474782798152475,92.5582668554779
18.7,-65.3978681885055,-92.5492107468144,-83.5036804936695,9.04553025314495,-82.5402433692838,-83.0148125596134,17.6169443711079,-9.53439818720102,-0.488867934056074,0.474569190329632,92.0603428127583
18.8,-64.5792381611631,-90.7881207736408,-80.6528410747149,10.1352796989259,-80.8032838965677,-81.2800195818362,16.7007814206732,-9.50810119180454,0.627178507121329,0.476735685268494,91.4152992807621
18.9,-64.8436485644527,-89.1219276767156,-78.7069565753109,10.4149711014047,-79.9283463052448,-80.3951583781154,15.5515098136627,-8.72676929860016,1.68820180280453,0.466812072870638,90.8101294795201
19,-66.0759176391199,-87.611031906957,-77.0917137645023,10.5193181424547,-79.1229241065274,-79.5904197164315,13.5145020773116,-8.02061219052547,2.49870595192918,0.467495609904105,90.1097378588861
19.1,-68.1030952414642,-86.3012438312797,-75.9712585814939,10.3299852497858,-78.6174896335111,-79.1018604864418,10.9987652449775,-7.19938334483795,3.13060190494787,0.484370852930624,89.4318457362276
19.2,-70.7049613162067,-85.2237370747982,-74.5354773227791,10.6882597520191,-77.5517483763574,-78.0297510169813,7.32478970077459,-7.19398605781694,3.49427369420216,0.47800264062387,88.7180107690004
19.3,-73.6446148714523,-84.3927974944,-71.7717215742215,12.6210759201785,-74.8835779417289,-75.3505707633249,1.70595589187261,-9.04222673107509,3.57884918910339,0.466992821596037,87.9716466835034
19.4,-76.6596750288666,-83.8056639806543,-73.550297379858,10.2553666007963,-76.5034921918363,-76.9882263319829,0.328551303116242,-6.81743764867146,3.43792895212484,0.484734140146557,87.2435929327792
19.5,-79.5652499426134,-83.445466029117,-70.7202660122828,12.7252000168341,-73.3184859993028,-73.8168805390887,-5.74836940352471,-9.62858549002824,3.09661452680588,0.498394539785949,86.5420805559229
19.6,-82.1328276693139,-83.2832509900094,-71.5832587004203,11.6999922895892,-73.6468351357239,-74.1550939724589,-7.977733696855,-9.12815701755048,2.57183527203868,0.50825883673501,85.8550862620481
19.7,-84.1638095040696,-83.2792663430839,-71.0300367082572,12.2492296348267,-72.2207556364427,-72.716398085631,-11.4474114184386,-10.5628682574529,1.68636137737383,0.495642449188367,84.9656277204577
19.7876590591639,-85.2513102803549,-83.3626809233738,-71.2928159775415,12.0698649458322,-71.6476468340996,-72.1586687664582,-13.0926415138966,-11.2040121569156,0.865852788916683,0.511021932358588,84.2285337122905
19.8,-85.3483549213506,-83.3783553961668,-70.558362568827,12.8199928273398,-70.7978404824036,-71.3110275907714,-14.0373273305792,-12.0673278053954,0.752665021944424,0.513187108367831,84.1310204181112
19.8353505455417,-85.5517490694375,-83.4261894976975,-70.6507515296713,12.7754379680262,-70.5891877945452,-71.1009695936438,-14.4507794757937,-12.3252199040536,0.450218063972528,0.511781799098657,83.87640756167
19.8711097225276,-85.6528206065002,-83.4770272922663,-71.3238373427231,12.1531899495431,-70.9030716766869,-71.4134319219705,-14.2393886845297,-12.0635953702957,0.0895945792474038,0.510360245283678,83.5666218715137
19.9,-85.6491560023754,-83.5180705547203,-71.5351298201101,11.9829407346102,-70.8546787234242,-71.3638904779533,-14.2852655244221,-12.1541800767669,-0.17123934215671,0.50921175452919,83.3468312125636
19.9409166461201,-85.5167758236864,-83.5732657357756,-72.0220094561438,11.5512562796318,-70.9315991033639,-71.4366759530883,-14.0800998705981,-12.1365897826874,-0.585333503055523,0.505076849724418,82.9879322327201
19.9942117618362,-85.1054356946105,-83.6338473666603,-71.4396757069887,12.1941716596716,-69.851627077907,-70.3513180944574,-14.7541176001531,-13.2825292722029,-1.08835761253128,0.499691016550344,82.545489754129
20,-85.0451429358089,-83.6393271574076,-71.388774524718,12.2505526326896,-69.7517953581358,-70.2509014339331,-14.7942415018758,-13.3884257234745,-1.13787309078491,0.499106075797272,82.5014540666227
20.0101393814321,-84.9325466940932,-83.6483043949574,-71.482058413468,12.1662459814894,-69.7571235788012,-70.2557199795303,-14.6768267145629,-13.3925844154271,-1.22633843393763,0.498596400729156,82.4219659610198
20.0279879286893,-84.7124899314793,-83.6620392412064,-71.7279527514552,11.9340864897512,-69.8319333913243,-70.3296326012731,-14.3828573302061,-13.3324066399333,-1.3983201501821,0.49769920994882,82.2637190910243
20.0515188539695,-84.3765839096409,-83.675655095339,-71.3099548046056,12.3657002907334,-69.1975776115803,-69.6940939953355,-14.6824899143055,-13.9815611000035,-1.61586080927012,0.496516383755178,82.0597942860689
20.0847200462735,-83.8196175644895,-83.6849249650531,-70.623867430265,13.0610575347881,-68.2407311339271,-68.7355785973381,-15.0840389671514,-14.949346367715,-1.8882888329269,0.49484746341102,81.7966361321262
20.1,-83.5322512080615,-83.6848499954127,-70.860151856346,12.8246981390668,-68.3467340336403,-68.8408134214534,-14.6914377866081,-14.8440365739593,-2.01933843489257,0.494079387813059,81.6655115605202
20.1286020763323,-82.9428369813891,-83.6765884541545,-72.4218975511644,11.25469090299,-69.6959944832982,-70.1916653746956,-12.7511716066935,-13.4849230794589,-2.23023217646887,0.495670891397381,81.4463562776856
20.1676698658885,-82.0367818940389,-83.6466788189455,-70.3002392540538,13.3464395648917,-67.2831161380512,-67.7809608760738,-14.2558210179651,-15.8657179428717,-2.51927837797994,0.497844738022621,81.1274004409655
20.2,-81.1985238059418,-83.6040809844803,-71.4538371919577,12.1502437925226,-68.2131678094457,-68.7128114911437,-12.4857123147981,-14.8912694933366,-2.74102570081402,0.499643681697975,80.8630552836663
20.2457466937553,-79.8896693739446,-83.5135893743707,-70.8720334090896,12.6415559652811,-67.3604451808686,-67.8639893888505,-12.0256799850941,-15.6495999855202,-3.00804402023905,0.503544207981946,80.5055453541316
20.3,-78.1716230008594,-83.3566979762346,-72.4826025559977,10.8740954202369,-68.7012734702923,-69.2094435086814,-8.96217949217805,-14.1472544675532,-3.27315904731633,0.508170038389082,80.0835389289182
20.3657986653036,-75.8880922776024,-83.0889893642283,-70.2368033213591,12.8521860428691,-66.230080859251,-66.7409859583973,-9.14710631920509,-16.3480034058309,-3.49581736296182,0.510905099146328,79.5931720012664
20.4,-74.6313969234135,-82.9148371305054,-70.857822342613,12.0570147878924,-66.7129194023683,-67.2252461523634,-7.40615077105015,-15.6895909781421,-3.63257619024967,0.512326749995054,79.2822609402558
20.4607416100481,-72.2774427988309,-82.5444346506125,-66.437389791617,16.1070448589955,-62.065932498974,-62.5778711332492,-9.69957166558168,-19.9665635173633,-3.85951865836781,0.511938634275168,78.6849159922447
20.5,-70.6750586509201,-82.2621966496351,-70.0985395570485,12.1636570925866,-65.6714305133131,-66.1831183014506,-4.49194034946946,-16.0790783481845,-3.91542125559792,0.511687788137479,78.3467753940372
20.5487090577815,-68.6389698604943,-81.8645900690857,-68.6928227152699,13.1717673538157,-64.2319709130459,-64.7534123988947,-3.88555746159962,-17.111177670191,-3.93941031637529,0.521441485848754,77.9251797527104
20.6,-66.4688453242683,-81.3895511005383,-68.2545097834068,13.1350413171315,-63.8275218039803,-64.3592339944683,-2.10961132979999,-17.03031710607,-3.89527578893852,0.531712190487937,77.4942753115997
20.6693020480287,-63.5404370116956,-80.658613888703,-66.6908450462539,13.9677688424491,-62.3943216854362,-62.9229639048889,-0.617473106806642,-17.7356499838141,-3.76788114136501,0.528642219452735,76.890732747338
20.7,-62.2653603763624,-80.3035234486957,-66.4441359697328,13.8593874789629,-62.2346953001272,-62.7619776488969,0.496617272534444,-17.5415457997989,-3.68215832083592,0.527282348769646,76.6213651278598
20.7469711112481,-60.3529008597013,-79.7252053600567,-67.7458358759837,11.9793694840729,-63.7192755452692,-64.248011908508,3.89511104880678,-15.4771934515487,-3.49782396747571,0.528736363238785,76.227381392581
20.8,-58.2758185396749,-79.0249426698427,-66.4937017389412,12.5312409309015,-62.668253845825,-63.1986317450947,4.92281320541977,-15.826310924748,-3.29506999384655,0.53037789926973,75.7298726759962
20.9,-54.6417065226433,-77.5846981763056,-62.1983666495935,15.3863315267121,-58.8414167917062,-59.3666043140112,4.72489779136797,-18.2180938622944,-2.83176233558231,0.525187522305046,74.7529358407233
21,-51.4491149943999,-76.0177875749906,-61.9016710005092,14.1161165744814,-59.2446479947455,-59.7760417927831,8.3269267983832,-16.2417457822075,-2.12562920772613,0.531393798037534,73.8921583672644
21.1,-48.9017697298168,-74.3682871280113,-59.4705066596991,14.8977804683122,-57.4354683106878,-57.9495507718641,9.04778104204728,-16.4187363561471,-1.52095588783497,0.514082461176372,72.8473312401763
21.1883139248857,-47.1426406663819,-72.8781079863768,-59.9381371318299,12.939970854547,-58.5491742368895,-59.0708543431207,11.9282136767388,-13.8072536432561,-0.867282788709154,0.521680106231166,72.0108251976677
21.2,-46.9507595852364,-72.6802532528665,-58.3621508368055,14.318102416061,-57.0658054956777,-57.5884909546991,10.6377313694627,-15.0917622981674,-0.773659882106372,0.522685459021417,71.9065933707601
21.2203146354596,-46.6399594223799,-72.336552054254,-57.9727262915982,14.3638257626558,-56.8112386413122,-57.3320906849873,10.6921312626074,-15.0044613692667,-0.640635606610857,0.520852043675077,71.6959164476431
21.2461422137571,-46.2878325042552,-71.900535811777,-58.6826256772507,13.2179101345263,-57.7274751121615,-58.2459961921083,11.9581636878531,-13.6545396196687,-0.436629485142447,0.518521079946794,71.4639063266345
21.2885532457354,-45.8192458019095,-71.1889190501425,-57.089309021536,14.0996100286066,-56.4877566024373,-57.0024500460458,11.1832042441363,-14.1864690040967,-0.0868589754901663,0.514693443608543,71.1020600746524
21.3,-45.7190457947412,-70.9981895050794,-57.4173066440564,13.580882861023,-56.9094286588407,-57.4230890218913,11.7040432271501,-13.5751004831881,0.00578237783489755,0.513660363050626,71.0039718829142
21.3206986563117,-45.562476498351,-70.6551675990157,-56.7451219728811,13.9100456261346,-56.3865642800468,-56.9004254808254,11.3379489824744,-13.7547421181903,0.155303507944254,0.513861200778621,70.8104711069599
21.370556210106,-45.3167571372507,-69.8408968177271,-55.4608905820551,14.380006235672,-55.4876113968401,-56.0019563622495,10.6851992249988,-13.8389404554776,0.541065780194366,0.514344965409357,70.3819625979214
21.4,-45.2599081958066,-69.3697428540237,-56.3624664901713,13.0072763638524,-56.5875490646537,-57.1021797212585,11.8422715254518,-12.2675631327652,0.739713231087194,0.514630656604808,70.1094560851109
21.4575247064005,-45.305325298259,-68.4745297763828,-52.6947663965769,15.7797633798059,-53.2598378944356,-53.7695225679428,8.46419726968379,-14.70500720844,1.07475617136587,0.509684673507216,69.5492859477487
21.5,-45.4778060310232,-67.8381109124988,-54.3111504405638,13.526960471935,-55.136904145262,-55.6429367864973,10.1651307554741,-12.1951741260016,1.33178634593348,0.506032641235279,69.1698972584323
21.5496152836432,-45.810693935396,-67.1249749835786,-52.579225421598,14.5457495619806,-53.6749228805133,-54.1758026473969,8.36510871200088,-12.9491723361818,1.59657722579886,0.500879766883578,68.7215522093775
21.6,-46.2838671829463,-66.437394458025,-51.8213352069465,14.6160592510784,-53.1557387708372,-53.6513857527084,7.36751856976215,-12.7860087053166,1.83005054576187,0.495646981871211,68.2674450037868
21.6596330802273,-47.0144291204994,-65.6756433080478,-52.262548927284,13.4130943807639,-53.8176062699027,-54.3031798168421,7.28875069634267,-11.3724634912058,2.04063088955809,0.485573546939371,67.7162741976059
21.7,-47.5885608535543,-65.1939747122035,-50.9828299737765,14.211144738427,-52.666992881939,-53.1457475032388,5.55718664968449,-12.0482272089647,2.16291752946223,0.4787546212998,67.3568922416657
21.7528197301497,-48.4207852823138,-64.6067175880255,-51.7272015545511,12.8795160334744,-53.5284926933625,-54.0031612619216,5.58237597960778,-10.6035563261039,2.27595970737052,0.474668568559025,66.882677295396
21.8,-49.2326919527506,-64.124322606912,-50.7589838544086,13.3653387525034,-52.6361995863279,-53.1072183620844,3.87452640933375,-11.0171042448276,2.3482345076758,0.471018775756477,66.4725571145878
21.861396413728,-50.3325165693263,-63.5566440665537,-50.0993032424536,13.4573408241001,-51.9449041765729,-52.4184531957828,2.08593662645644,-11.1381908707709,2.31914995332922,0.473549019209912,65.8757940198829
21.9,-51.0183819874321,-63.2336623804632,-48.9744367373205,14.2592256431427,-50.764209384961,-51.2393493191041,0.220967331672028,-11.994313061359,2.26491258178366,0.475139934143094,65.4985749622468
21.9454122871883,-51.8047064222383,-62.8858253899396,-48.0168913617848,14.8689340281548,-49.6849774265774,-50.1632664394043,-1.64143998283402,-12.7225589505353,2.14637507761952,0.478289012826956,65.0322004675591
22,-52.6952407575616,-62.5109612332588,-35.4009091052251,27.1100521280337,-36.8001267554155,-37.2822011094675,-15.4130396480941,-25.2287601237913,1.88129200424241,0.482074354051967,64.3922532375012
22.0472937562834,-53.2789249697999,-62.2198298693076,-40.0938732072026,22.125956662105,-40.9405487126705,-41.4308861211079,-11.848038848692,-20.7889437481997,1.33701291390533,0.490337408437355,63.5568427832129
22.1,-53.717144849655,-61.9229593742002,-52.0311218243568,9.89183754984346,-52.6086045915551,-53.1081507115118,-0.608994138143181,-8.81480866268838,1.07702888715508,0.49954611995669,62.9999882613553
22.1710695009993,-54.3099581614557,-61.5610816140899,-60.010633474401,1.55044813968893,-60.8012710371591,-61.3068220519957,6.99686389054007,-0.254259562094155,1.29618857759478,0.505551014836691,62.8572701916847
22.2,-54.6135749750184,-61.4271891839416,-57.4924830310206,3.93470615292104,-58.3773245497252,-58.8853199971649,4.2717450221465,-2.54186918677672,1.39283696614432,0.50799544743974,62.8200261500859
22.2367467786819,-55.0242321950999,-61.2693317995926,-49.4083987353543,11.8609330642384,-50.304239703538,-50.8050755592999,-4.2191566358,-10.4642562402928,1.39667682394559,0.500835855761835,62.6660086235382
22.3,-55.62245544274,-61.0280438289073,-37.5131943407997,23.5148494881076,-37.9033969433323,-38.3919088008228,-17.2305466419171,-22.6361350280845,0.87871446002314,0.488511857490565,61.9067582889304
22.3856979924839,-55.7922146522708,-60.7397790479549,-46.0189880353794,14.7207910125756,-45.5191673063332,-46.0005761326326,-9.79163851963816,-14.7392029153223,-0.0184119027467631,0.481408826299443,60.7213671452082
22.4,-55.762215769327,-60.6933099610767,-49.0388807908055,11.6544291702712,-48.4525189562806,-48.9327423685168,-6.82947340081017,-11.7605675925598,-0.106138422288666,0.480223412236199,60.587171538788
22.4202973888498,-55.7039925316495,-60.6275231511693,-53.7632505260419,6.86427262512734,-53.1142280583512,-53.5945700436391,-2.1094224880104,-7.0329531075302,-0.168680482402863,0.480341985287907,60.4588426687664
22.450604735069,-55.6104930468478,-60.5293819404808,-59.6060875057752,0.923294434705518,-58.9792920930749,-59.4598111274678,3.84931808062004,-1.06957081301297,-0.146276378307455,0.480519034392934,60.3831055621733
22.5,-55.5147905821871,-60.370284839483,-61.8419384839523,-1.47165364446929,-61.4210739165594,-61.9018815076404,6.38709092545329,1.53159666815739,0.0599430236880991,0.480807591080989,60.4302278631711
22.6,-55.4958547089352,-60.0608173570847,-41.6269079170176,18.433909440067,-41.1123971523518,-41.5699376822043,-13.9259170267309,-18.4908796748804,-0.0569702348133632,0.457540529852444,60.0038471222713
22.7,-54.7940173362916,-59.7531307388869,-45.1572144296448,14.5959163092421,-43.5861670720153,-44.0425777869401,-10.7514395493515,-15.7105529519468,-1.11463664270469,0.456410714924807,58.6384940961822
22.8,-53.5187981142629,-59.3959995771878,-63.4739776193272,-4.07797804213938,-61.9768899474886,-62.4293644862281,8.91056637196515,3.03336490904021,-1.04461313309917,0.452474538739494,58.3513864440887
22.9,-52.5863853476706,-58.9903870649684,-49.1233571472519,9.86702991771641,-47.88347583219,-48.3412735925467,-4.24511175512392,-10.6491134724217,-0.782083554705267,0.457797760356669,58.2083035102631
23,-51.3764910067889,-58.5471999604824,-39.7450568630578,18.8021430974246,-37.887862908221,-38.3532491756106,-13.0232418311783,-20.1939507848718,-1.39180768744716,0.465386267389604,57.1553922730352
23.1,-49.6660351298568,-58.0362377847766,-60.6026918241913,-2.56645403941473,-58.6388518569535,-59.1152369600786,9.44920183022176,1.078999175302,-1.48745486411273,0.476385103125068,56.5487829206638
23.2,-48.3668137264933,-57.457582782676,-55.7982386681901,1.65934411448593,-54.5661496175706,-55.0425257321398,6.67571200564656,-2.4150570505362,-0.755712936050273,0.476376114569199,56.7018698466258
23.3,-47.3394169267239,-56.8469814651111,-35.640411391587,21.2065700735242,-34.1954541497589,-34.6714929145813,-12.6679240121426,-22.1754885505298,-0.968918477005637,0.47603876482242,55.8780629881055
23.4,-45.9275699546805,-56.1968795416453,-54.3774594903678,1.81942005127749,-52.8223694270906,-53.3149072579316,7.38733730325108,-2.88197228371374,-1.06255223243625,0.492537830840945,55.134327309209
23.5,-45.0143265901997,-55.5080891581788,-61.0664265015975,-5.5583373434187,-60.5640304416647,-61.0769295927658,16.0626030025662,5.56884043458705,0.0105030911683457,0.512899151101159,55.5185922493471
23.6,-44.9179173897995,-54.835291134325,-39.9047084090227,14.9305827253024,-39.6967398312963,-40.2078097998058,-4.71010758999365,-14.6274813345192,0.303101390783148,0.511069968509545,55.1383925251082
23.7,-44.684940860898,-54.1979051739661,-45.4785787807926,8.71932639317357,-44.9706447069812,-45.4852655029359,0.800324642037957,-8.71263967103021,0.00668672214335686,0.514620795954727,54.2045918961095
23.8,-44.582215902748,-53.5854699595353,-61.2389078625572,-7.65343790302191,-61.3420996062341,-61.8490739196983,17.2668580169503,8.26360396016302,0.610166057141107,0.506974313464156,54.1956360166764
23.9,-45.2816665025536,-53.0311115358892,-45.3343091432149,7.69680239267433,-46.084025832212,-46.593387709989,1.31172120743543,-6.4377238259002,1.25907856677413,0.509361877777053,54.2901901026633
24,-46.0909926631081,-52.5655326891412,-39.2072836090537,13.3582490800875,-39.5703044945137,-40.0893209561615,-6.00167170694667,-12.4762117329797,0.882037347107719,0.519016461647794,53.4475700362489
24.1,-46.6324427882639,-52.1704694998458,-57.5698512749244,-5.39938177507862,-57.9629546251688,-58.4780258467382,11.8455830584742,6.30755634689239,0.908174571813774,0.5150712215694,53.0786440716596
24.2,-47.7163120027391,-51.8481993173509,-55.6127617029472,-3.76456238559628,-56.8229110746549,-57.3412847559762,9.62497275323716,5.49308543862535,1.72852305302907,0.518373681321307,53.57672237038
24.3,-49.2514573338969,-51.6355124897754,-36.2768310257179,15.3586814640575,-37.2214896977943,-37.742213514167,-11.5092438197299,-13.8932989756085,1.46538248844905,0.520723816372637,53.1008949782245
24.4,-50.2172002376167,-51.517576325899,-47.3759287581289,4.14164756777009,-47.774897705584,-48.2913747805698,-1.92582545704685,-3.22620154532918,0.915446022440904,0.51647707498585,52.4330223483399
24.4862735228858,-51.0148230776852,-51.4665544941535,-61.6026797777605,-10.1361252836069,-62.3538888997564,-62.8674346140414,11.8526115363562,11.4008801198879,1.26475483628096,0.51354571428498,52.7313093304345
24.5,-51.1823363101941,-51.4632380260133,-61.9474390471913,-10.484201021178,-62.7871917672473,-63.3002710898256,12.1179347796316,11.8370330638124,1.35283204263439,0.513079322578371,52.8160700686477
24.5234959158504,-51.4963099449425,-51.4613018484645,-59.2755792936322,-7.81427744516766,-60.249834531648,-60.7678009039553,9.27149095901286,9.30649905549078,1.49222161032312,0.517966372307299,52.9535234587877
24.5580662500247,-52.0052270290532,-51.4677569940624,-53.8688926709277,-2.40113567686533,-54.9524590664287,-55.477615919981,3.47238889092778,4.00985892591856,1.60872324905323,0.525156853552275,53.0764802431156
24.6,-52.6332083294534,-51.4910637935149,-43.4309961093292,8.06006768418577,-44.3834754833129,-44.917354377017,-7.71585395243638,-6.57370941649796,1.48635826768781,0.533878893704049,52.9774220612028
24.6487106311145,-53.2374920146514,-51.5371794095998,-35.6487151943481,15.8884642152516,-36.1676809210995,-36.6976442133806,-16.5398478012708,-14.8395351962191,1.0489290190325,0.529963292281117,52.5861084286323
24.7,-53.6317171537559,-51.6009003821262,-38.2580846661749,13.3428157159513,-38.2372605912011,-38.7631009903643,-14.8686161633916,-12.8377993917619,0.505016324189384,0.525840399163229,52.1059167063156
24.7667912200483,-53.819156421103,-51.6932190403074,-54.2817228982509,-2.58850385794356,-53.8455999593506,-54.369453681207,0.550297260103967,2.6762346408996,0.0877307829560365,0.523853721856412,51.7809498232634
24.8,-53.866217039176,-51.7396570474686,-60.498762709468,-8.75910566199943,-60.0921232521691,-60.6149891925555,6.74877215337951,8.87533214508695,0.116226483087523,0.522865940386481,51.8558835305561
24.8423583850272,-53.9747953049808,-51.7993992901886,-63.6990578389405,-11.8996585487519,-63.5153302337362,-64.0326709584407,10.0578756534599,12.2332716682521,0.333613119500143,0.517340724704447,52.1330124096888
24.9,-54.2871910194748,-51.8856900191083,-57.0419161205705,-5.15622610146227,-57.1323387148224,-57.6421606836824,3.35496966420761,5.75647066457414,0.600244563111872,0.509821968859974,52.4859345822202
24.9680261947081,-54.7061026452773,-52.0004303333971,-42.7838865105243,9.21654382287287,-42.6978081555799,-43.2083413430746,-11.4977613022027,-8.79208899032251,0.42445483255036,0.510533187494715,52.4248851659475
25,-54.816788535145,-52.0580701672363,-39.6606953768307,12.3973747904056,-39.2672980874184,-39.7781655632891,-15.038622971856,-12.2799046039473,0.117470186458306,0.510867475870612,52.1755403536946
25.0485362437255,-54.7872429279575,-52.1449706901252,-39.6261597034631,12.5188109866621,-38.6935610876182,-39.2073248524605,-15.579918075497,-12.9376458376647,-0.418834851002593,0.513763764842345,51.7261358391226
25.1,-54.513110322049,-52.2288615600806,-48.6910244176193,3.53783714246126,-47.4097245178267,-47.9265592642346,-6.58655105781438,-4.30230229584594,-0.764465153384677,0.516834746407888,51.4643964066959
25.1515349155527,-54.1591578917959,-52.2990715152818,-59.2016357411368,-6.90256422585502,-57.935086889977,-58.4502358524694,4.29107796067355,6.15116433718766,-0.751399888667358,0.515148962492489,51.5476716266144
25.2,-53.8901996629525,-52.3528890068024,-61.3822629086833,-9.02937390188099,-60.3735176980957,-60.8870812954247,6.99688163247227,8.53419228862238,-0.495181613258616,0.513563597329025,51.8577073935437
25.2572858268531,-53.7277945883233,-52.4062302450645,-58.0497087964336,-5.64347855136914,-57.3196644045274,-57.8363476221764,4.10855303385306,5.43011737711185,-0.213361174257294,0.516683217648982,52.1928690708072
25.3,-53.6525518470437,-52.4418558890506,-47.1801431854377,5.26171270361296,-46.4207348501216,-46.9397441580065,-6.71280768903719,-5.50211173104414,-0.240399027431181,0.519009307884893,52.2014568616194
25.3450054401924,-53.5087535400138,-52.4753571712727,-38.8380331493803,13.6373240218924,-37.8110284570691,-38.327682672905,-15.1810708671088,-14.1476744983677,-0.510350476475331,0.516654215835906,51.9650066947974
25.4,-53.1220170006511,-52.5060158516772,-39.6430564342043,12.8629594174729,-38.0830478231842,-38.596824225805,-14.5251927748461,-13.9091916258722,-1.04623220839935,0.513776402620735,51.4597836432778
25.4641006740077,-52.3319380753664,-52.5160154317881,-50.2537845688094,2.26223086297868,-48.256761051634,-48.7799486726701,-3.5519894026963,-3.73606675911797,-1.47383589613929,0.523187621036165,51.0421795356488
25.5,-51.8204297295089,-52.5056988715948,-57.7166572520903,-5.21095838049544,-55.7745270865727,-56.3029854228253,4.48255569331643,3.79728655123048,-1.41367182926496,0.528458336252662,51.0920270423299
25.5513151052147,-51.1848782632079,-52.4718567974125,-62.1051045598783,-9.63324776246583,-60.5417715868192,-61.0710959031464,9.88621763993851,8.59923910573398,-1.03400865673185,0.529324316327191,51.4378481406806
25.6,-50.757021115588,-52.4240812123008,-58.9618767887914,-6.53779557649063,-57.7678075530823,-58.297953462752,7.54093234716394,5.87387225045119,-0.663923326039438,0.530145909669706,51.7601578862613
25.6513150423418,-50.4639081198981,-52.3635215077199,-48.9589187899004,3.40460271781955,-48.0013837134735,-48.5365493208144,-1.92735879908361,-3.8269721869055,-0.42236946908595,0.535165607340907,51.941152038634
25.7,-50.209521548182,-52.2997618420987,-39.2408836757436,13.0588781663552,-38.1665442144879,-38.7064722415293,-11.5030493066527,-13.5932896005694,-0.534411434214242,0.539928027041377,51.7653504078845
25.7755487275268,-49.5558672919389,-52.1839733002906,-41.1262787211181,11.0576945791726,-39.5463729369868,-40.1042852143606,-9.45158207757834,-12.07968808593,-1.02199350675748,0.557912277373823,51.1619797935332
25.8,-49.2698603041461,-52.1397869548883,-42.8859705122289,9.2538164426594,-41.1695120179,-41.7332448804709,-7.5366154236752,-10.4065420744173,-1.15272563175794,0.563732862570951,50.9870613231303
25.8314849688787,-48.8702129051724,-52.0768592987054,-49.2972895506137,2.77956974809178,-47.5412717005945,-48.1070127175568,-0.763200187615531,-3.96984658114862,-1.19027683305683,0.565741016962313,50.8865824656486
25.8777251356192,-48.303018347436,-51.9720456367411,-57.6422376861823,-5.67019204944118,-56.0673450354153,-56.6360353134759,8.33301696603993,4.66398967673479,-1.0062023727064,0.568690278060679,50.9658432640347
25.9,-48.0709407963144,-51.9169283042154,-61.0562096351826,-9.13928133096724,-59.6642578515354,-60.2343688509217,12.1634280546073,8.31744054670635,-0.821840784260893,0.57011099938633,51.0950875199545
25.9416584070753,-47.7512544105708,-51.8082350495097,-63.7994580749255,-11.9912230254158,-62.8236274246561,-63.4001260283403,15.6488716177694,11.5918909788306,-0.399332046585229,0.5764986036842,51.4089030029244
26,-47.5700083035929,-51.651193296146,-55.5489057325659,-3.89771243641995,-55.0456935720793,-55.6311378613015,8.06112955770861,3.97994456515546,0.0822321287355123,0.585444289222202,51.7334254248815
26.0765678879135,-47.5243851006677,-51.4497323661099,-41.2440395641489,10.205692801961,-40.6847265450255,-41.2736246442873,-6.25076045638036,-10.1761077218226,0.0295850801383608,0.588898099261769,51.4793174462483
26.1,-47.4744757351057,-51.3893314447917,-37.9418787063489,13.4474527384428,-37.2568517027689,-37.8468067733822,-9.62766896172349,-13.5425246714094,-0.0950719329666754,0.589955070613307,51.294259511825
26.1298041923264,-47.3643120552959,-51.3123313730805,-38.8908370324802,12.4214943406003,-38.0055601450725,-38.5951859660664,-8.76912608922943,-12.7171454070141,-0.295651066413754,0.58962582099393,51.0166803066668
26.2,-46.9269661487614,-51.1248371763195,-48.9813813121852,2.14345586413428,-47.8597057025689,-48.4485560641004,1.52158991533904,-2.67628111221911,-0.532825248084826,0.588850361531527,50.5920119282347
26.3,-46.4435005395981,-50.8387679557017,-62.8013342375355,-11.9625662818338,-62.31269073639,-62.8943110606834,16.4508105210853,12.0555431049817,0.0929768231479073,0.581620324293439,50.9317447788496
26.4,-46.7669157981099,-50.5655730298263,-51.1335386727355,-0.567965642909137,-51.3452982717406,-51.9250708386738,5.15815504056393,1.35949780884753,0.791532165938392,0.579772566933251,51.3571051957647
26.5,-47.277244290874,-50.3416514455088,-36.6074891934572,13.7341622520515,-36.5126027802335,-37.1059571528756,-10.1712871379984,-13.2356942926331,0.498467959418413,0.593354372642168,50.8401194049272
26.6,-47.3482421919778,-50.1508314716414,-51.1032254306873,-0.952393959045907,-50.6243909328107,-51.228370307337,3.88012811535916,1.07753883569565,0.125144876649742,0.603979374526304,50.2759763482911
26.7,-47.6244750389069,-49.9769643616512,-63.6739311328262,-13.696966771175,-64.0057279754897,-64.6013602937668,16.9768852548599,14.6243959321156,0.927429160940576,0.595632318277026,50.9043935225918
26.8,-48.7502384735623,-49.8604191523211,-47.3466044489483,2.51381470337278,-48.2362799352921,-48.8319855247362,0.0817470511738634,-1.0284336275849,1.48538107578788,0.595705589444044,51.345800228109
26.9,-49.8886912196483,-49.829234854983,-38.1965681131337,11.6326667418492,-38.5195071986705,-39.1042155603158,-10.7844756593325,-10.7250192946672,0.90764744718205,0.584708361645298,50.736882302165
27,-50.4620077743436,-49.8536700885848,-53.0324273836727,-3.17875729508788,-52.9212869251604,-53.511061245966,3.04905347162241,3.65739115738114,0.478633862293258,0.589774320805581,50.3323039508781
27.1,-51.1408016994181,-49.9110782097135,-60.5689421402023,-10.6578639304887,-61.0342294471847,-61.6356936897518,10.4948919903337,11.7246154800383,1.06675154954959,0.601464242567161,50.9778297592631
27.2,-52.3490709921947,-50.0269987084727,-44.2835529981157,5.74344571035707,-44.9458541659758,-45.5418452372754,-6.80722575491928,-4.48515347119731,1.25829223915976,0.595991071299579,51.2852909476325
27.3,-53.1921628714075,-50.2068151184573,-39.3338427096499,10.8729724088074,-39.0454809066011,-39.6155117336709,-13.5766511377366,-10.5913033847864,0.281669024021006,0.570030827069786,50.4884841424783
27.4,-53.1859584893363,-50.3998094440508,-54.7125689757783,-4.31275953172749,-53.8435603230867,-54.4225584656924,1.23659997635608,4.02274902164157,-0.290010510085928,0.578998142605663,50.1097989339649
27.5,-53.1483937245618,-50.573514841758,-61.9101120539572,-11.3365972121992,-61.5249799747489,-62.1380471927912,8.98965346822946,11.5645323510332,0.227935138834027,0.613067218042303,50.8014499805921
27.6,-53.5601373076606,-50.7497720134576,-45.5520512130025,5.19772080045509,-45.3412996249126,-45.9617269134024,-7.59841039425815,-4.78804510005519,0.409675700399902,0.6204272884898,51.1594477138575
27.7,-53.6216209267075,-50.9352619523803,-39.3304550435788,11.6048069088016,-38.2215011632783,-38.8469129571253,-14.7747079695822,-12.0883489952551,-0.48354208645349,0.625411793847,50.4517198659268
27.8,-52.8450781395584,-51.0841545649225,-52.8574445086563,-1.77328994373377,-51.2433451402255,-51.8735973656824,-0.971480773875946,0.789442800759971,-0.983847142973801,0.630252225456957,50.1003074219487
27.9,-52.1273040780205,-51.1700927761237,-62.2024820260852,-11.0323892499615,-61.1885412489573,-61.8303901181277,9.70308604010721,10.660297342004,-0.372091907957461,0.641848869170438,50.7980008681662
28,-51.9769080123647,-51.2246808538663,-49.9890125214194,1.23566833244693,-49.2505439040622,-49.9152687043536,-2.06163930801107,-1.30941214951274,-0.0737438170658038,0.664724800291403,51.1509370368005
28.1,-51.6003972657341,-51.2640706433445,-37.2112623411728,14.0528083021717,-35.782952460857,-36.4649240664655,-15.1354731992686,-14.799146576879,-0.746338274707284,0.681971605608481,50.5177323686372
28.2,-50.4636616219089,-51.251900843112,-53.2483744922369,-1.99647364912494,-51.2712556324457,-51.9532746301539,1.48961300824502,0.701373787041916,-1.29509986208303,0.682018997708155,49.956800981029
28.3,-49.306256148372,-51.1619249173701,-63.8304368693738,-12.6685119520038,-62.3732167305378,-63.057408331404,13.7511521830319,11.8954834140339,-0.773028537969871,0.684191600866164,50.3888963794002
28.4,-48.8037073178574,-51.0240284130195,-53.9589019172724,-2.93487350425287,-53.2042280300776,-53.8928830353298,5.08917571747231,2.86885462231024,-0.0660188819426253,0.688655005252187,50.9580095310769
28.5,-48.5145006754912,-50.8748099158475,-39.3183369209678,11.5564729948797,-38.2925790034363,-38.9746891614776,-9.53981151401361,-11.90012075437,-0.343647759490239,0.68211015804129,50.5311621563573
28.6,-47.8004141631154,-50.703840054161,-47.4146275712648,3.2892124828962,-45.9601071936169,-46.6557951786758,-1.14461898443955,-4.04804487548524,-0.758832392589035,0.695687985058932,49.945007661572
28.7,-47.0927872619434,-50.4931460764948,-60.74265141701,-10.2495053405152,-59.9151368125916,-60.614443874883,13.5216566129397,10.1212977983883,-0.12820754212693,0.699307062291439,50.3649385343678
28.7852363658923,-47.1426741535655,-50.3062084461719,-59.277804884083,-8.97159643791105,-59.2102272540276,-59.9245108892349,12.7818367356694,9.61830244306299,0.646706005151948,0.714283635207302,50.9529144513239
28.8,-47.2119524915812,-50.2759546112452,-54.3558543321056,-4.07989972086035,-54.365520465596,-55.0823981654423,7.87044567386103,4.80644355419705,0.726543833336706,0.716877699846293,51.0024984445819
28.8242088556146,-47.3475291918254,-50.2285770810204,-52.9640300360756,-2.73545295505522,-53.0815049620556,-53.7983982914897,6.45086909966432,3.56982121046926,0.834368255414049,0.716893329434122,51.0629453364345
28.8596466172169,-47.573516525134,-50.1647795057601,-42.4054863291999,7.75929317656012,-42.5342629375518,-43.2511791461181,-4.32233737901597,-6.91360035964198,0.845692816918138,0.716916208566296,51.0104723226782
28.9,-47.8035198971777,-50.1000529538453,-41.1605521926486,8.93950076119673,-41.1176832238339,-41.8346254851286,-5.9688944120491,-8.26542746871669,0.674073292480031,0.716942261294705,50.7741262463253
28.969953517823,-48.0157656042195,-50.0025839941786,-38.5776096133279,11.4249743808507,-38.1214493782607,-38.8513421425257,-9.16442346169388,-11.151241851653,0.273732529197758,0.729892764264974,50.2763165233764
29,-48.0224680380802,-49.9638388542534,-40.2676243085622,9.6962145456912,-39.6338270130432,-40.3692822860824,-7.65318575199773,-9.59455656817099,0.101657977520205,0.735455273039207,50.0654968317736
29.0386723104554,-47.979055598355,-49.9145707579041,-46.0009884488506,3.91358230905347,-45.288405482645,-46.0172911879636,-1.96176441039142,-3.89727956994049,0.0163027391129802,0.728885705318554,49.930873497017
29.1,-47.954468568057,-49.8370107974206,-57.6794996805726,-7.84248888315206,-57.2210796584266,-57.9395471496568,9.98507858159978,8.10253635223626,0.260047469084206,0.71846749123025,50.0970582665048
29.1874313799336,-48.3575415244876,-49.7399245342997,-59.8050417827054,-10.0651172484057,-60.1495903932687,-60.8857410975984,12.5281995731107,11.1458165632987,1.08069931489295,0.736150704329638,50.8206238491926
29.2,-48.477205373828,-49.7290245991358,-61.3358823314811,-11.6068577323453,-61.7853011045255,-62.5239938433875,14.0467884695595,12.7949692442517,1.18811151190636,0.73869273886195,50.9171361110421
29.249062684077,-49.0437149268723,-49.6979496871915,-52.1343223829228,-2.43637269573134,-52.8484540034648,-53.5806782438056,4.53696331693331,3.88272855661409,1.44635586088275,0.73222424034082,51.1443055480742
29.3,-49.7085212952811,-49.6874236771895,-44.6635043140676,5.02391936312191,-45.3497563266532,-46.0752649141732,-3.63325638110793,-3.61215876301636,1.41176060010555,0.725508587519997,51.0991842772951
29.3636627458179,-50.4230571762262,-49.7037462359879,-38.1521106392861,11.5516355967018,-38.4793315786562,-39.1994220169921,-11.2236351592342,-10.5043242189958,1.04731137770592,0.720090438335895,50.7510576136938
29.4,-50.7174575997212,-49.7244516187208,-35.9872261106718,13.737225508049,-35.9764273880753,-36.6934252695073,-14.0240323302139,-13.0310263492135,0.706199158835432,0.716997881432007,50.4306507775562
29.4544949964508,-50.9540585929736,-49.7642268377867,-43.8853957343469,5.87883110343976,-43.4651695928921,-44.1835294705683,-6.77052912240531,-5.58069736721838,0.298133736221381,0.718359877676257,50.0623605740081
29.5,-51.0400942355779,-49.8007357679638,-49.9550868955828,-0.15435112761898,-49.4007970522609,-50.1202942388272,-0.919799996750726,0.319558470863413,0.165207343244433,0.719497186566336,49.9659431112082
29.5869520576233,-51.263242452791,-49.874471692602,-61.1474196438237,-11.2729479512217,-60.953063717554,-61.6616506045197,10.3984081517287,11.7871789119177,0.514230960695983,0.708586886965733,50.388702653298
29.6,-51.3328353734881,-49.886633140803,-61.9289750321943,-12.0423418913913,-61.8198907885663,-62.5268404864374,11.1940051129493,12.6402073456344,0.597865454243077,0.706949697871053,50.4844985950461
29.6261369222479,-51.5080085265783,-49.9127143951886,-59.5888204119357,-9.67610601674708,-59.6848408906329,-60.3935327342089,8.88552420763061,10.4808183390203,0.804712322273211,0.708691843576027,50.7174267174618
29.6576263345267,-51.7846575208604,-49.9481651697753,-58.6741135044365,-8.72594833466123,-58.9687830722282,-59.6795738295108,7.89491630865039,9.73140865973552,1.00546032507429,0.710790757282581,50.9536254948496
29.7,-52.2289794847082,-50.0046622191428,-53.5080577887463,-3.50339556960349,-53.9342369776887,-54.6478521340573,2.41887264934913,4.64318991491449,1.139794345311,0.713615156368597,51.1444565644538
29.74794222202,-52.748328260029,-50.0819832181024,-45.4299788475462,4.65200437055618,-45.7152189490657,-46.4324078952898,-6.31592036473928,-3.64957532281266,1.00242904774353,0.717188946224077,51.0844122658459
29.8,-53.178454246639,-50.1796702820843,-37.6938935932928,12.4857766887915,-37.5097215383842,-38.2307910631673,-14.9476631834717,-11.948879218917,0.536897469874525,0.721069524783125,50.7165677519588
29.8513141051276,-53.3365667302237,-50.2826079382106,-37.7739537579963,12.5086541802144,-37.0343643295528,-37.7632352356103,-15.5733314946135,-12.5193727026003,-0.0107185223859716,0.728870906057509,50.2718894158246
29.9,-53.2473821888989,-50.3780279516068,-42.517770378993,7.86025757261377,-41.3192147396472,-42.0554874551612,-11.1918947337377,-8.3225404964456,-0.462282923831829,0.736272715513977,49.9157450277749
29.9544499407426,-52.9475237865797,-50.4740826657766,-51.3061031802779,-0.832020514501302,-49.8571245925023,-50.5922838376128,-2.3552399489669,0.118201171836148,-0.713819342665154,0.735159245110466,49.7602633231115
30,-52.6591049607242,-50.542753890798,-59.7864526181209,-9.2436987273229,-58.4191317017509,-59.1533594739861,6.49425451326189,8.61060558318815,-0.633093144134747,0.734227772235208,49.9096607466632
30.0676100504175,-52.3665916966816,-50.6275537406838,-61.6938665077076,-11.0663127670238,-60.7224106059472,-61.4608198468904,9.09422815020883,10.8332661062067,-0.233046660817145,0.73840924094322,50.3945070798666
30.1,-52.3300242407912,-50.6637174983101,-60.3495115810031,-9.68579408269296,-59.597215423683,-60.3376278810089,8.0076036402177,9.67391038269881,-0.0118836999941507,0.740412457325952,50.651833798316
30.1414858821178,-52.3627836750966,-50.7088628935655,-57.2424166324779,-6.53355373891237,-56.6705189541893,-57.4127872772646,5.05000360216796,6.70392438369907,0.170370644786694,0.742268323075223,50.8792335383522
30.2,-52.4679858006227,-50.7733409252741,-47.6093878109706,3.16395311430355,-47.0231886587194,-47.7680746035416,-4.69991119708102,-3.00526632173248,0.158686792571061,0.744885944822265,50.9320277178452
30.2875013697836,-52.3779172919323,-50.8681548379929,-37.6501069483245,13.2180478896683,-36.4280013076273,-37.180798341553,-15.1971189503793,-13.6873564964399,-0.46930860677157,0.752797033925631,50.3988462312213
30.3,-52.3134075283527,-50.8802647173732,-37.1871421947796,13.6931225225936,-35.8421736785204,-36.5961007264968,-15.717306801856,-14.2841639908765,-0.591041468282853,0.753927047976347,50.2892232490904
30.3499962033888,-51.9220368021379,-50.9207679615262,-41.2643148645629,9.6564530969633,-39.5519788436649,-40.3100652700532,-11.6119715320847,-10.6107026914731,-0.954249594509797,0.758086426388218,49.9665183670164
30.4,-51.3842453929263,-50.9447418780555,-48.5770994562988,2.36764242175661,-46.6331724366404,-47.3954188731501,-3.98882651977615,-3.54932300490533,-1.18168058314873,0.762246436509763,49.7630612949067
30.4752215849901,-50.5172185600161,-50.9444983305878,-60.5999764013191,-9.65547807073138,-58.8085168434457,-59.564803006555,9.04758444653893,8.62030467596722,-1.03517339476416,0.75628616310928,49.9093249358236
30.5,-50.2785430249398,-50.9355935199301,-62.2196912175558,-11.2840976976257,-60.6257785103157,-61.3801013256983,11.1015583007585,10.4445078057682,-0.83958989185755,0.754322815382572,50.0960036280726
30.5358178470534,-50.0090020485239,-50.9169653386555,-64.7214172607155,-13.80445192206,-63.4146527218419,-64.1760198631797,14.1670178146557,13.2590545245242,-0.545397397535794,0.761367141337793,50.3715679411197
30.5745045751879,-49.8359787995861,-50.8917082507688,-62.6000405957724,-11.7083323450036,-61.6218784690088,-62.3908541615449,12.5548753619588,11.4991459107761,-0.209186434227462,0.768975692536124,50.6825218165414
30.6,-49.7847914623688,-50.8736531402278,-58.984191050304,-8.11053791007618,-58.2018371514883,-58.9758270505588,9.19103558818996,8.10217391033102,-0.00836399974516411,0.773989899070521,50.8652891404826
30.6469987621673,-49.7800276782917,-50.8402311484129,-50.6589390787455,0.181292069667357,-50.0441426669569,-50.817276701484,1.0372490231923,-0.0229544469288996,0.158337622738458,0.773134034527061,50.9985687711513
30.7,-49.799596455651,-50.8043511936792,-43.2524164068956,7.55193478678351,-42.5608942033789,-43.3330630660987,-6.46653338955232,-7.47128812758046,0.0806466592030475,0.772168862719788,50.8849978528822
30.7598270593018,-49.6823512394033,-50.7640874624607,-40.0784412879447,10.685646174516,-38.9566162266635,-39.724528840304,-9.95782239909934,-11.0395586221568,-0.353912447640759,0.767912613640483,50.41017501482
30.8,-49.450858586042,-50.7330875015141,-38.8004217367699,11.9326657647441,-37.3862688529949,-38.1513234615144,-11.2995351245276,-12.5817640399997,-0.649098275255589,0.765054608519478,50.0839892262585
30.8812153665952,-48.6836755559189,-50.6476463626186,-47.0624769327259,3.58516942989269,-45.2764189281572,-46.0350080626864,-2.64866749323243,-4.61263829993215,-1.02746887003946,0.758589134529181,49.6201774925791
30.9,-48.4804631167565,-50.6222707683816,-51.6979096588597,-1.07563889047807,-49.9261749487175,-50.6832686573958,2.2028055406393,0.0609978890141889,-1.01464100146389,0.757093708678298,49.6076297669177
30.9309259017685,-48.1592703438267,-50.575843488387,-56.9695195412061,-6.39367605281907,-55.294691104956,-56.0560994180276,7.89682907420089,5.48025592964058,-0.91342012317849,0.761408313071577,49.6624233652085
30.984261655953,-47.7283293521457,-50.4844218491995,-62.9027170974247,-12.4182952482252,-61.6478046346864,-62.4166540461953,14.6883246940496,11.9322321969958,-0.48606305122938,0.768849411508953,49.9983587979701
31,-47.6452940889151,-50.4555819756424,-61.3901290486664,-10.934547073024,-60.2913762450482,-61.0624213800279,13.4171272911128,10.6068394043855,-0.327707668638475,0.771045134979737,50.1278743070039
31.0286382688515,-47.5509923502981,-50.4021353970495,-62.666349195056,-12.2642137980065,-61.8238784836758,-62.5950397531864,15.0440474028883,12.1929043561369,-0.071309441869559,0.771161269510628,50.3308259551799
31.0749473549412,-47.5553664710931,-50.3161423491315,-59.6518218354783,-9.33567948634673,-59.2496154069588,-60.0209644700828,12.4655979989897,9.70482212095128,0.36914263460455,0.771349063124021,50.6852849837361
31.1,-47.6299954952782,-50.2715636636261,-56.5285241045368,-6.25696044091067,-56.2989408183741,-57.0703914755294,9.44039598025123,6.79882781190329,0.541867370992613,0.771450657155299,50.8134310346187
31.1425840235901,-47.8339149676362,-50.2012466222158,-49.9752219526171,0.226024669598736,-49.9065114655643,-50.6903286340941,2.85641366645796,0.489082011878338,0.715106681477074,0.783817168529779,50.9163533036929
31.2,-48.1392697706091,-50.1193511769872,-41.4246346759478,8.69471650103937,-41.2334637312523,-42.0339546488901,-6.10531512171905,-8.08539652809709,0.609319972942274,0.800490917637788,50.7286711499294
31.2625130613573,-48.3106676944122,-50.0438397624009,-37.1648611239563,12.8789786384445,-36.568471874997,-37.3689721701193,-10.9416955242929,-12.6748675922815,0.204111046162993,0.800500295122319,50.2479508085639
31.3,-48.2943549473226,-50.0015939956245,-39.1304045030053,10.8711894926192,-38.2895117885699,-39.0900177070481,-9.20433724027457,-10.9115762885764,-0.0403867959572537,0.800505918478137,49.9612071996673
31.3819727984978,-48.008141681607,-49.9053862503886,-48.6974483048082,1.2079379455804,-47.5721082956117,-48.3730945368666,0.364952855259574,-1.53229171352198,-0.324353767941574,0.800986241254869,49.581032482447
31.4,-47.931861040063,-49.8825624986864,-51.3013261249525,-1.41876362626613,-50.1985076712029,-50.9995995435407,3.06773850347777,1.11703704485432,-0.301726581411806,0.801091872337871,49.5808359172746
31.4455796109124,-47.7845866785534,-49.8224921909,-55.5080642597616,-5.68557206886163,-54.640147280523,-55.4440252882865,7.65943860973305,5.62153309738648,-0.0640389714751493,0.803878007763437,49.7584532194249
31.5,-47.8012364062603,-49.7503336542792,-60.5992451163838,-10.8489114621046,-60.2291357114482,-61.0363402630516,13.2351038567913,11.2860066087724,0.437095146667794,0.807204551603448,50.187428800947
31.5668076286598,-48.179929993562,-49.6733899053003,-59.9504122040497,-10.2770222987493,-60.1447516965632,-60.9454153827688,12.7654853892068,11.2720254774684,0.995003178719095,0.800663686205581,50.6683930840194
31.6,-48.4948756331807,-49.6444242484235,-55.0201569438005,-5.37573269537701,-55.40720960999,-56.2046235650267,7.70974793184599,6.56019931660324,1.18446662122623,0.797413955036738,50.8288908696497
31.6443227524274,-48.9836212862028,-49.6183355586879,-50.377487651564,-0.759152092876114,-50.8529762480969,-51.650045480684,2.66642419448115,2.03170992199607,1.27255782911995,0.797069232587127,50.8908933878079
31.7,-49.603823362672,-49.6069113967692,-41.6159642440767,7.99094715269251,-41.9595559628549,-42.7561921628319,-6.84763119984012,-6.85071923393733,1.14022791875518,0.796636199977023,50.7471393155244
31.7829732902395,-50.2634765574538,-49.6263338346515,-35.5485210717094,14.0778127629421,-35.3318513227132,-36.1170284681163,-14.1464480893375,-13.5093053665352,0.568507396406865,0.785177145403054,50.1948412310584
31.8,-50.3413384938593,-49.6338868770406,-37.3064696668059,12.3274172102347,-36.9473361867067,-37.7301618525457,-12.6111766413136,-11.9037250244949,0.423692185739803,0.782825665838999,50.0575790627804
31.8284901574401,-50.4235270178511,-49.6478749321895,-40.0167873725082,9.6310875596813,-39.4517445117106,-40.2381286618888,-10.1853983559624,-9.40974627030077,0.221341289380526,0.786384150178158,49.8692162215701
31.8664366205803,-50.4536742692706,-49.6675527217533,-44.9565072258646,4.7110454958887,-44.1427470442489,-44.9338707924828,-5.51980347678779,-4.73368192927056,-0.0226364333818623,0.791123748233893,49.6449162883715
31.9,-50.4233898002666,-49.684451731262,-49.0878350995181,0.596616631743956,-48.167114701837,-48.9624305911739,-1.46095920909276,-0.72202114008816,-0.125404508344204,0.795315889336841,49.5590472229178
31.9537240935074,-50.3668527034582,-49.7089984714269,-57.3997541897535,-7.69075571832663,-56.5620259214913,-57.3600424621066,6.99318975864836,7.6510439906797,-0.0397117276469316,0.798016540615279,49.6692867437799
32,-50.3954908274,-49.7288610497471,-62.1993337486131,-12.470472698866,-61.6263626300379,-62.4267054097364,12.0312145823364,12.6978443599894,0.227371661123335,0.800342779698553,49.9562327108704
32.07892581045,-50.7822070827834,-49.7705219507952,-59.8058472445625,-10.0353252937673,-59.8427121150308,-60.6349531418097,9.85274605902622,10.8644311910145,0.829105897247175,0.792241026778868,50.5996278480423
32.1,-50.960642635704,-49.785658141297,-58.1793042587383,-8.39364611744132,-58.3206261788109,-59.1107039350988,8.15006129939484,9.32504579380188,0.931399676360563,0.790077756287971,50.7170578176575
32.1295596346465,-51.245869130609,-49.8109780252738,-55.0864327908105,-5.27545476553668,-55.3589714392964,-56.1498461236156,4.90397699300659,6.33886809834178,1.0634133328051,0.790874684319149,50.8743913580789
32.2,-51.9645382545767,-49.892597685839,-44.5122561154491,5.38034157038985,-44.6508200482086,-45.4435938054475,-6.52094444912919,-4.44900388039142,0.931337689998422,0.792773757238947,50.8239353758374
32.2676883333284,-52.4589385169512,-49.9947103720541,-38.8811424451517,11.1135679269024,-38.5704088306733,-39.3618524024376,-13.0970861145136,-10.6328579696165,0.480709957285931,0.791443571764276,50.47542032934
32.3,-52.5685637171145,-50.0478845095268,-37.336940451621,12.7109440579058,-36.6834168140528,-37.4742254091888,-15.0943383079257,-12.573659100338,0.137284957567829,0.790808595136021,50.1851694670946
32.3504222410597,-52.5465533371843,-50.1303313741676,-40.8863096863979,9.24402168776977,-39.8129756096554,-40.6117953245441,-11.9347580126402,-9.51853604962352,-0.274514361853747,0.798819714888687,49.8558170123139
32.4,-52.3538847353137,-50.205200869583,-45.4468424041478,4.75835846543516,-44.0475098812888,-44.85420654404,-7.49967819127368,-5.35099432554293,-0.592635860107777,0.806696662751222,49.6125650094752
32.4736503899048,-51.8797989630309,-50.2958792895126,-55.5344543949102,-5.23857510539759,-54.0404819306068,-54.858700624525,2.9789016614942,4.56282133501247,-0.675753770385121,0.818218693918254,49.6201255191275
32.5,-51.7225047570983,-50.3217121485456,-59.0817382844637,-8.76002613591806,-57.6843449417691,-58.5066858274253,6.78418107032699,8.18497367887967,-0.575052457038389,0.822340885656125,49.7466596915072
32.5360536145999,-51.5574099443673,-50.3524719140351,-62.4496743025433,-12.0972023885082,-61.255579417157,-62.0810142532584,10.5236043088912,11.7285423392233,-0.368660049284919,0.825434836101408,49.9838118647502
32.5878166317288,-51.4554748315621,-50.3905984338351,-61.2787361883004,-10.8881377544653,-60.4539154560966,-61.2837923491643,9.82831751760219,10.8931939153292,0.00505616086395833,0.829876893067741,50.3956545946991
32.6,-51.4588128267716,-50.3991064316947,-62.7022077964688,-12.3031013647741,-61.9672274592156,-62.7981498712447,11.3393370444731,12.3990434395499,0.0959420747758273,0.830922412029054,50.4950485064706
32.6315018537109,-51.5098102402942,-50.4212633179208,-59.3863091766813,-8.96504585876041,-58.8651479195485,-59.6982480977842,8.18843785749007,9.27698477986339,0.311938921102978,0.833100178235732,50.7332022390238
32.6656649037102,-51.6300080719997,-50.4467029884809,-54.253780441242,-3.80707745276104,-53.879662590757,-54.7151245073364,3.0851164353367,4.26842151885545,0.461344066094412,0.835461916579405,50.9080470545753
32.7,-51.7793792956153,-50.4747974803247,-51.5161567148109,-1.04135923448628,-51.1601414994257,-51.997977048144,0.21859775252868,1.52317956781935,0.481820333333069,0.83783554871831,50.9566178136577
32.7636261183575,-51.998801090741,-50.5333878535926,-43.1527887886028,7.3805990649898,-42.5209147661705,-43.3651175949798,-8.63368349576128,-7.16827025861286,0.212328806376938,0.84420282880928,50.7457166599696
32.8,-52.0220205225953,-50.5685011513956,-38.8137833218469,11.7547178295488,-37.9126739447174,-38.7605168304466,-13.2615036921486,-11.807984320949,-0.0532664914002368,0.847842885729186,50.5152346599954
32.8761262322489,-51.6943200448118,-50.6337873653092,-38.5908942281465,12.0428931371627,-36.9209629888446,-37.7644874694349,-13.9298325753769,-12.8692998958743,-0.82640675871167,0.843524480590318,49.8073806065975
32.9,-51.4765002028792,-50.6486781615335,-40.7568779376579,9.89180022387558,-38.8741302853308,-39.7163004810932,-11.760199721786,-10.9323776804403,-1.04057745656471,0.842170195762414,49.6081007049688
32.9314586219863,-51.124000502224,-50.662112278556,-43.3369420035205,7.32517027503549,-41.2724505936954,-42.1163963754398,-9.00760412678419,-8.5457159031162,-1.22054562808071,0.843945781744367,49.4415666504753
32.9843643737766,-50.4504096836281,-50.66648677068,-49.5338351192333,1.13265165144671,-47.3847988614906,-48.2317307470537,-2.21867893657442,-2.43475602362634,-1.30210437217963,0.846931885563031,49.3643823985004
33,-50.246900564664,-50.6632324013298,-53.1469707806182,-2.48373837928838,-51.0076607344974,-51.8554751253003,1.60857456063628,1.19224272397043,-1.29149565531795,0.847814390802881,49.3717367460119
33.0254105126046,-49.9233619512876,-50.6536238473758,-55.5526515121943,-4.89902766481852,-53.4716142288061,-54.3189257103588,4.39556375907119,3.66530186298299,-1.23372580183553,0.847311481552758,49.4198980455403
33.060453333377,-49.5130754783004,-50.6321646698185,-60.9656002603406,-10.3334355905221,-59.0819793487834,-59.928597284362,10.4155218060617,9.29643261454353,-1.03700297597853,0.846617935578664,49.59516169384
33.1,-49.1463962473682,-50.5984539889955,-62.6293224187262,-12.0308684297307,-61.0465889472727,-61.8924241995279,12.7460279521596,11.2939702105324,-0.736898219198302,0.845835252255206,49.8615557697972
33.1427738590026,-48.8803642871167,-50.5541044334739,-61.5791088552512,-11.0250044217774,-60.3579470680264,-61.2083346547357,12.327970367619,10.6542302212618,-0.370774200515569,0.850387586709275,50.1833302329583
33.1875776065855,-48.7667943842717,-50.503379504668,-60.9335628889,-10.430183384232,-60.1572901805083,-61.0124461385675,12.2456517542957,10.5090666338995,0.0788832496674843,0.855155958059186,50.5822627543355
33.2,-48.7674961459217,-50.4892394330961,-57.2399666785793,-6.75072724548321,-56.5555337289128,-57.4120117769321,8.64451563101044,6.92277234383603,0.172045098352818,0.856478048019305,50.6612845314489
33.2222566125172,-48.7909235400415,-50.4643529661602,-54.8528177451857,-4.3884647790255,-54.2796606089129,-55.1361884715081,6.34526493146664,4.67183550534789,0.283370726322396,0.856527862595229,50.7477236924826
33.2587188392367,-48.8663666783691,-50.4255252243334,-51.4665011951831,-1.0409759708497,-50.9713157542975,-51.8279252263632,2.96155854799404,1.40240000202976,0.361424031180057,0.856609472065657,50.7869492555135
33.3,-48.9678534400548,-50.3851038927964,-45.5945158390995,4.79058805369685,-45.1023782031263,-45.9590800703628,-3.00877336969194,-4.42602382243358,0.364564231263273,0.856701867236538,50.7496681240597
33.3641010944205,-49.0634536900903,-50.3291137608965,-39.7820048907941,10.5471088701024,-39.0159298431608,-39.885928716558,-9.17752497353229,-10.4431850443384,0.103923825763957,0.869998873397201,50.4330375866604
33.4,-49.0200198790234,-50.299222420566,-38.7151040570117,11.5841183635544,-37.7064908711326,-38.5839365435739,-10.4360833354495,-11.7152858769922,-0.131167513437795,0.877445672441233,50.1680549071282
33.4564081378064,-48.7861365455281,-50.24891910814,-39.0465891425374,11.2023299656026,-37.6771243575544,-38.5566706703714,-10.2294658751567,-11.6922484377686,-0.489918472166032,0.879546312816991,49.759000635974
33.5,-48.4868268947473,-50.203515025659,-40.9422590728331,9.26125595282598,-39.365945561438,-40.2471152362262,-8.23971165852112,-9.95639978943285,-0.695143836606874,0.881169674788147,49.5083711890522
33.5590903308814,-47.9816506056882,-50.1285135184349,-48.5223276354378,1.60618588299716,-46.8713589909378,-47.7612252467315,-0.220425358956739,-2.36728827170345,-0.761102388706291,0.889866255793713,49.3674111297286
33.6,-47.6480822551214,-50.0669409083465,-54.5020268844001,-4.43508597605359,-52.9827630771795,-53.8786501869114,6.23056793178999,3.81170927856492,-0.623376697488666,0.89588710973198,49.4435642108579
33.6592033746129,-47.3064364246359,-49.9672207113852,-59.5582936927844,-9.59107298139914,-58.4545967689893,-59.3514586956277,12.0450222709917,9.38423798424243,-0.206834997156712,0.896861926638351,49.7603857142285
33.7,-47.2341647855314,-49.8954748595014,-62.1695344680304,-12.274059608529,-61.4373498814556,-62.3348835475076,15.1007187619762,12.4394086880063,0.165349079477245,0.897533666052027,50.0608239389786
33.7678169056125,-47.4311354275151,-49.782265995121,-60.0922771682726,-10.3100111731516,-59.9506473819724,-60.8393558385374,13.4082204110223,11.0570898434163,0.747078670264798,0.888708456564977,50.5293446653858
33.8,-47.6473014229022,-49.7351704538617,-56.5256402407923,-6.79046978693054,-56.5752038607475,-57.4597242384353,9.81242281553317,7.72455378457359,0.93408399764305,0.884520377687807,50.6692544515048
33.8606990695134,-48.1747695774974,-49.6635401415059,-47.5566359901227,2.10690415138323,-47.7408942816248,-48.6288464233113,0.454076845813852,-1.0346937181946,1.07221043318863,0.887952141686505,50.7357505746945
33.9,-48.5300067015182,-49.6301301635199,-43.2844506702387,6.34567949328115,-43.4086720079369,-44.2988461197366,-4.23116058178163,-5.33128404378328,1.01439544949786,0.890174111799723,50.6445256130177
34,-49.1376398462994,-49.5827225769554,-36.4801202168172,13.1026023601382,-35.99241168529,-36.8825991985297,-12.2550406477697,-12.7001233784257,0.402478981712449,0.890187513239709,49.9852015586679
34.1,-49.1246903591898,-49.5569547274379,-42.8479299299448,6.70902479749303,-41.7703589938128,-42.64864929002,-6.47604106916982,-6.90830543741791,-0.199280639924879,0.87829029620714,49.357674087513
34.2,-48.8438950701216,-49.5198418743627,-57.5480604333326,-8.02821855896988,-56.5734610294959,-57.4560446038253,8.61214953370373,7.93620272946257,-0.0920158295073037,0.882583574329409,49.4278260448554
34.3,-48.9925106461871,-49.478289550193,-62.2707361650396,-12.7924466148466,-61.9425744619662,-62.8298699386653,13.8373592924782,13.3515803884723,0.559133773625682,0.88729547669908,50.0374233238187
34.4,-49.7950697555865,-49.4702590795127,-59.1017391073689,-9.63148002785619,-59.3289095887254,-60.2145414632217,10.4194717076352,10.744282383709,1.11280235585279,0.885631874496262,50.5830614353655
34.5,-50.9337562688363,-49.5274479846505,-43.5896396790294,5.93780830562115,-43.8145248296051,-44.7159263080171,-6.21782996081921,-4.81152167663343,1.12628662898772,0.901401478411962,50.6537346136382
34.6,-51.6986014443776,-49.6454650746645,-37.1884230067464,12.4570420679182,-36.6266680956384,-37.5220942464847,-14.1765071978928,-12.1233708281798,0.333671239738372,0.89542615084634,49.9791363144029
34.7,-51.5638859361445,-49.7767723487204,-41.7311997427419,8.04557260597856,-40.2227661927885,-41.110824937517,-10.4530609986275,-8.66594741120344,-0.620374805224884,0.888058744728532,49.1563975434956
34.8,-50.7794158271028,-49.8667932017797,-53.8323730834517,-3.96557988167202,-52.082689769916,-52.9727241799896,2.19330835288685,3.10593097820995,-0.859648903462073,0.890034410073646,49.0071442983176
34.9,-50.1131936500291,-49.9013331737168,-60.4912815627374,-10.5899483890206,-59.1905999214912,-60.0865951932201,9.97340154319103,10.1852620195033,-0.404686369517279,0.895995271728893,49.4966468041995
35,-50.1052028292184,-49.9099240097562,-61.0772325888611,-11.1673085791049,-60.6700638617633,-61.5629722017694,11.457769372551,11.6530481920132,0.485739612908276,0.892908340006137,50.3956636226645
35.1,-50.7630474389213,-49.9417416592175,-49.8794121214074,0.0623295378101574,-49.8168747258472,-50.7091002080659,-0.0539472308554139,0.767358548848343,0.8296880866585,0.892225482218677,50.771429745876
35.2,-51.4125429103774,-50.0170430511521,-42.9752313023945,7.04181174875767,-42.4684294410608,-43.3518335187433,-8.06070939163411,-6.66520953240884,0.376602216348829,0.883404077682471,50.393645267501
35.3,-51.3882727339316,-50.1099261824994,-38.0686298375993,12.0412963449001,-36.6379307516625,-37.5434761665479,-13.8447965673837,-12.5664500159516,-0.525153671051449,0.905545414885381,49.584772511448
35.4,-50.5387951206049,-50.1674409649908,-47.1820738138971,2.98536715109376,-45.1065321051076,-46.0335178312488,-4.50527728935612,-4.13392313374208,-1.14855598264832,0.92698572614114,49.0188849823425
35.5,-49.3867932698127,-50.1535939126658,-57.2730112310307,-7.11941731836489,-55.321716408406,-56.2354868403837,6.84869357057099,6.08189292771785,-1.03752439064704,0.91377043197766,49.1160695220188
35.6,-48.6508316048577,-50.0772841707508,-60.7954956898156,-10.7182115190648,-59.6030650568158,-60.5382286730564,11.8873970681988,10.4609445023057,-0.25726701675913,0.935163616240622,49.8200171539917
35.7,-48.7295947798299,-49.9845566637958,-58.0155189938183,-8.03096233002247,-57.6466127301751,-58.5748179428091,9.84522316297923,8.5902612790133,0.559298948990829,0.928205212634047,50.5438556127867
35.8,-49.3709913461077,-49.9238341478139,-47.8670391971193,2.05679495069456,-47.7536945462703,-48.6808581830769,-0.690133163030758,-1.24297596473698,0.813818985957575,0.927163636806618,50.7376531337715
35.9,-49.9296050740208,-49.9088067603432,-39.4177938282549,10.4910129320882,-38.8708485411567,-39.8055647091951,-10.1240403648257,-10.1032420511481,0.387770880940167,0.934716168038392,50.2965776412833
36,-49.8925477815817,-49.9131208902142,-38.2997709280605,11.6133499621537,-36.933217207321,-37.8666909068523,-12.0258568747293,-12.0464299833619,-0.43308002120822,0.933473699531376,49.480040869006
36.1,-49.1568292808556,-49.8907933276725,-45.76647015337,4.12432317430245,-43.897880940566,-44.8467427837688,-4.31008649708676,-5.04405054390362,-0.919727369601169,0.948861843202842,48.9710659580713
36.2,-48.2263948735166,-49.8130750993993,-54.221646755057,-4.40857165565772,-52.5931628657684,-53.556247694106,5.32985282058936,3.74317259470666,-0.66539906095106,0.963084828337564,49.1476760384483
36.3,-47.794951627838,-49.6939560310166,-60.8116362720976,-11.117680241081,-60.0151687006884,-60.9642937473982,13.1693421195602,11.2703377163816,0.152657475300551,0.949125046709739,49.8466135063172
36.4,-48.2527145313777,-49.5834908810892,-57.7585608162478,-8.17506993515864,-57.7561680695724,-58.6966158130777,10.4439012817,9.11312493198851,0.938054996829869,0.940447743505295,50.521545877919
36.5,-49.3135809927738,-49.5307618652975,-50.1873857850745,-0.656623919777019,-50.5818173266551,-51.5166658780375,2.20308488526361,1.98590401273992,1.3292800929629,0.934848551382302,50.8600419582604
36.6,-50.4481063780199,-49.5549880085823,-39.4642953385775,10.0906926700048,-39.5424857590878,-40.4835441985148,-9.96456217950507,-9.07144381006752,1.01924885993724,0.941058439426989,50.5742368685196
36.7,-51.0455538016776,-49.6352740463762,-37.5208788219504,12.1143952244258,-36.7381937452772,-37.676918454121,-13.3686353475567,-11.9583555922553,0.156039632170561,0.938724708843736,49.7913136785468
36.8,-50.8037051751158,-49.7214416007466,-42.5237362669215,7.19770533382509,-40.9405311888467,-41.8883184175928,-8.915386757523,-7.83312318315375,-0.635417849328654,0.947787228746137,49.0860237514179
36.9,-50.0217140336418,-49.7664215597773,-50.7898451924502,-1.02342363267286,-49.0222971096541,-49.9743629074733,-0.0473511261684649,0.207941347696007,-0.815482284976852,0.952065797819287,48.9509392748005
36.9853280686903,-49.3941945770196,-49.7622919090277,-58.5979310203604,-8.83563911133265,-57.0586019713821,-58.0036965355211,8.6095019585015,8.24140462649333,-0.594234484839319,0.945094564138941,49.1680574241884
37,-49.3118151838004,-49.7583487204294,-60.4391053037969,-10.6807565833675,-58.9954649573421,-59.9393608366488,10.6275456528484,10.1810121162194,-0.499744467148084,0.943895879306723,49.2586042532813
37.0242257947925,-49.2083272697167,-49.7504098949904,-62.1260042366629,-12.3755943416725,-60.8734460692809,-61.8181652873521,12.6098380176354,12.0677553923617,-0.307838949310842,0.944719218071107,49.4425709456795
37.0654320422927,-49.1335255086156,-49.7346202869984,-63.4753131434093,-13.7406928564109,-62.535712349454,-63.4818320045879,14.3483064959722,13.7472117175895,0.00651886117857003,0.946119655133835,49.7411391481769
37.1,-49.1684250767519,-49.7213087990345,-63.7827189303135,-14.0614101312791,-63.1486976554567,-64.0959921384891,14.9275670617372,14.3746833394546,0.313273208175509,0.947294483032358,50.03458200721
37.1446178748243,-49.3625079106625,-49.7077527804627,-61.7487597853144,-12.0410070048517,-61.491130046301,-62.4359790734156,13.0734711627532,12.728226292953,0.687219288101254,0.944849027114657,50.3949720685639
37.2,-49.8037729315127,-49.7027289181788,-59.2125540831392,-9.50982516496043,-59.3395492612194,-60.2813628558694,10.4775899243567,10.5786339376906,1.06880877273016,0.94181359465,50.7715376909089
37.2611806457973,-50.4869699777094,-49.7198931512621,-51.024806996552,-1.30491384528995,-51.3386114371117,-52.2778005354177,1.79083055770829,2.55790738415564,1.25299353886569,0.939189098305981,50.9728866901278
37.3,-50.9563704401978,-49.7451771591695,-47.3370303426785,2.40814681649101,-47.63648904945,-48.5740128947686,-2.38235754542919,-1.17116426440089,1.23698255209012,0.937523845318623,50.9821597112596
37.3673947555882,-51.6943381598205,-49.814408799656,-42.3329392229571,7.48146957669894,-42.3656110098558,-43.3138831773887,-8.3804549824318,-6.50052562226738,0.980943954431559,0.94827216753287,50.7953527540876
37.4,-51.9746964568913,-49.8574276071296,-39.6231141650144,10.2343134421152,-39.4012542105953,-40.3547263624557,-11.6199700944356,-9.50270124467393,0.731612197441223,0.953472151860332,50.5890398045708
37.4488279250242,-52.2387406379194,-49.929050569869,-38.3911062662354,11.5379443036336,-37.7684623979154,-38.7148657743313,-13.5238748635881,-11.2141847955377,0.323759508095947,0.946403376415873,50.2528100779649
37.5,-52.2960189908508,-50.0072085438028,-37.338671052583,12.6685374912198,-36.1699644790499,-37.1089597195097,-15.1870592713411,-12.8982488242931,-0.229711333073269,0.938995240459839,49.7774972107295
37.5562534675068,-52.0576301117297,-50.0868836668441,-39.8111024045029,10.2757812623412,-38.124270927032,-39.0530562427725,-13.0045738689572,-11.0338274240716,-0.758046161730391,0.928785315740512,49.3288375051137
37.6,-51.6929011036419,-50.1379351563381,-41.3762873481344,8.76164780820376,-39.3568522797118,-40.277697661733,-11.4152034419089,-9.86023749460512,-1.09858968640136,0.920845382021177,49.0393454699368
37.6611630897149,-50.9906474904814,-50.1859219636701,-47.4353318922996,2.75059007137051,-45.1213491583671,-46.0464252945519,-4.94422219592943,-4.13949666911821,-1.3889065977477,0.925076136184856,48.7970153659224
37.7,-50.4708815035423,-50.1996878585168,-51.2924870808184,-1.0927992223016,-48.938365899715,-49.8661284505441,-0.604753052998248,-0.333559407972764,-1.42635863027436,0.927762550829037,48.7733292282425
37.7477747476081,-49.848275591014,-50.1982436372719,-56.5676095611823,-6.36936592391042,-54.3520448075021,-55.2733339981529,5.42505840713889,5.07509036088098,-1.29427556302944,0.921289190650775,48.9039680742425
37.8,-49.2529952786741,-50.1759192232193,-60.189492900861,-10.0135736776417,-58.2722972734343,-59.1865100715124,9.9335147928383,9.01059084829306,-1.00298282934866,0.914212798078132,49.1729363938707
37.8849590431106,-48.693659367468,-50.1079008567075,-62.5860254990498,-12.4781246423423,-61.3510749910022,-62.2657923686478,13.5721330011798,12.1578915119403,-0.320233130401974,0.914717377645594,49.7876677263055
37.9,-48.6519371200632,-50.0937528527927,-62.4042032209081,-12.3104503681155,-61.3080917140679,-62.2228984213392,13.570961301276,12.1291455685465,-0.181304799568913,0.914806707271303,49.9124480532238
37.9618847910265,-48.6892316895422,-50.0358430810232,-62.0796192172851,-12.0437761362619,-61.5662327196533,-62.4837929515208,13.7945612619786,12.4479498704976,0.404173734235691,0.917560231867498,50.4400168152589
38,-48.8771678364967,-50.0046058939711,-59.5017590536823,-9.49715315971118,-59.2889800471631,-60.2082361911224,11.3310683546256,10.2036302971512,0.706477137440061,0.919256143959252,50.7110830314112
38.0461638983719,-49.2451369516115,-49.9760418867332,-55.1564989163755,-5.18045702964231,-55.2595386269265,-56.1784833561521,6.93334640454056,6.20244146941893,1.02198443977662,0.918944729225565,50.9980263265098
38.1,-49.8158256955284,-49.9603424409879,-53.0740423074223,-3.11369986643439,-53.3257040065006,-54.2442855654602,4.42845986993178,4.28394312447232,1.17024325803793,0.918581558959566,51.1305856990258
38.1591664671498,-50.4811265302687,-49.9676533314504,-45.616791322967,4.35086200848335,-45.8236772017948,-46.740068149052,-3.74105838121668,-3.22758518239834,1.12327682608501,0.916390947257177,51.0909301575354
38.2,-50.899877803348,-49.9869662446441,-45.3921564803802,4.59480976426385,-45.4368822796234,-46.351761383784,-4.54811641956405,-3.63520486086013,0.959604903403722,0.914879104160562,50.9465711480478
38.2568382113157,-51.3482653218026,-50.0293732785646,-39.2837931642867,10.7455801142779,-38.9512145648281,-39.8661660422944,-11.4820992795082,-10.1632072362702,0.582372878007718,0.914951477466317,50.6117461565723
38.3,-51.54313794904,-50.0693696376847,-36.264740696119,13.8046289415657,-35.5841528889635,-36.4991593252552,-15.0439786237848,-13.5702103124296,0.234418629136123,0.915006436291677,50.3037882668209
38.3540162302499,-51.5656310040682,-50.1219520900093,-37.9484842032674,12.1734678867419,-36.772523159225,-37.6951380875383,-13.8704929165298,-12.426814002471,-0.253346115729045,0.92261492831333,49.8686059742803
38.4,-51.383726822137,-50.162717536794,-37.4309186449589,12.7317988918351,-35.8278826706247,-36.756974673396,-14.626752148741,-13.4057428633979,-0.673943971562849,0.929092002771348,49.4887735652311
38.4538529012367,-50.9483469490748,-50.1981880736362,-41.4642083896734,8.73397968396272,-39.4801914715496,-40.4069201146526,-10.5414268344222,-9.7912679589836,-1.05728827502087,0.926728643102983,49.1408997986153
38.5,-50.4317225885885,-50.2131570700701,-43.6844288727091,6.52872819736102,-41.4436985933244,-42.3684020494917,-8.06332053909675,-7.84475502057838,-1.31602682321736,0.924703456167371,48.8971302468527
38.5672252850084,-49.5267845994516,-50.203225866373,-49.4261737217245,0.777052144648529,-47.0718570575667,-48.0019757813494,-1.52480881810221,-2.20125008502359,-1.42419794037506,0.930118723782719,48.779027925998
38.6,-49.0718518472355,-50.1839331675765,-51.5878213439425,-1.40388817636602,-49.2496334938745,-50.1823923530271,1.11054050579159,-0.00154081454943622,-1.40542899091546,0.932758859152528,48.778504176661
38.6393520588869,-48.5473826689204,-50.148687110153,-55.5102813247775,-5.36159421462456,-53.2921637827845,-54.2232522236003,5.67586955467991,4.07456511344736,-1.2870291011772,0.931088440815799,48.8616580089758
38.6843103678409,-48.0143740532647,-50.0940163057696,-57.7389629237711,-7.64494661800157,-55.7263337026128,-56.655513750684,8.64113969741929,6.56149744491447,-1.0834491730871,0.929180048071188,49.0105671326825
38.7,-47.8496040567648,-50.0717978413039,-58.2200890680881,-8.14829122678426,-56.3186895292486,-57.2472035829603,9.3975995261955,7.17540574165642,-0.97288548512784,0.928514053711645,49.098912356176
38.7246944179911,-47.6227200618691,-50.0340948668545,-60.9965635998582,-10.9624687330037,-59.2816912671071,-60.212112293221,12.5893922313519,10.1780174263665,-0.784451306637273,0.930421026113898,49.2496435602172
38.7685274053755,-47.3417699983425,-49.9611228782686,-60.8735513467489,-10.9124284684803,-59.5820953489311,-60.5159012815968,13.1741312832542,10.5547784033282,-0.357650065152107,0.933805932665663,49.6034728131165
38.8,-47.2478864730501,-49.9063341922186,-63.395808393034,-13.4894742008155,-62.3826249886697,-63.3188613235987,16.0709748505486,13.4125271313801,-0.0769470694353487,0.936236334928942,49.8293871227832
38.8404033783227,-47.2566532834343,-49.8363641242813,-62.7612304006638,-12.9248662763825,-62.1623127992472,-63.0964303386097,15.8397770551754,13.2600662143284,0.335199937945923,0.934117539362511,50.1715640622272
38.9,-47.5612665861741,-49.7419911874343,-59.9736960405119,-10.2317048530775,-59.9419229688282,-60.8729151987976,13.3116486126235,11.1309240113633,0.899219158285753,0.930992229969419,50.6412103457201
39,-48.6585411699649,-49.635519959186,-55.6462467064743,-6.0107267472883,-56.1427964924844,-57.0877106775091,8.4291695075442,7.45219071832314,1.44146397103484,0.944914185024729,51.0769839302208
39.1,-50.0640502438358,-49.6183811458611,-47.7283210650766,1.89006008078454,-48.2235460816589,-49.1723277340543,-0.891722509781538,-0.446053411806844,1.44400666897769,0.948781652395418,51.0623878148388
39.2,-51.2559873487136,-49.6875496434397,-38.4432060140028,11.2443436294369,-38.4190735689451,-39.3858046101631,-11.8701827385505,-10.3017450332765,0.942598596160323,0.966731041218054,50.6301482396
39.3,-51.7810198538193,-49.8086355113393,-37.7858946428803,12.022740868459,-36.8715955037071,-37.8435396154821,-13.9374802383372,-11.9650958958572,0.0576449726018566,0.971944111774974,49.8662804839411
39.4,-51.3942600257482,-49.9265490873737,-40.6362856976127,9.29026338976097,-38.8018198371297,-39.7844323562365,-11.6098276695118,-10.1421167311372,-0.851853341376248,0.982612519106787,49.0746957459975
39.5,-50.2584086562494,-49.9865841001778,-43.3599261026365,6.62665799754132,-40.9539007579931,-41.951431712861,-8.3069769433884,-8.03515238731683,-1.40849438977552,0.99753095486782,48.5780897104023
39.6,-48.7686662450373,-49.9564468286509,-52.7019556307665,-2.74550880211555,-50.2464162145896,-51.2502902959919,2.48162405095462,1.29384346734101,-1.45166533477455,1.00387408140234,48.5047814938764
39.7,-47.5498479999731,-49.8381406764627,-58.9252999275954,-9.08715925113277,-57.1658770936661,-58.1678891057751,10.618041105802,8.32974842931247,-0.757410821820294,1.00201201210898,49.0807298546424
39.8,-47.0655451516127,-49.6727398711144,-61.7205093395048,-12.0477694683904,-60.8060627685923,-61.8089491431032,14.7434039914905,12.1362092719888,0.0884398035984333,1.00288637451087,49.7611796747128
39.9,-47.4680590619515,-49.5148330146292,-60.235561125733,-10.7207281111038,-60.2435528707193,-61.2387959144376,13.7707368524861,11.7239628998085,1.00323478870465,0.995243043718375,50.5180678033338
40,-48.6901488666528,-49.4201699479112,-55.8051283481533,-6.38495840024206,-56.4929608164058,-57.4696313481944,8.7794824815416,8.04946140028321,1.66450300004114,0.97667053178867,51.0846729479524
40.1,-50.389351833639,-49.4268754843364,-51.1133823212275,-1.6865068368911,-52.0457614407836,-53.0259319332555,2.63658009961654,3.59905644891908,1.91254961202798,0.980170492471927,51.3394250963644
40.2,-52.1429392536947,-49.5461175648037,-44.0713092683434,5.47480829646034,-44.6360789823358,-45.6236698505159,-6.51926940317879,-3.92244771428787,1.55236058217247,0.987590868180042,51.0984781469762
40.3,-53.3599957940771,-49.7544845684636,-39.3527215341521,10.4017630343115,-39.1140993596925,-40.1062343160374,-13.2537614780397,-9.64825025242623,0.753512781885277,0.992134956344849,50.5079973503489
40.4,-53.7101203746765,-50.0003871308487,-39.0177895783157,10.9825975525329,-37.7725986977833,-38.7636612471899,-14.9464591274866,-11.2367258836587,-0.25412833112577,0.991062549406642,49.7462587997229
40.5,-53.0644700687756,-50.2211599820442,-39.9397657176791,10.2813942643651,-37.6712069451248,-38.6600983762356,-14.40437169254,-11.5610616058086,-1.27966734144355,0.988891431110829,48.9414926406007
40.6,-51.5265278356835,-50.3564690291815,-43.5658482671894,6.79062076199203,-40.6118954932864,-41.6141549727261,-9.91237286295739,-8.74231405645532,-1.95169329446329,1.00225947943976,48.4047757347182
40.7,-49.4809709926915,-50.3668052678261,-49.3900912080421,0.976714059783916,-46.1956761017072,-47.2038487192379,-2.27712227345359,-3.16295654858814,-2.18624248880423,1.0081726175307,48.1805627790218
40.8,-47.4291034528105,-50.2428073550343,-55.2762221173632,-5.03341476232888,-52.4409797511062,-53.4672038468237,6.0381003940132,3.22439649178936,-1.80901827053953,1.02622409571745,48.4337890844948
40.9,-45.9124795080824,-50.0106393835855,-60.331944843773,-10.3213054601876,-58.3416461811345,-59.3781291999255,13.4656496918431,9.36748981634001,-0.953815643847548,1.03648301879102,49.0568237397379
41,-45.3448459172592,-49.7255829071319,-63.3740932856966,-13.6485103785647,-62.516895220323,-63.5700821426712,18.225236225412,13.8444992355393,0.195988856974559,1.05318692234822,49.9215717641064
41.1,-45.8342140689892,-49.4570626142,-61.808937687998,-12.351875073798,-61.9899864802264,-63.0313843336512,17.197170264662,13.5743217194512,1.22244664565321,1.04139785342482,50.6795092598532
41.2,-47.2831162096753,-49.2684096309,-57.6208728111845,-8.35246318028452,-58.6495515454543,-59.690347678189,12.4072314685138,10.421938047289,2.06947486700452,1.04079613273472,51.3378844979045
41.3,-49.4132858068273,-49.2079583140364,-52.8374108309761,-3.62945251693974,-54.2952229273521,-55.3479667418145,5.93468093498721,6.14000842777813,2.51055591083839,1.05274381446236,51.7185142248748
41.4,-51.8216861733703,-49.2982529231795,-47.2113040383986,2.08694888478087,-48.6311178247475,-49.7042019760285,-2.11748419734181,0.405949052848982,2.49289793762986,1.073084151281,51.7911508608093
41.5,-54.027284334187,-49.5320384757181,-42.1374008513173,7.39463762440077,-43.0738211921336,-44.1317462402273,-9.89553809395979,-5.40029223549081,1.99434538890996,1.05792504809365,51.526383864628
41.6,-55.5989814326509,-49.8736244329144,-39.9039094523378,9.96971498057661,-39.847097046386,-40.9078914115384,-14.6910900211125,-8.96573302137601,1.0039819592006,1.0607943651524,50.877606392115
41.7,-56.1613807051349,-50.2621027236616,-38.653440069017,11.6086626546445,-37.4583941009745,-38.5407452096551,-17.6206354954799,-11.7213575140065,-0.112694859361994,1.08235110868051,50.1494078642996
41.8,-55.6457150245498,-50.6267342255454,-40.3606728016587,10.2660614238868,-38.0888949207302,-39.1748605671069,-16.470854457443,-11.4518736584386,-1.18581223455183,1.08596564637666,49.4409219909936
41.9,-54.1248095690479,-50.9024231311135,-42.6836135306546,8.21880960045888,-39.4596802171228,-40.5413589799082,-13.5834505891397,-10.3610641512052,-2.14225455074636,1.08167876278541,48.7601685803671
42,-51.7918448346805,-51.0358809346397,-44.8922379997485,6.1436429348912,-41.0792851032741,-42.1485756214061,-9.64326921327442,-8.88730531323356,-2.74366237834236,1.06929051813202,48.2922185562973
42.1,-49.011054165698,-50.9955785916633,-49.8847903164498,1.11078827521354,-45.930352998713,-47.0009775571591,-2.01007660853883,-3.99460103450419,-2.88381275929065,1.07062455844615,48.1117658323727
42.2,-46.2288361908944,-50.778375712482,-54.9833047981042,-4.2049290856222,-51.3901750468443,-52.4665334139185,6.23769722302414,1.68815770143659,-2.51677138418562,1.07635836707421,48.2616043282963
42.3,-43.9117084639537,-50.4112500052514,-58.8923522036682,-8.48110219841676,-55.9195607425929,-57.000092250449,13.0883837864953,6.58884224519758,-1.89225995321918,1.08053150785607,48.5189900520322
42.3850627164791,-42.5059466457096,-50.0156162932295,-60.6467741496348,-10.6311578564053,-58.6022443306305,-59.6829505843385,17.177003938629,9.66733429110901,-0.963823565296245,1.08070625370805,49.0517927279333
42.4,-42.3388202346379,-49.9413349183921,-61.3795998378814,-11.4382649194893,-59.519399122317,-60.6001360619523,18.2613158273144,10.6588011435603,-0.779463775929052,1.08073693963536,49.161871142463
42.4259425142484,-42.1111293323929,-49.8106250005112,-61.8770146944585,-12.0663896939473,-60.3549074370881,-61.436229828984,19.3251004965911,11.6256048284728,-0.440784865474512,1.08132239189592,49.3698401350367
42.4605833371243,-41.9336913845793,-49.6348598953298,-61.8061165510328,-12.171256655703,-60.7015828971686,-61.7836870385844,19.8499956540051,12.1488271432546,-0.0224295124483405,1.08210414141588,49.6124303828815
42.5,-41.9141794736455,-49.4370090799159,-60.3275783481774,-10.8905692682615,-59.7627038448335,-60.845697513539,18.9315180398935,11.408688433623,0.518119165361554,1.08299366870546,49.9551282452775
42.5483242901499,-42.1657617494721,-49.204726128835,-61.9253302246144,-12.7206040957794,-62.0086294062508,-63.0956923008764,20.9299305514042,13.8909661720414,1.17036207626197,1.0870628946256,50.375088205097
42.6,-42.7503376790235,-48.9783855131476,-61.2053662493937,-12.2269807362461,-61.8988373649014,-62.9902516972266,20.2399140182031,14.011866184079,1.78488544783296,1.09141433232519,50.7632709609806
42.6644246371864,-43.9292516068072,-48.7428492666257,-60.5009504641164,-11.7581011974907,-61.9516314992117,-63.0502812765284,19.1210296697212,14.3074320099027,2.54933081241199,1.09864977731671,51.2921800790377
42.7,-44.7836234578329,-48.6411576892604,-57.4762118127498,-8.83505412348934,-59.2883957186257,-60.3910409174447,15.6074174596118,11.7498832281843,2.91482910469495,1.10264519881898,51.5559867939554
42.7454636145886,-46.0467328751159,-48.545801984539,-55.9388837286769,-7.39308174413797,-58.0507120054656,-59.1471963945295,13.1004635194136,10.6013944099905,3.20831266585257,1.09648438906392,51.7541146503915
42.7890290596988,-47.3799000456347,-48.493848731285,-56.0517681713799,-7.55791944009484,-58.3924377155096,-59.48301851724,12.1031184716053,10.989169785955,3.43125034586015,1.09058080173046,51.9250990771452
42.8,-47.7328778207032,-48.4871031923236,-55.9803742923232,-7.49327109999955,-58.3835790562774,-59.4726731773591,11.7397953566559,10.9855699850355,3.49229888503591,1.08909412108174,51.9794020773596
42.8204891032098,-48.4107866060389,-48.4815280298006,-52.0236395971121,-3.54211156731155,-54.519040739055,-55.6099042868637,7.19911768082483,7.12837625706313,3.58626468975158,1.09086354780867,52.0677927195521
42.8592740939382,-49.747273441661,-48.4965330394911,-54.0767976818443,-5.58026464235321,-56.6902924114559,-57.78450540792,8.03723196625896,9.28797236842892,3.70770772607572,1.09421299646415,52.2042407655668
42.9,-51.1999022657356,-48.5488089876974,-52.8514814392706,-4.3026724515732,-55.5049251085728,-56.6026551699825,5.40275290424687,8.05384618228507,3.75117373071187,1.09773006140964,52.2999827184093
42.9591455213138,-53.3397380799232,-48.6911760449282,-49.2542925752385,-0.563116530310317,-51.7867773125311,-52.8820853671434,-0.457652712779833,4.19090932221517,3.62779279190485,1.09530805461229,52.3189688368331
43,-54.7689365796046,-48.8336153789153,-48.2681983708037,0.565417008111531,-50.6184349470753,-51.7120700123744,-3.05686656723019,2.87845463345917,3.4438716415707,1.09363506529912,52.277487020486
43.0516973006525,-56.4851403118255,-49.0612619621751,-46.9725217602005,2.0887402019746,-49.0599171633022,-50.1575083097517,-6.32763200207385,1.09624634757654,3.18498654955114,1.09759114644952,52.2462485117263
43.1,-57.9675174885225,-49.317219897889,-44.5083727585678,4.80884713932124,-46.1973141127923,-47.2986015721246,-10.6689159163979,-2.01861832576446,2.79022881355678,1.10128745933222,52.1074487114458
43.1740995799244,-59.8831846286236,-49.7767128573615,-42.2397314636525,7.53698139370903,-43.1824610042184,-44.2807045902897,-15.6024800383339,-5.49600826707177,2.04097312663726,1.09824358607139,51.8176859839988
43.2,-60.4259712427681,-49.9521757184246,-39.4356995560358,10.5164761623888,-40.0689478793963,-41.1661275242659,-19.2598437185021,-8.78604819415864,1.73042796823014,1.09717964486966,51.6826036866547
43.2318635606136,-60.9861666486763,-50.1755026542853,-40.3833935850312,9.79210906925412,-40.6067533723019,-41.7084930478673,-19.277673600809,-8.467009606418,1.32509946283611,1.10173967556541,51.5006021171214
43.2761147239106,-61.5640633930195,-50.4946103077619,-40.7000826269202,9.79452768084168,-40.3391082107333,-41.4471807210187,-20.1168826720008,-9.04742958674326,0.747098094098426,1.1080725102854,51.2417084018604
43.3,-61.772427089192,-50.66892723419,-40.5654029982851,10.1035242359049,-39.887499247765,-40.9989900072995,-20.7734370818924,-9.66993722689049,0.433587009014431,1.11149075953458,51.1025142432045
43.3312215671474,-61.9345326712755,-50.8965605341938,-39.3585051447616,11.5380553894322,-38.2343648068865,-39.3495843573898,-22.5849483138858,-11.546976176804,-0.00892078737179958,1.11521955050325,50.887639746822
43.3686961883048,-61.9504222969161,-51.1659748450864,-40.2953606083674,10.870614236719,-38.6298054874708,-39.7495006310238,-22.2009216658923,-11.4164742140626,-0.54585997734366,1.11969514355295,50.6201148677428
43.4,-61.8109170587786,-51.3846304978401,-39.8087633884884,11.5758671093518,-37.682746171727,-38.8061799287129,-23.0047371300657,-12.5784505691272,-1.00258345977547,1.12343375698586,50.3820470380647
43.4573482107536,-61.2032310871969,-51.7607464528618,-39.5787968663552,12.1819495865066,-36.6701338228439,-37.7901067603235,-23.4131243268734,-13.9706396925384,-1.78869010603171,1.1199729374796,49.9720563468301
43.5,-60.4702081869395,-52.0123943017248,-40.009220329147,12.0031739725777,-36.5434077640168,-37.6608067738662,-22.8094014130733,-14.3515875278586,-2.34841355528084,1.11739900984941,49.6639807464439
43.5567910044397,-59.1223804520252,-52.298959533777,-40.5147218740117,11.7842376597653,-36.3587754391821,-37.4739527595045,-21.6484276925207,-14.8250067742725,-3.04076911450723,1.11517732032246,49.2581904192698
43.6,-57.8406612007597,-52.4726814595551,-39.6014934878231,12.871187971732,-34.9555484819795,-36.0690354470449,-21.7716257537147,-16.4036460125102,-3.53245804077815,1.11348696506544,48.9402234187769
43.6596922843201,-55.7208589396848,-52.6395178519615,-41.1009181613232,11.5385996906382,-35.8828501419405,-37.0076281796038,-18.713230760081,-15.6318896723577,-4.09328998171947,1.12477803766331,48.546227870242
43.7,-54.099756755264,-52.69918320984,-42.0036352795163,10.6955479303237,-36.4487453709746,-37.581147800118,-16.518608955146,-15.118035409722,-4.42248747939828,1.13240242914339,48.2766957304417
43.757496846345,-51.5458611508995,-52.7042987370613,-44.1097352640324,8.5945634730289,-38.1451193695112,-39.2841532291507,-12.2617079217488,-13.4201455079106,-4.82558203488166,1.1390338596395,47.8787167021796
43.8,-49.5089173986998,-52.6443370742666,-47.2886322473703,5.3557048268963,-41.1568813196254,-42.3008173039421,-7.20810009475773,-10.3435197703244,-4.98781494342815,1.14393598431669,47.6565221308384
43.8542660196301,-46.8086577618661,-52.4869653997331,-44.9339485935542,7.5530168061789,-38.729315796265,-39.8638634610622,-6.94479430080386,-12.6231019386708,-5.07008513249195,1.13454766479728,47.4168802672411
43.9,-44.481608695787,-52.2840361677175,-48.0722133533773,4.21182281434018,-41.8960649734458,-43.0227004083885,-1.45890828739856,-9.26133575932905,-5.04951294498887,1.12663543494271,47.2345232227286
44,-39.4958773813884,-51.6252323259664,-50.5294174551798,1.09581487078665,-44.7946828515989,-45.9284467364144,6.43256935502598,-5.69678558955199,-4.60097071876534,1.13376388481554,47.0242616072011
44.1,-34.9878831551975,-50.7042163479007,-51.8859348079831,-1.18171846008245,-46.9816029607992,-48.1213036701004,13.1334205149029,-2.58291267780025,-3.7646311378827,1.13970070930127,46.939585210018
44.2,-31.3779348399684,-49.5817251615178,-53.1506449095374,-3.56891974801957,-49.4300548835433,-50.5627013278402,19.1847664878717,0.980976166322364,-2.58794358169721,1.13264644429681,46.9937815798206
44.3,-28.9717102541401,-48.3375841795306,-53.8877748338798,-5.55019065434916,-51.7058108888092,-52.8277126003381,23.856002346198,4.49012842080747,-1.06006223354169,1.12190171152885,47.2775219459889
44.4,-28.1208476895646,-47.0682302197317,-54.8437827055892,-7.77555248585747,-54.38799574902,-55.5153629215827,27.3945152320181,8.44713270185095,0.67158021599348,1.12736717256264,47.7398104357252
44.5,-28.9845656091926,-45.8803824753298,-55.0250220908899,-9.14463961556007,-56.2997566628237,-57.417171480984,28.4326058717914,11.5367890056542,2.39214939009416,1.11741481816029,48.272531865424
44.6,-31.5417052979195,-44.8777366519553,-55.0405701412898,-10.1628334893345,-58.0073585742795,-59.133445406863,27.5917401089435,14.2557087549077,4.09287526557319,1.12608683258348,48.9706119175285
44.7,-35.7403111349294,-44.1556250260701,-55.5309301603854,-11.3753051343153,-59.9213874361086,-61.0487963309461,25.3084851960168,16.893171304876,5.51786617056075,1.12740889483749,49.6734911966308
44.8,-41.2923267689347,-43.7922262848063,-56.0842069994024,-12.2919807145961,-61.5380875598875,-62.6501398536739,21.3578130847392,18.8579135688677,6.56593285427152,1.11205229378643,50.3581591390778
44.9,-47.8867929243016,-43.841125124219,-53.8649453073988,-10.0238201831798,-59.9265817282664,-61.0486975077862,13.1619045834846,17.2075723835672,7.18375220038743,1.12211577951975,51.0248773246064
45,-55.0775103832509,-44.3280504153752,-53.2905318356265,-8.96248142025125,-59.5311325552436,-60.6461003273856,5.56858994413471,16.3180499120104,7.35556849175913,1.114967772142,51.6836189071343
45.1,-62.4082805584428,-45.2487915526427,-55.6868115441429,-10.4380199915002,-61.6256982090334,-62.7375258555725,0.329245297129653,17.4887343029298,7.05071431142956,1.11182764653905,52.2995058640722
45.2,-69.4237553606625,-46.5703782752219,-56.1741734677343,-9.60379519251235,-61.3129089404028,-62.4456991930901,-6.97805616757231,15.8753209178682,6.27152572535585,1.13279025268731,52.8419040005778
45.3,-75.6717670034755,-48.2317334299563,-57.9203519664719,-9.68861853651567,-61.9005771502515,-63.0328351030142,-12.6389319004612,14.801101673058,5.11248313654232,1.13225795276279,53.3442165664986
45.4,-80.8174538613339,-50.1512352845621,-55.9685175476212,-5.81728226305909,-58.5306820867832,-59.6631947335571,-21.1542591277768,9.51195944899504,3.69467718593594,1.13251264677389,53.845912470498
45.5,-84.5467131363421,-52.2319116164315,-58.5781649482566,-6.34625333182503,-59.5262877380069,-60.6705882689927,-23.8761248673494,8.43867665256117,2.09242332073614,1.14430053098577,54.3243349371677
45.5892954162796,-86.5611927672847,-54.1403378156557,-59.5505266139258,-5.41018879827016,-58.8536289686201,-60.0112305311655,-26.5499622361193,5.87089271550978,0.460703917239627,1.15760156254533,54.6010417328953
45.6,-86.706437593865,-54.3683938913779,-56.8961625712714,-2.52776867989345,-56.0109143592064,-57.1701104269552,-29.5363271669099,2.80171653557721,0.273947855683758,1.15919606774872,54.6423417470617
45.6209672392238,-86.9319163018756,-54.8130737243898,-56.3519738890624,-1.53890016467261,-55.0757550692114,-56.2342580123559,-30.6976582895197,1.42118428796611,-0.117715876706498,1.15850294314448,54.6953578476833
45.6587420978435,-87.1434032870088,-55.6045939242653,-58.1652233520922,-2.56062942782696,-56.2271835749486,-57.3844377755357,-29.7589655114732,1.7798438512704,-0.780785576556561,1.15725420058702,54.8238083477087
45.7,-87.0880906492158,-56.4491247025264,-59.6163557487834,-3.16723104625704,-56.9353881146303,-58.0912784319326,-28.9968122172832,1.64215372940627,-1.52507731685078,1.15589031730229,54.9240473856756
45.760844686266,-86.4509495975623,-57.6410445347692,-60.9774416663444,-3.33639713157517,-57.2021534493459,-58.3550442970564,-28.0959053005059,0.713999762287251,-2.62239736928792,1.15289084771055,55.0186471654813
45.8,-85.6972140520165,-58.3646688192978,-59.6305419919155,-1.26587317261767,-55.2257397659216,-56.3767003682795,-29.320513683737,-1.98796845101829,-3.25384162363596,1.15096060235787,55.1108271956618
45.8438906937716,-84.5546656541609,-59.1270883037062,-60.8824865259972,-1.75539822229107,-55.7723853909804,-56.9204500579992,-27.6342155961617,-2.20663824570699,-3.96203646799806,1.14806466701881,55.1650518357081
45.9,-82.6417235438975,-60.0152968002296,-62.3136930768149,-2.2983962765853,-56.3494924665303,-57.4938550065423,-25.1478685373551,-2.52144179368727,-4.81983807027257,1.14436254001205,55.195458729957
45.9619104621408,-79.9750616125903,-60.8666195474093,-60.9978780247279,-0.131258477318639,-54.2501539823543,-55.3990300307071,-24.5760315818832,-5.4675895167022,-5.59884799402084,1.1488760483528,55.2677715533884
46,-78.081528564214,-61.3163909512418,-61.7418575556487,-0.425466604406886,-54.5536322108491,-55.7052851314926,-22.3762434327214,-5.61110581974921,-6.0365724241561,1.1516529206435,55.2798185270857
46.0581577556017,-74.8489474690556,-61.8859063355386,-59.9492406589603,1.93666567657823,-52.1874079198088,-53.3388988595684,-21.5100486094873,-8.54700747597021,-6.61034179939198,1.15149093975955,55.2755645361466
46.1,-72.2930107776292,-62.2034785177384,-62.8714663009369,-0.667987783198583,-54.7211005038777,-55.8724749046879,-16.4205358729414,-6.33100361305049,-6.99899139624907,1.15137440081021,55.2044871214893
46.1458801925074,-69.2862990797701,-62.4590149716207,-59.110873685477,3.34814128614374,-50.655688067847,-51.8097087020312,-17.4765903777389,-10.6493062695896,-7.30116498344582,1.15402063418411,55.1578499881749
46.2,-65.5298619503395,-62.6323081896934,-60.7583906807345,1.87391750895888,-52.0605527455722,-53.217694849675,-12.3121671006645,-9.41461334001843,-7.54069583105955,1.15714210410281,55.0916123586339
46.3,-58.2603168752282,-62.5840828023223,-60.5128105941813,2.07127220814096,-51.8082040444234,-52.9795617103432,-5.28075516488502,-9.60452109197906,-7.5332488838381,1.17135766591983,55.0508339184842
46.4,-50.9281582094858,-62.0723900744131,-59.1208045767765,2.95158549763659,-50.7230477166726,-51.9073882603363,0.979230050850482,-10.1650018140768,-7.21341631644025,1.1843405436637,54.8589737579729
46.5,-43.8164920093889,-61.1320822846643,-58.4566668471053,2.67541543755893,-50.6262295627655,-51.8040399630776,7.9875479536887,-9.32804232158664,-6.65262688402772,1.17781040031217,54.4794554006365
46.6,-37.3100501386324,-59.8153078075389,-56.5885768463317,3.22673096120712,-49.8805239340888,-51.0512922913896,13.7412421527573,-8.76401551614921,-5.53728455494208,1.17076835730087,54.2780232525968
46.7,-31.8524073424235,-58.1999871021582,-53.7722698550478,4.42771724711045,-48.5190678774406,-49.6988229386997,17.8464155962762,-8.50116416345853,-4.07344691634808,1.17975506125915,54.1265401858102
46.8,-27.7890792536701,-56.3838217674522,-53.2481751546112,3.13564661284099,-49.5919052858343,-50.7784863241772,22.9894070705071,-5.605335443275,-2.469688830434,1.18658103834288,53.9141329370182
46.9,-25.2746901670741,-54.4735089672526,-50.8752774030606,3.59823156419203,-48.935873961446,-50.1325719595784,24.8578817925043,-4.34093700767423,-0.742705443482201,1.19669799813244,53.7308035237704
46.9642414581199,-24.507364067025,-53.246810902584,-51.6840218315731,1.56278907101082,-50.8092267956489,-52.0093159888831,27.5019519218581,-1.23749491370084,0.325294157309976,1.20008919323424,53.5721050598939
46.992686967481,-24.3804645910691,-52.7125631244386,-49.5555947960256,3.15696832841294,-49.1534919378969,-50.3550827202114,25.9746181291423,-2.35748040422713,0.799487924185804,1.20159078231452,53.5120510486244
47,-24.3694041775215,-52.5765410358359,-99.8647330558362,-47.2881920200003,-99.6134045177336,-100.815381342345,76.4459771648237,48.2388403065093,0.950648286508965,1.20197682461155,53.5271893223449
47.0079555181244,-24.379201271943,-52.429297843271,-97.7768577860443,-45.3475599427733,-97.9076360770245,-99.108509537563,74.72930826562,46.679211694292,1.33165175151873,1.20087346053853,53.7609495947897
47.0229347469695,-24.4779373600068,-52.1546101777684,-98.8397410166613,-46.6851308388929,-99.7092053845709,-100.908001350886,76.4300639908791,48.7533911731174,2.06826033422458,1.19879596631495,54.222870511993
47.0440292755898,-24.7957387307031,-51.7751040554351,-96.9404834290268,-45.1653793735917,-98.8117947114651,-100.007665042434,75.2119263117313,48.2325609869994,3.06718161340767,1.1958703309694,54.8422856688427
47.0821293570044,-25.8923675582309,-51.119458168572,-95.8012310893592,-44.6817729207872,-99.4562620527568,-100.64684821991,74.7544806616791,49.527390051338,4.84561713055079,1.19058616715321,55.9650752991228
47.1,-26.6332230165679,-50.8287830889366,-94.0443685299485,-43.2155854410119,-98.4983603577622,-99.6864680156424,73.0532449990745,48.8576849267058,5.64209948569389,1.1881076578802,56.4708825746305
47.1267110763208,-28.0033360191683,-50.4187897837721,-93.2536599652016,-42.8348701814295,-98.905507077001,-100.091689445784,72.0883534266154,49.6728996620116,6.83802948058211,1.18618236878275,57.2568192643542
47.1569663723733,-29.9367873680178,-49.9954749862396,-91.6019342352871,-41.6064592490475,-98.5331326414358,-99.7171342597715,69.7803468917537,49.7216592735319,8.11520002448435,1.18400161833564,58.1106750107239
47.2,-33.3366793762924,-49.4814594102905,-90.1355757127303,-40.6541163024397,-98.7552113254306,-99.9361111528426,66.5994317765502,50.4546517425521,9.80053544011236,1.18089982741199,59.2819948504029
47.2583129136272,-39.0835675956417,-48.9786979865462,-87.2930740888138,-38.3143761022676,-97.960659766445,-99.1391438428752,60.0555762472335,50.160445856329,11.8460697540614,1.17848407643017,60.8247677406076
47.3,-43.9228078562576,-48.7754479354372,-86.3708550663253,-37.5954071308881,-98.3241208901315,-99.5008779799721,55.5780701237145,50.7254300445349,13.1300229136468,1.17675708984056,61.905470849084
47.3877212759003,-55.7872079411435,-48.8296346070043,-85.3841606881654,-36.5545260811611,-99.3836600847841,-100.559235818567,44.7720278774237,51.729601211563,15.1750751304019,1.17557573378321,64.0047097374062
47.4,-57.5995125851072,-48.8928937775889,-86.1103994251149,-37.2175056475259,-100.337635557906,-101.513045932203,43.9135333470962,52.6201521546145,15.4026465070885,1.17541037429723,64.2955402846775
47.4225776849134,-61.0154560168989,-49.0463959543809,-83.5952159862754,-34.5488200318946,-98.1714953916941,-99.3475387192516,38.3320827023527,50.3011427648707,15.7523227329762,1.17604332755745,64.798718687357
47.4509508701898,-65.4395055442052,-49.3085771889274,-84.7868625494269,-35.4782853604995,-99.7401666342042,-100.917005388759,35.477499844554,51.6084281998318,16.1301428393323,1.17683875455505,65.4387200282597
47.4862032472146,-71.1142282233831,-49.7433593075682,-85.1669893452581,-35.4236300376899,-100.489215650205,-101.667042686201,30.5528144628174,51.9236833786323,16.5000533409424,1.17782703599551,66.2434126485106
47.5,-73.3815234627884,-49.9467143236921,-84.0676526217472,-34.1209382980551,-99.4942223909995,-100.672436211543,27.2909127487547,50.725721887851,16.6047835897959,1.17821382054359,66.551497913488
47.5277397679711,-78.0012583382991,-50.4123295655692,-83.3798072658309,-32.9674777002618,-98.9599054829187,-100.138542182138,22.1372838438388,49.7262126165688,16.758734916307,1.17863669921924,67.1710644818761
47.5597790098169,-83.4160805990786,-51.0443765592014,-84.9422846962499,-33.8979081370485,-100.558222989534,-101.737348110724,18.3212675116458,50.6929715515229,16.7950634144744,1.17912512119071,67.8394399736759
47.6,-90.2686425884097,-51.9796110781684,-83.2265826447629,-31.2469715665945,-98.7055220567266,-99.8852603264872,9.61661773807748,47.9056492483188,16.6586776817243,1.17973826976065,68.6382887598927
47.6561386613889,-99.8298769990189,-53.5426368632355,-83.2051498820738,-29.6625130188383,-98.2945873107446,-99.4719973102406,-0.357879688778254,45.9293604470051,16.2668474281668,1.17740999949596,69.8094842914023
47.7,-107.182593512069,-54.9647917287771,-83.4049597690296,-28.4401680402525,-97.8801481522866,-99.0557390658277,-8.12685444624177,44.0909473370506,15.6507792967981,1.1755909135411,70.6155710255752
47.7622730947245,-117.248750452613,-57.2661733756625,-83.5208418638128,-26.2546684881503,-96.8414807955379,-98.019813979347,-19.2289364732663,40.7536406036845,14.4989721155342,1.17833318380907,71.7651454911966
47.8,-123.050219886701,-58.8086564064216,-85.5003845658904,-26.6917281594687,-97.949743436399,-99.1297379696415,-23.9204819170595,40.3210815632199,13.6293534037511,1.17999453324254,72.4380098101728
47.8409813953096,-129.034385898511,-60.598372267142,-88.0068683357045,-27.4084960685626,-99.4370336009516,-100.618360098456,-28.4160258000549,40.0199878313137,12.6114917627512,1.18132649750414,73.2098640298931
47.8837164329336,-134.875595180511,-62.5781469379577,-88.8957351014978,-26.3175881635401,-99.1052580449032,-100.287973502993,-34.587621677518,37.7098265650354,11.3922384014953,1.18271545808989,73.970385339453
47.9,-136.98185694725,-63.3598764682982,-89.4756032723132,-26.115726804015,-99.1834445687718,-100.366689270174,-36.6151676770761,37.0068128018755,10.8910859978605,1.18324470140188,74.2509624661587
47.9399737651108,-141.839382338499,-65.3352237043578,-91.2973189714619,-25.9620952671041,-99.67857776405,-100.861728109011,-40.9776542294877,35.5265044046534,9.56440913754929,1.18315034496121,74.8996328419071
47.9902827444896,-147.263451377053,-67.9169620105405,-92.3514904771119,-24.4345284665714,-98.9851023481982,-100.168133940867,-47.095317436186,32.2511719303269,7.81664346375547,1.18303159266917,75.733605474296
48,-148.217874437113,-68.4256910441754,-91.978780546693,-23.5530895025175,-98.2633083710123,-99.4463170264965,-48.7715574106166,31.0206259823211,7.46753647980356,1.18300865548422,75.893227523979
48.014569129588,-149.590788328918,-69.1935018859474,-91.4923363489344,-22.298834462987,-97.2425301283348,-98.4252604559266,-51.1655278729916,29.2317585699792,6.9329241069922,1.18273032759174,76.1264259929396
48.0381530979106,-151.660424884517,-70.4475948985047,-93.8277282180198,-23.3801333195151,-98.6833034925981,-99.865583273288,-51.7948416112295,29.4179883747832,6.03785505526814,1.18227978068981,76.4854499537729
48.0721530284466,-154.288458886556,-72.2741009127466,-95.7285230309811,-23.4544221182345,-99.2277550027353,-100.409385250524,-53.879073636032,28.1352843377773,4.68086221954279,1.18163024778852,76.9549631322894
48.1,-156.120423584746,-73.7801592084492,-96.8676908120576,-23.0875316036084,-99.2683125069901,-100.449410767685,-55.6710128170612,26.669251559236,3.58171995562755,1.18109826069501,77.3618791640767
48.1403463199963,-158.25691217059,-75.9665939935863,-98.3866084392163,-22.42001444563,-99.1759793797964,-100.352308522459,-57.9046036481314,24.3857145288726,1.96570008324252,1.17632914266244,77.9322940768288
48.1925093205553,-160.089309895749,-78.7769595098902,-99.184574466855,-20.4076149569648,-97.8388919357341,-99.0090551751215,-61.0802547206278,20.2320956652314,-0.17551929173348,1.17016323938746,78.6014402181567
48.2,-160.263371046749,-79.1771479280092,-98.3029245142894,-19.1257765862802,-96.6557403999242,-97.8250182070239,-62.4383528397253,18.6478702790147,-0.477906307265471,1.16927780709973,78.6992416207438
48.2113914558345,-160.485408328396,-79.7834644299426,-99.8467245429338,-20.0632601129912,-97.7397613999764,-98.9104930890598,-61.5749152393364,19.1270286591172,-0.936231453874001,1.17073168908341,78.8472329760686
48.229021702202,-160.731554858562,-80.7156944064895,-101.552298623484,-20.8366042169944,-98.7727550095559,-99.9457368322424,-60.7858180263192,19.2300424257529,-1.60656179124149,1.17298182268654,79.109132615248
48.2616615118775,-160.880150874158,-82.4179807471026,-103.540794568605,-21.1228138215025,-99.558560204157,-100.735707818462,-60.1444430556955,18.3177270713595,-2.80508675014308,1.17714761430508,79.6128939969596
48.2958149693801,-160.609124430217,-84.159241011076,-105.586964720492,-21.427723709416,-100.277956596004,-101.459463187534,-59.1496612426834,17.3002221764581,-4.12750153295798,1.18150659153024,80.031739478118
48.3,-160.545039705963,-84.3693673287195,-103.788002647924,-19.4186353192044,-98.3244503298511,-99.5064910533402,-61.0385486526227,15.1371237246207,-4.28151159458366,1.18204072348912,80.0878557341358
48.3110619619566,-160.34455075986,-84.921063287052,-103.488808684658,-18.5677453976058,-97.6188046235698,-98.8024708643816,-61.5420798954782,13.8814075773297,-4.68633782027614,1.18366624081186,80.2347254667759
48.3319325497716,-159.841684633225,-85.9464056118543,-106.344393926022,-20.3979883141673,-99.7155310905536,-100.902264192575,-58.9394204406495,14.955858580721,-5.44212973344634,1.18673310202169,80.504275878408
48.3707447612259,-158.493711811963,-87.7935483982292,-104.85156377293,-17.0580153747003,-96.8778314866501,-98.0702679098639,-60.4234439020989,10.2767195116347,-6.78129586306567,1.19243642321376,81.0122525351636
48.4,-157.12475904777,-89.1287438665885,-106.235030320176,-17.106286453588,-97.3075328368252,-98.5042682169143,-58.6204908308552,9.37552435032583,-7.73076210326212,1.19673538008912,81.3979817633264
48.4372768334423,-154.969324759637,-90.7507999915449,-106.635017815894,-15.8842178243492,-96.555101180847,-97.7543984797273,-57.2149262799096,7.00359848818236,-8.88061933616679,1.19929729888025,81.8701806553781
48.5,-150.358400051691,-93.2571749651592,-112.797561280651,-19.5403863154916,-100.962604180461,-102.166212244076,-48.1921878076144,8.9090372789171,-10.6313490365745,1.20360806361548,82.6258259285847
48.5800130122555,-142.868912502213,-95.9988889617457,-112.686725209375,-16.687836247629,-99.0011630529341,-100.198719143773,-42.6701933584397,4.19983018202748,-12.4880060656016,1.19755609083904,83.5108828961441
48.6,-140.75034956198,-96.5974309450699,-112.608860451829,-16.0114295067592,-98.5354333662936,-99.7314776942043,-41.0188718677758,3.13404674913441,-12.8773827576248,1.19604432791071,83.7200481874451
48.6674783727804,-132.991399937853,-98.3482380878232,-113.39792556366,-15.0496874758366,-98.2860636398442,-99.4865062585213,-33.5048936793313,1.13826817069804,-13.9114193051386,1.20044261867703,84.4368187826847
48.7,-128.969562773453,-99.0391850855473,-116.599225424573,-17.5600403390253,-101.130616016167,-102.333178418811,-26.6363843546425,3.29399333326369,-14.2660470057617,1.20256240264352,84.7731380797856
48.7556436991314,-121.766475214177,-99.9859082306434,-113.774791233125,-13.7888830024813,-97.926122315974,-99.1228211100699,-22.6436541041069,-0.863087120573539,-14.6519701230548,1.19669879409585,85.3339381075886
48.8,-115.817921786015,-100.526763246702,-115.560692420452,-15.0339291737505,-99.5646302141147,-100.756654840444,-15.0612669455719,0.229891593741812,-14.8040375800087,1.19202462632886,85.7227256666931
48.8485812224865,-109.18010202412,-100.902998042337,-113.921866245729,-13.0188682033917,-98.0177294602045,-99.2119715017723,-9.96813052234783,-1.69102654056465,-14.7098947439563,1.19424204156773,86.1931032983806
48.9,-102.123839045985,-101.060226758042,-115.3954097701,-14.3351830120582,-99.7964201868179,-100.993009159463,-1.13082988652222,-0.0672175985792762,-14.4024006106374,1.19658897264495,86.6578261474047
48.9637334227167,-93.5281645634126,-100.925243346984,-112.326520967857,-11.4012776208729,-97.4774119838729,-98.6779602611132,5.14979569770058,-2.2472830858712,-13.6485607067441,1.20054827724034,87.2766826402403
49,-88.7889868105021,-100.694507838806,-113.905784225015,-13.211276386209,-99.5611055570532,-100.763906818991,11.974920008489,0.0693989801847437,-13.1418774060243,1.20280126193781,87.552630432782
49.0476364683647,-82.7980558706403,-100.233423723554,-113.045920876933,-12.8124971533793,-99.5954266113995,-100.804146036624,18.0060901659835,0.570722313070007,-12.2417748403093,1.2087194252243,87.9916488832445
49.1,-76.6197825764593,-99.5364633679692,-111.207671821067,-11.6712084530977,-98.8706271779899,-100.085852037834,23.4660694613749,0.54938866986501,-11.1218197832327,1.21522485984433,88.4146435847365
49.1751614009687,-68.6562369503277,-98.2323697720278,-109.327539100847,-11.0951693288194,-98.8592076702201,-100.085023676454,31.428786726126,1.85265390442592,-9.24251542439343,1.22581600623363,88.9898543476344
49.2,-66.296530438444,-97.7335944834521,-108.078401121197,-10.3448066377447,-98.2635576855868,-99.492873749497,33.1963433110531,1.75927926604493,-8.58552737169973,1.22931606391025,89.1480671117524
49.2343580295978,-63.276060046149,-96.9964774175181,-108.015643314227,-11.0191658967088,-99.1996376510846,-100.432324081507,37.1562640353579,3.4358466639888,-7.58331923271999,1.23268643042225,89.4131581847981
49.2877845872736,-59.2002502686584,-95.7587389704845,-107.429586276716,-11.6708473062315,-100.229695212844,-101.467622545697,42.2673722770383,5.70888357521224,-5.96196373101924,1.23792733285319,89.7967752394653
49.3,-58.3781463804285,-95.4627762471833,-105.555729801559,-10.0929535543756,-98.7330567518257,-99.9721823611361,41.5940359807076,4.50940611395278,-5.58354744042281,1.23912560931041,89.8792288067605
49.3198211587936,-57.1339641035009,-94.9740962476136,-106.228546665948,-11.2544504183343,-100.031101714325,-101.26828504877,44.1343209452696,6.29418880115685,-4.96026161717744,1.23718333444596,90.0138346304362
49.3479593082625,-55.5619636959251,-94.2651979549277,-103.693147171259,-9.427949216331,-98.3701186663333,-99.6045447442023,44.0425810482773,5.33934678927467,-4.08860242705633,1.23442607786905,90.1765955278713
49.3891854115029,-53.6793077655684,-93.2030636778474,-101.508152404418,-8.3050887265709,-97.5361528933341,-98.7665392263569,45.0872314607885,5.56347554850952,-2.74161317806139,1.23038633302282,90.461450499786
49.4,-53.272403657158,-92.9213740490092,-102.217666788149,-9.29629273913989,-98.5961924628592,-99.8255190746202,46.5531154174622,6.904145025611,-2.39214771352889,1.22932661176101,90.5292263354803
49.4276971477207,-52.393533312699,-92.1970818775314,-103.265323596887,-11.0682417193553,-100.551331879571,-101.783986165308,49.3904528526085,9.58690428777621,-1.48133743157909,1.2326542857368,90.7157444459523
49.4773261853954,-51.4108448930396,-90.9004914413641,-100.431050180564,-9.53055873920002,-99.3119191232616,-100.550536090022,49.1396911969821,9.65004464865754,0.119485909457524,1.23861696676009,91.0199773508217
49.5,-51.2156556826336,-90.314115740593,-99.5507634840019,-9.23664774340892,-99.1591885264772,-100.400529638826,49.1848739561927,10.0864138982333,0.849766154824337,1.24134111234909,91.1638818954173
49.5375539797964,-51.2400231746915,-89.3593240554228,-99.2525830087392,-9.89325895331639,-100.042959691726,-101.281202958476,50.041179783784,11.9218789030527,2.0286199497363,1.23824326674955,91.3879440051591
49.5885741831899,-51.9575634835863,-88.1107722368376,-95.9126969399182,-7.80192470308057,-98.2138485256627,-99.4478831116432,47.4903196280569,11.3371108748056,3.53518617172502,1.2340345859805,91.6459584085626
49.6,-52.2212495727356,-87.8409780127454,-96.7215667059315,-8.88058869318604,-99.3441766508445,-100.577268715779,48.3560191430431,12.7362907030333,3.85570200984729,1.2330920649343,91.6966800225927
49.6204623168099,-52.7887116024902,-87.3683136701442,-94.7364528731989,-7.3681392030547,-97.9566444433271,-99.1879832037352,46.3992716012449,11.8196695335909,4.45153033053624,1.23133876040808,91.8198440006805
49.6567301097828,-54.0868248393101,-86.5675938401611,-93.9021001632084,-7.33450632304725,-98.1107674574858,-99.3389986281637,45.2521737888536,12.7714047880025,5.43689846495529,1.22823117067782,92.0044923051164
49.7,-56.1093687365448,-85.6832665913039,-94.6059668535839,-8.92270026227997,-99.9524745727309,-101.176998182086,45.0676294455417,15.4937315907826,6.57103132850261,1.22452360935561,92.2542979198065
49.7632629790273,-59.9208066256771,-84.5526290000973,-92.3438296410646,-7.79120064096725,-99.0861646846373,-100.33022215265,40.4094155269728,15.7775931525526,7.98639251158534,1.24405746801258,92.5390215116826
49.8,-62.5465449950556,-83.9953006754512,-91.1144157326521,-7.11911505720097,-98.5805286851255,-99.8359295294095,37.2893845343539,15.8406288539583,8.72151379675736,1.25540084428403,92.7168144722085
49.8464251544229,-66.2502429130901,-83.405061145773,-90.4470064356922,-7.04194528991923,-98.6703570647022,-99.925443404963,33.6752004918729,16.5203822591901,9.47843696927083,1.25508634026087,92.8834981150438
49.9,-71.0015429086168,-82.8922208021149,-90.4670754504824,-7.57485464836751,-99.503415738457,-100.758139139603,29.7565962309858,17.8659183374877,10.2910636891202,1.25472340114557,93.1832844912351
49.961827002192,-77.017299052755,-82.5374673890492,-86.1146421388736,-3.57717474982438,-95.7064884119672,-96.959427856522,19.942128803767,14.4219604674728,10.8447857176484,1.25293944455476,93.3822531066976
50,-80.9343496240505,-82.449053322997,-89.9033293192463,-7.45427599624928,-99.7378845462217,-100.989722546931,20.0553729228808,18.5406692239343,11.086393227685,1.25183800070955,93.535446550682
50.0458438751403,-85.7954229157769,-82.4762884425948,-88.8035738960028,-6.32728545340801,-98.7843188970602,-100.038996560214,14.2435736444376,17.5627081176197,11.2354226642117,1.25467766315431,93.7117111068065
50.1,-91.6677026719896,-82.6955841474484,-88.3607038415312,-5.66511969408283,-98.3385755310045,-99.5966077341808,7.92890506219119,16.9010235867324,11.2359038926495,1.25803220317621,93.9314880400979
50.1656615791859,-98.8292268714582,-83.2276945053706,-88.6465906813666,-5.41889617599598,-98.2750920467861,-99.5295604984749,0.700333627016676,16.3018659931043,10.8829698171083,1.25446845168874,94.1106643224789
50.2,-102.518449305554,-83.617662391524,-89.5395385178028,-5.92187612627885,-98.9153586994646,-100.16796344943,-2.35048585612338,16.5503010579065,10.6284249316277,1.25260474996588,94.2460873231516
50.2561255688695,-108.404311670677,-84.4108879993436,-90.8928768693233,-6.48198886997967,-99.6912519508977,-100.948194711262,-7.45611695941557,16.5373067119179,10.0553178419382,1.25694276036388,94.4662058412819
50.3,-112.826788542736,-85.1572759838891,-89.9260714518723,-4.76879546798322,-98.1276708065471,-99.3880046726456,-13.4387838700904,14.2307286887565,9.4619332207733,1.26033386609848,94.6192092046624
50.3708703708136,-119.47439190785,-86.5729295640575,-93.2094257049906,-6.6364961409331,-100.263641410051,-101.524374414906,-17.9500174929441,14.951444850848,8.31494870991492,1.26073300485403,94.8878782739724
50.4,-122.005919204316,-87.2218142934935,-91.6715045128269,-4.44969021933336,-98.1650653374634,-99.4259623990849,-22.5799568052307,12.2041481055914,7.75445788625804,1.26089706162148,94.9762721797515
50.4497920256351,-125.995440561813,-88.4087053788153,-93.2345037764546,-4.82579839763932,-98.6960458304217,-99.9571577752708,-26.0382827865418,11.5484523964555,6.72265399881616,1.26111194484902,95.1313593776314
50.5,-129.538692593384,-89.6893173707792,-94.9652516586575,-5.27593428787826,-99.2853893706769,-100.546717993828,-28.9919745995562,10.8574006230489,5.5814663351706,1.26132862315126,95.2707837059499
50.561576328733,-133.166540403421,-91.3467333322543,-95.1749402055682,-3.82820687331389,-98.0147132088003,-99.2735065550173,-33.8930338484033,7.92677322276296,4.09856634944907,1.25879334621698,95.4452996817034
50.6,-135.00191617299,-92.4144095050078,-97.5535382649034,-5.13912875989558,-99.4249495766606,-100.682160908336,-34.3197552646548,8.26775140332779,3.12862264343221,1.25721133167505,95.54303214844
50.6477681255,-136.804253532907,-93.7614228368271,-98.490482041821,-4.72905920499386,-99.1927460276917,-100.451392323828,-36.3528612090794,6.68996948700095,1.96091028200709,1.25864629613639,95.7223331188342
50.7,-138.160543473189,-95.240330556233,-99.661593932766,-4.42126337653295,-99.0578511272038,-100.318066479753,-37.8424769934361,5.07773592352018,0.656472546987231,1.26021535254947,95.8968031032203
50.7661815037012,-138.940982325929,-97.089631590381,-101.76307175124,-4.67344016085882,-99.4891911709459,-100.743364777678,-38.1976175482512,3.65373318729674,-1.01970697356208,1.25417360673183,96.0699246168189
50.8,-138.925400173033,-98.0108853206307,-102.511660046221,-4.50077472559046,-99.4159320979801,-100.667018395613,-38.2583817774197,2.65613307498211,-1.84464165060835,1.25108629763268,96.1662436700224
50.8514141567582,-138.374205729838,-99.3642832486294,-104.241386953598,-4.87710370496825,-99.926058645633,-101.183094446276,-37.1911112835616,1.81881119764701,-3.05829250732124,1.25703580064341,96.3059907413081
50.9,-137.294295325901,-100.575905517535,-102.714144806094,-2.13823928855912,-97.2934055286324,-98.5560635477244,-38.7382317781768,-2.01984196981057,-4.15808125836969,1.26265801909203,96.4178242591653
50.9559029131603,-135.395625248744,-101.869420446202,-105.655377277353,-3.78595683115168,-99.0712715843675,-100.331817113189,-35.063808135555,-1.53760333301285,-5.32356016416453,1.26054552882145,96.5458602820373
51,-133.437550582635,-102.800917653119,-104.65496632536,-1.85404867224059,-97.2540517105379,-98.512930874198,-34.9246197084372,-4.28798677892139,-6.14203545116199,1.25887916366008,96.6588822019574
51.0650444912361,-129.872622469651,-104.011859010969,-107.6095143505,-3.59765533953079,-99.1058555964779,-100.362743502524,-29.509878967127,-3.64911550844509,-7.24677084797588,1.25688790604625,96.7650881629933
51.1,-127.652935907316,-104.574853479493,-107.393235355573,-2.81838187608047,-98.4219498734138,-99.6777676592754,-27.9751682480408,-4.89708582021717,-7.71546769629764,1.25581778586161,96.8593857831949
51.1443142553918,-124.589706996768,-105.194402440922,-109.015300091195,-3.8208976502728,-99.5488626046601,-100.801209976916,-23.7884970198517,-4.39319246400545,-8.21409011427825,1.25234737225628,96.9803123266436
51.2,-120.403793021782,-105.817451564239,-109.53150746587,-3.71405590163106,-99.5501390323659,-100.798125447544,-19.6056675742376,-5.0193261166947,-8.73338201832576,1.24798641517819,97.084069545913
51.2756381018316,-114.225250886496,-106.376218491277,-109.145929700869,-2.76971120959237,-98.7636491167115,-100.009841229311,-14.2154096571848,-6.36637726196575,-9.13608847155812,1.2461921125996,97.2401300197187
51.3,-112.155468998404,-106.484563205512,-110.643379782302,-4.15881657679024,-100.209720313334,-101.455334507984,-10.7001344904203,-5.0292286975275,-9.18804527431774,1.24561419465026,97.2965179311939
51.3393161270338,-108.759623500976,-106.585953418801,-110.880261289027,-4.29430787022645,-100.420977209914,-101.673828436083,-7.08579506489247,-4.91212498271767,-9.20643285294412,1.25285122616934,97.3795205658568
51.386524460075,-104.633470406119,-106.589098914503,-109.128999330013,-2.53990041550973,-98.7312939599272,-99.9928349584612,-4.64063544765744,-6.59626395604201,-9.13616437155174,1.26154099853399,97.4529345429515
51.4,-103.452446505292,-106.566616034427,-109.688039011079,-3.12142297665196,-99.338510199584,-100.602531679145,-2.84991482614659,-5.96408435528151,-9.08550733193347,1.26402147956126,97.4811087024933
51.4250206375884,-101.267614496289,-106.497864852755,-109.254129692087,-2.75626483933171,-99.0378464858696,-100.303695389135,-0.963919107153828,-6.19416946361982,-8.95043430295152,1.26584890326556,97.5474305498035
51.4857016922907,-96.0440858669952,-106.189863588203,-107.740172083052,-1.55030849484987,-97.9136718513393,-99.1839526959322,3.13986682893702,-7.00591089227032,-8.55621938712019,1.27028084459292,97.6336442010823
51.5,-94.8363762136779,-106.089194396242,-106.935639126801,-0.846444730559526,-97.2328524613064,-98.504177606483,3.66780139280509,-7.58501678975885,-8.43146152031838,1.27132514517666,97.6577328759235
51.5253892383757,-92.722613469515,-105.885164642449,-107.337574784048,-1.45241014159869,-97.882268891885,-99.1487132653413,6.42609979582639,-6.73645137710749,-8.18886151870618,1.26644437345635,97.6963031237427
51.573540631534,-88.8542338734163,-105.413537837363,-106.216792099357,-0.80325426199397,-97.3270685406751,-98.5842563955017,9.73002252208536,-6.82928144186171,-7.63253570385568,1.25718785482658,97.7810021335077
51.6,-86.8235523264712,-105.110082330884,-107.630165466925,-2.52008313604129,-99.0864871249006,-100.338588488536,13.5150361620649,-4.77149384234792,-7.29157697838922,1.25210136363552,97.8185053524948
51.6378102317258,-84.0558113495602,-104.626302188085,-106.463942476021,-1.83764028793692,-98.4649086541408,-99.7145509242252,15.6587395746649,-4.91175126385936,-6.74939155179628,1.24964227008435,97.8769106362882
51.7,-79.8984189850573,-103.716055802757,-105.055859243018,-1.33980344026057,-98.0005729125449,-99.2461704981317,19.3477515130744,-4.46988530462578,-5.80968874488634,1.24559758558674,97.9063670578711
51.7696534873426,-75.8668540860413,-102.555575138274,-107.751442657394,-5.19586751912014,-101.875897049379,-103.119933733661,27.2530796476199,0.56435859538756,-4.63150892373258,1.24403668428188,97.9240662145411
51.8,-74.3460432112241,-102.012653389408,-103.15480728445,-1.14215389504226,-97.8526137202615,-99.0959703537231,24.749927142499,-2.91668303568458,-4.05883693072684,1.24335663346157,97.9538164586808
51.8419327396013,-72.5078639729108,-101.233939181349,-102.151345190815,-0.917406009466703,-97.6888649957706,-98.9287429039977,26.4208789310869,-2.30519627735087,-3.22260228681758,1.2398779082271,98.011336894531
51.9,-70.5213838763303,-100.11758982721,-104.138150229935,-4.02056040272471,-100.914012169608,-102.149072838466,31.6276889621356,2.03148301125563,-1.98907739146908,1.23506066885835,98.1285124357412
51.962143831389,-69.1437756194648,-98.9015245605283,-100.871036742795,-1.96951218226691,-98.9764556258534,-100.210590128024,31.0668145085591,1.30906556749561,-0.660446614771303,1.23413450217052,98.241077945757
52,-68.67782117828,-98.1632002858078,-60.905693635711,37.2575066500968,-59.6242223087082,-60.8577926177559,-7.82002856052413,-37.3054076680519,-0.0479010179551338,1.23357030904767,98.1152992678527
52.030730284223,-68.3530318951549,-97.5698353247151,-60.0351172469876,37.5347180777275,-58.6156428195436,-59.847758777972,-8.50527311718288,-37.7220765467431,-0.187358469015571,1.23211595842846,97.3824768556995
52.0752427135026,-67.8126337633745,-96.7189494035339,-60.7932840605257,35.9256653430082,-59.1781376806233,-60.4081470305149,-7.40448673285962,-36.310802373019,-0.385137030010817,1.23000934989157,96.3338123735231
52.1,-67.4784074071091,-96.2492491004205,-60.5108225771791,35.7384265232415,-58.7682072415316,-59.9970449206802,-7.48136248642893,-36.2522041797404,-0.513777656498895,1.22883767914859,95.7354714439217
52.138481282157,-66.9005417678677,-95.5228716814624,-60.9130545048585,34.6098171766039,-58.9565559481544,-60.1899723208685,-6.71056944699927,-35.3328993605939,-0.723082183989995,1.23341637271408,94.7997894974724
52.1807011717983,-66.187966030193,-94.7290980291425,-60.4725949467692,34.2565030823732,-58.3347576812305,-59.5731975855475,-6.61476844464558,-35.155900443595,-0.899397361221787,1.23843990431699,93.8297006679207
52.2,-65.8377486178221,-94.3667916273885,-59.6479163217492,34.7188753056393,-57.4432730809639,-58.6840092554558,-7.1537393623663,-35.6827823719327,-0.96390706629338,1.24073617449188,93.4028845610951
52.2276543453367,-65.3153691852027,-93.8477187760176,-60.0880834612444,33.7596353147732,-57.7967344573634,-59.0364272526831,-6.27894193251952,-34.8112915233345,-1.05165620856128,1.23969279531978,92.7960625674563
52.2638490977719,-64.5954245844062,-93.1678719099948,-56.0491343004407,37.1187376095541,-53.6161121480592,-54.8544393406005,-9.74098524380575,-38.3134325693944,-1.19469495984023,1.23832719254125,91.9731769501546
52.3,-63.8275044806225,-92.4873222145942,-57.3907204288362,35.096601785758,-54.8422704280894,-56.0792336722898,-7.74827080833269,-36.4080885423044,-1.31148675654638,1.23696324420046,91.1758354580478
52.3415805782367,-62.888630682974,-91.7013344422644,-58.9150965472306,32.7862378950338,-56.1865419085927,-57.4190206308365,-5.46961005213751,-34.2823138114278,-1.49607591639406,1.23247872224378,90.2052585258703
52.4,-61.4583128788514,-90.5880559836902,-57.9452661522463,32.642789831444,-55.062510645357,-56.288688753451,-5.16962412540045,-34.2993672302392,-1.65657739879527,1.22617810809401,88.931478584895
52.4591954529151,-59.9230185505543,-89.4461772871457,-57.3555725397106,32.0906047474351,-54.3138244486622,-55.5428521507824,-4.38016639977189,-33.9033251363633,-1.81272038892819,1.22902770212017,87.6334568982175
52.5,-58.818425914507,-88.649482468324,-55.0614074790711,33.5880749892529,-51.9644161117702,-53.1954080930349,-5.62301782147207,-35.454074375289,-1.86599938603616,1.23099198126472,86.7834830822878
52.5612934452436,-57.1041634256918,-87.4365605318283,-54.7087668149321,32.7277937168962,-51.4880862591574,-52.7120277046782,-4.39213572101359,-34.7245328271501,-1.9967391102539,1.22394144552078,85.4398214215744
52.6,-55.9847184021859,-86.6597772591187,-53.6174635801195,33.0423136789992,-50.3360497082588,-51.555538769895,-4.42917963229097,-35.1042384892238,-2.06192481022459,1.21948906163617,84.5978524488941
52.6518433383697,-54.4405474847161,-85.6051863736967,-52.5527936376631,33.0523927360335,-49.2067610310773,-50.4277683804876,-4.01277910422846,-35.1774179932091,-2.12502525717552,1.22100734941036,83.4801611165212
52.7,-52.9812132638185,-84.6103950547093,-53.3595103336073,31.250884721102,-49.9976562856118,-51.2200739545135,-1.76113930930496,-33.3903211001958,-2.13943637909374,1.2224176689017,82.4709586756156
52.7624832375847,-51.0594895708777,-83.2977294673259,-49.3450944134538,33.9526350538721,-45.8965514364537,-47.1289051746861,-3.93058439619161,-36.1688242926398,-2.21618923876771,1.23235373823236,81.0815402285582
52.8,-49.8755772469944,-82.4972298123052,-50.417869374417,32.0793604378882,-46.9755883222658,-48.2139079669849,-1.66166928000951,-34.2833218453203,-2.2039614074321,1.23831964471912,80.2932684048731
52.8580198741302,-48.0604018419998,-81.2411031448808,-49.4293215090844,31.8117816357964,-46.0571606154173,-47.2975299354883,-0.762871906511485,-33.9435732093925,-2.13179157359609,1.240369320071,79.1093115712847
52.9,-46.7653521932058,-80.3194346542826,-49.3725230410232,30.9469116132593,-46.0525672848015,-47.2944196420309,0.529067448825174,-33.0250150122516,-2.07810339899228,1.24185235722945,78.2413312552903
53,-43.7985083290311,-78.0860801439907,-46.2948841931339,31.7911959508567,-43.2518732374616,-44.5037394094931,0.705231080462006,-33.5823407344976,-1.79114478364086,1.25186617203147,76.2949353603498
53.1,-41.0678278170019,-75.8137336430795,-43.6979352425701,32.1157984005094,-40.9063986626617,-42.1622916314522,1.09446381445036,-33.6514420116273,-1.53564361111791,1.25589296879057,74.2780900319616
53.2,-38.5697214297263,-73.5195276025805,-42.5610694649049,30.9584581376756,-40.0424148016575,-41.2960929046975,2.72637147497115,-32.223434697883,-1.26497656020739,1.25367810303997,72.2545510423731
53.3,-36.3548848438304,-71.2211716249617,-41.5008104920965,29.7203611328652,-39.2957833071151,-40.5636503238455,4.20876548001509,-30.6575213011162,-0.937160168250962,1.26786701673041,70.2840114567107
53.4,-34.4685973414832,-68.9385510003496,-38.4827704380993,30.4557805622503,-36.6291043720496,-37.8814564578275,3.41285911634427,-31.0570945425221,-0.601313980271776,1.25235208577792,68.3372370200778
53.5,-32.9001084203343,-66.6921020951394,-37.4109639575544,29.281138137585,-35.7346070998083,-37.0184146554344,4.11830623510011,-29.673687439705,-0.392549302120031,1.28380755562613,66.2995527930193
53.6,-31.5666483656648,-64.4957516838075,-35.8118325085837,28.6839191752238,-34.4228189982678,-35.7104876136449,4.14383924798013,-28.7852640701626,-0.101344894938855,1.2876686153771,64.3944067888687
53.7,-30.518289484691,-62.3634633481697,-33.5712513649753,28.7922119831944,-32.4974757101711,-33.7938160655082,3.27552658081723,-28.5696472826614,0.222564700532949,1.29634035533712,62.5860280487026
53.8,-29.7879264857461,-60.3107065463753,-33.3922585966782,26.9184479496972,-32.5707743061928,-33.8648149015511,4.07688841580505,-26.4458916448242,0.472556304872974,1.29404059535835,60.7832628512483
53.9,-29.3327144557472,-58.3511492655601,-33.153392173847,25.1977570917132,-32.5416355307802,-33.8262102887251,4.49349583297789,-24.5249389768351,0.672818114878119,1.2845747579449,59.0239673804383
54,-29.1296637019908,-56.4955865611534,-30.0441386420615,26.4514479190919,-29.6262850766178,-30.8941267719138,1.76446306992299,-25.6014597892396,0.849988129852274,1.26784169529601,57.3455746910057
54.1,-29.1631595279301,-54.7526878169626,-32.0548629548204,22.6978248621423,-31.8289784575259,-33.1129009020361,3.94974137410594,-21.6397869149266,1.05803794721572,1.28392244451018,55.8107257641784
54.2,-29.4249972027125,-53.1306796461358,-30.7138935835019,22.4167860626339,-30.6273728557444,-31.8985310826621,2.4735338799496,-21.2321485634737,1.18463749916017,1.27115822691772,54.315317145296
54.3,-29.8756659503184,-51.6346425495114,-32.5415284375304,19.093114111981,-32.5842868019659,-33.8493512707438,3.97368532042543,-17.7852912787676,1.30782283321342,1.26506446877796,52.9424653827248
54.4,-30.5129714938823,-50.2686316201573,-32.0377135886782,18.2309180314791,-32.2184939163691,-33.4835894624178,2.97061796853546,-16.7850421577395,1.44587587373963,1.26509554604871,51.7145074938969
54.5,-31.2923751383363,-49.0352627630027,-30.1391282728723,18.8961344901304,-30.3558214153739,-31.6116399593215,0.319264820985207,-17.4236228036812,1.47251168644921,1.2558185439476,50.5077744494519
54.6,-32.1427510650087,-47.932435579825,-31.2064220409183,16.7260135389067,-31.4368644068112,-32.6964821979231,0.553731132914351,-15.235953381902,1.49006015700477,1.25961779111186,49.4224957368298
54.7,-33.0596575079396,-46.956472061835,-32.7172889361306,14.2391831257043,-32.877842641267,-34.1397600672976,1.08010255935797,-12.8167119945374,1.42247113116696,1.26191742603056,48.3789431930019
54.8,-33.981839290152,-46.1009271388062,-32.0965795040859,14.0043476347203,-32.2798916397276,-33.5366980811485,-0.445141209003545,-12.5642290576577,1.44011857706261,1.25680644142093,47.5410457158688
54.9,-34.9604452125598,-45.3606652582685,-34.0289661063359,11.3316991519327,-34.1717492200391,-35.4351246716513,0.474679459091554,-9.92554058661722,1.40615856531546,1.26337545161223,46.766823823584
55,-35.977600483175,-44.7307795857784,-35.0091225213039,9.72165706447448,-35.1771849606628,-36.4317879960687,0.454187512893775,-8.29899158970967,1.42266547476481,1.25460303540594,46.1534450605432
55.1,-37.0628410812781,-44.2081294341866,-36.7430499478764,7.46507948631021,-36.9017143377849,-38.1514810619223,1.0886399806442,-6.05664837226428,1.40843111404592,1.24976672413741,45.6165605482325
55.2,-38.1596862405239,-43.7885427261014,-37.1441537207913,6.64438900531014,-37.2482996763754,-38.5081991720382,0.348512931514286,-5.28034355406322,1.36404545124692,1.25989949566277,45.1525881773484
55.3,-39.2854312500549,-43.4662460316957,-38.0739181850607,5.392327846635,-38.1338952721673,-39.3971648858279,0.111733635773049,-4.06908114586775,1.32324670076725,1.26326961366061,44.7894927324629
55.4,-40.4067906660709,-43.2359733970772,-38.0537233177874,5.1822500792898,-38.1056683471998,-39.3749758415825,-1.03181482448834,-3.86099755549462,1.32125252379518,1.2693074943827,44.5572259208723
55.5,-41.5625744080961,-43.092648100943,-40.4081159546809,2.68453214626205,-40.4611404388762,-41.7453351611709,0.182760753074717,-1.34731293977212,1.33721920648993,1.28419472229471,44.4298673074329
55.6,-42.7163662361826,-43.0329248591887,-41.3745571651188,1.65836769406982,-41.2916891284094,-42.5823872853717,-0.133978950810942,-0.450537573816973,1.20783012025285,1.29069815696231,44.2407549794415
55.7,-43.8048998479436,-43.0481975368074,-42.6531870428705,0.395010493936937,-42.4574914438408,-43.7489931898009,-0.0559066581427246,0.700795652993456,1.09580614693039,1.29150174596008,44.1440036837378
55.8,-44.8270362280616,-43.1295026591901,-44.7281110983995,-1.59860843920943,-44.4597170611233,-45.7562176169133,0.929181388851717,2.62671495772324,1.02810651851381,1.29650055579002,44.1576091777039
55.9,-45.8159368590125,-43.2697705133647,-42.2406467457542,1.02912376761046,-41.9012828096282,-43.2062144101019,-2.6097224489106,-0.0635561032628473,0.96556766434761,1.30493160047362,44.2353381777123
56,-46.7340527255863,-43.4618129773451,-43.9407008717342,-0.478887894389047,-43.493057862482,-44.7822297809167,-1.95182294466958,1.32041680357163,0.841528909182585,1.28917191843472,44.3033418865277
56.1,-47.5033614545461,-43.6958794849372,-43.8902238477049,-0.194344362767687,-43.2682933997888,-44.5574518838344,-2.94590957071169,0.861572398897216,0.667228036129529,1.28915848404564,44.3631075210668
56.1891327071888,-48.0773008379784,-43.9299803961954,-46.1821535085989,-2.2521731124035,-45.3567059810733,-46.6366268018568,-1.4406740361216,2.70664640566138,0.454473293257884,1.27992082078347,44.3844536894533
56.2,-48.1371303307903,-43.9597421213138,-43.6432889955129,0.316453125800876,-42.8026821739559,-44.0814767146708,-4.05565361611949,0.121734593357061,0.438187719157938,1.27879454071494,44.3979298404717
56.2164102950094,-48.223687359275,-44.0050730899423,-43.795574443128,0.209498646814232,-42.917074270368,-44.1971425566339,-4.02654480264113,0.192069466691585,0.401568113505817,1.28006828626582,44.4066412034481
56.2452336793922,-48.3637930338888,-44.0856640961644,-44.9738094005591,-0.888145304394719,-44.034851274064,-45.3171567935787,-3.04663624031016,1.23149269741432,0.343347393019599,1.2823055195147,44.429011489184
56.2832033568378,-48.5211904216108,-44.1932311211028,-45.9425056923383,-1.74927457123557,-44.9196039445536,-46.204856620575,-2.31633380103579,2.01162549947225,0.262350928236678,1.28525267602146,44.4555820493394
56.3,-48.5820195762839,-44.2411361404176,-46.0706709670434,-1.82953482662587,-45.0094320139167,-46.2959884233254,-2.28603115295857,2.0548522829078,0.225317456281935,1.28655640940867,44.4664535966995
56.3232961288561,-48.658920923341,-44.3077587149645,-44.9149129976927,-0.607154282728139,-43.8162633809261,-45.1054605091642,-3.55346041417683,0.797701794199675,0.190547511471536,1.28919712823807,44.4983062264361
56.3608029889747,-48.7612734773214,-44.4151313462081,-46.0527251227526,-1.63759377654447,-44.86483488102,-46.1582835770769,-2.6029899002445,1.74315223086879,0.105558454324324,1.29344869605686,44.5206898005324
56.4,-48.8353449412017,-44.5267746022344,-44.8965689737953,-0.369794371560879,-43.6508303028918,-44.9487221528181,-3.88662278838353,0.421947550583745,0.0521531790228664,1.29789184992635,44.5789277812572
56.4448524447547,-48.8834330310268,-44.6528917136569,-45.9123305276948,-1.25943881403791,-44.5495832667562,-45.8534467272641,-3.02998630376273,1.20055501360726,-0.0588838004306567,1.30386346050788,44.5940079132262
56.5,-48.8718414529151,-44.8037016556141,-46.6431443535701,-1.839442697956,-45.1101711405526,-46.4213768925733,-2.45046456034178,1.61767523695914,-0.221767460996858,1.31120575202064,44.5819341946173
56.5740939145103,-48.7227132998073,-44.9941644763466,-45.5855907185436,-0.591426242197045,-43.9074965077106,-45.2134684578417,-3.50924484196563,0.219303981495109,-0.372122260701936,1.30597195013105,44.6220422156446
56.6,-48.6485095923734,-45.0565641822412,-46.3636552630527,-1.30709108081149,-44.6464627221302,-45.9506047335938,-2.69790485877964,0.89404055135256,-0.413050529458928,1.30414201146356,44.6435136527823
56.6337769288886,-48.5362047595986,-45.1343068656053,-45.669689714785,-0.535382849179641,-43.8987004084648,-45.2017771637104,-3.33442759588823,0.0674702981050359,-0.467912551074605,1.30307675524553,44.6663943145307
56.68296827184,-48.3280572387294,-45.2395140714573,-45.5710608737376,-0.331546802280236,-43.6606096136836,-44.9621349731783,-3.36592226555105,-0.277379098279027,-0.608925900559264,1.30152535949475,44.6305881708981
56.7,-48.2397960689123,-45.27344408755,-44.9486036521979,0.324840435352051,-42.9997862396282,-44.3007744527652,-3.9390216161471,-0.972669634784722,-0.647829199432671,1.30098821313707,44.6256148881173
56.7419324026139,-47.9977581762047,-45.3509182260461,-45.4379811649908,-0.0870629389446336,-43.4252801529017,-44.7320613936693,-3.26569678253541,-0.618856832376828,-0.705919771321462,1.30678124076756,44.6449984547247
56.8,-47.6174188090119,-45.4431065058055,-44.4672321548368,0.975874350968731,-42.3786817180148,-43.6934850890474,-3.92393371996455,-1.74962141675817,-0.773747065789436,1.31480337103258,44.6693594400161
56.876850009893,-47.0321487852279,-45.5361837664478,-43.0601185655838,2.47606520086401,-40.8359907993512,-42.1538722571013,-4.87827652812653,-3.38231150934651,-0.906246308482501,1.31788145775008,44.6299374579653
56.9,-46.8314128012149,-45.5572855752502,-43.9352786720541,1.62200690319609,-41.6863816621874,-43.0051903504891,-3.82622245072587,-2.55209522476118,-0.930088321565087,1.31880868830162,44.6271972536851
56.9292393730232,-46.5652467500019,-45.5790589193473,-43.8728154982988,1.70624342104846,-41.5421914288856,-42.8605196251571,-3.70472712484478,-2.71853929419017,-1.01229587314172,1.31832819627151,44.5667630462055
56.96461840463,-46.2171502274157,-45.5977726934709,-44.7403982486974,0.857374444773519,-42.3532101584282,-43.6709569693633,-2.54619325805236,-1.92681572410758,-1.06944127933406,1.31774681093515,44.5283314141368
57,-45.8448448519821,-45.607762764096,-42.1905876941073,3.41717506998871,-39.7533077763048,-41.0704731597732,-4.77437169220892,-4.5372896043228,-1.12011453433409,1.31716538346834,44.4876482297619
57.0561190084814,-45.2214195206758,-45.6050530611377,-44.7355952220282,0.869457839109586,-42.2652497890939,-43.582532480124,-1.63888704055187,-2.02252058101379,-1.1530627419042,1.31728269103009,44.4519903192335
57.1,-44.7014222505064,-45.5867970514059,-41.0251337392875,4.56166331211842,-38.4739528832007,-39.7913273002299,-4.91009495027652,-5.79546975117597,-1.23380643905755,1.31737441702922,44.3529906123483
57.1594039261398,-43.945510789978,-45.5384089244621,-42.3569183750426,3.18149054941944,-39.7465658228821,-41.0661318032555,-2.87937898672257,-4.47227712120661,-1.29078657178717,1.31956598037333,44.2476223526749
57.2,-43.3960941024071,-45.4892317640873,-41.0569124459938,4.4323193180935,-38.3709864633991,-39.6920501371602,-3.7040439652469,-5.79718162692715,-1.36486230883365,1.3210636737611,44.1243694552537
57.2551607808257,-42.6096202573194,-45.4006101108455,-41.4334407111005,3.96716939974502,-38.7105677543327,-40.0371284872281,-2.57249177009127,-5.36348162361737,-1.39631222387235,1.3265607328954,44.0042978869731
57.3,-41.9501943301063,-45.3098700146202,-41.168064788536,4.14180522608419,-38.448482154026,-39.7795113486735,-2.1706829814328,-5.53035866594667,-1.38855343986248,1.33102919464752,43.9213165747577
57.3467550964863,-41.252537561768,-45.1975261824117,-40.3690509392501,4.82847524316159,-37.626713888267,-38.9565063530471,-2.29603120872093,-6.24101982936464,-1.41254458620305,1.32979246478007,43.7849815962087
57.4,-40.4362202393148,-45.0476628389355,-40.2996705832263,4.74799225570919,-37.5307639290857,-38.8591480006121,-1.5770722387027,-6.18851483832343,-1.44052258261424,1.32838407152641,43.6071402563213
57.4680926189588,-39.3624097849798,-44.8220532846539,-38.6922331776931,6.12982010696082,-35.9172396676684,-37.241439792814,-2.12096999216583,-7.58061349183988,-1.45079338487906,1.32420012514564,43.3712598997748
57.5,-38.8531549894266,-44.7033319748247,-38.1231714702077,6.58016050461698,-35.3577295115811,-36.67996908985,-2.17318589957657,-8.02336288497467,-1.4432023803577,1.32223957826891,43.260129594467
57.5356040272356,-38.2817009799784,-44.561264231537,-36.0560226812505,8.50524155028651,-33.2772195731065,-34.6004111022253,-3.68128987775307,-9.96085312931168,-1.45561157902517,1.32319152911881,43.1056526525118
57.5788451126841,-37.5824663587868,-44.3752912459797,-38.6174347967267,5.75785644925302,-35.8386191145841,-37.1629667878596,-0.419499570927123,-7.21232445812004,-1.45446800886702,1.3243476732755,42.9208232371127
57.6,-37.2385462420774,-44.279015774692,-37.4307987617592,6.8482170129328,-34.6712046285519,-35.9961179235989,-1.24242831847849,-8.28289785109307,-1.43468083816027,1.32491329504706,42.8443349365317
57.624977931742,-36.8340713361115,-44.1609546207671,-35.6217485906582,8.53920603010896,-32.8708130787483,-34.1966858999209,-2.63738543619061,-9.96426872084627,-1.42506269073731,1.3258728211726,42.7358919300298
57.6670409017209,-36.1557687864413,-43.9516592826696,-37.4608360050262,6.49082327764342,-34.7280949267888,-36.0555835950631,-0.100185191378173,-7.89607568760648,-1.40525240996305,1.32748866827433,42.5464068727066
57.7,-35.6245711268128,-43.7787056853565,-35.8014407111433,7.97726497421316,-33.0863143571378,-34.4150691476916,-1.20950197912119,-9.36363653766491,-1.38637156345175,1.32875479055377,42.3923341219048
57.7437000750553,-34.9212652942399,-43.5376016251761,-35.2298985409786,8.30770308419746,-32.5094873656457,-33.8388713744653,-1.08239391977465,-9.69873025071075,-1.39102716651329,1.32938400881962,42.1465744586628
57.8,-33.9996171582112,-43.2075081908155,-35.1983308330966,8.00917735771887,-32.4458604285139,-33.7760550753267,-0.223562082884584,-9.43145311548879,-1.42227575776992,1.33019464681274,41.7852324330455
57.8734635439854,-32.7651052381731,-42.743611094762,-33.2985908403455,9.4450202544165,-30.6116847241883,-31.9483024816221,-0.816802756550956,-10.7953086131399,-1.35028835872343,1.33661775743377,41.3933227360386
57.9,-32.3329258364015,-42.5671485753324,-33.257884306567,9.30926426876535,-30.5936927372189,-31.9326306467066,-0.400295189694848,-10.6345179286257,-1.32525365986036,1.33893790948776,41.241894915472
57.9384792992138,-31.7072669923191,-42.30345706211,-32.1971187940351,10.1063382680749,-29.5361189527694,-30.8856677013777,-0.821599290941439,-11.4177893607323,-1.31145109265745,1.34954874860825,40.9920059694526
58,-30.7152412702833,-41.8631862118488,-33.246961790529,8.6162244213198,-30.6620303963279,-32.0285437537507,1.31330248346742,-9.83464245809814,-1.21841803677834,1.36651335742283,40.6447681750705
58.1,-29.1630309697267,-41.1032200271805,-31.6644998044886,9.43872022269194,-29.1274474975547,-30.5077325502932,1.34470158056649,-10.5954874768873,-1.15676725419539,1.38028505273843,39.9464527729851
58.2,-27.6100739551504,-40.29287337793,-29.3582329296448,10.9346404482852,-26.8992562285702,-28.2685558911239,0.658481935973498,-12.0243174868061,-1.08967703852096,1.36929966255368,39.203196339409
58.3,-26.1664605922218,-39.4382766152137,-28.0263942415852,11.4118823736285,-25.6859496444653,-27.0531481597673,0.886687567545554,-12.3851284554464,-0.973246081817887,1.36719851530198,38.4650305333958
58.4,-24.8408758560658,-38.5494984183146,-25.1684927513891,13.3810056669255,-23.0482718622859,-24.3989975350384,-0.44187832102736,-14.1505008832762,-0.769495216350695,1.35072567275252,37.780003201964
58.4903726633911,-23.7979512306284,-37.7272105728339,-25.2763660833204,12.4508444895135,-23.2709411813489,-24.6153492449368,0.817398014308399,-13.1118613278971,-0.661016838383635,1.34440806358788,37.0661937344503
58.5,-23.6926116083061,-37.6389259097319,-26.5268531733754,11.1120727363565,-24.5364761688529,-25.8802112219561,2.18759961365001,-11.7587146877758,-0.646641951419323,1.34373505310319,36.9922839583126
58.5163619632446,-23.5175922755728,-37.488654662596,-24.4334930547495,13.0551616078465,-22.4751969350635,-23.8211789702723,0.303586694699433,-13.6674756923237,-0.612314084477241,1.3459820352088,36.8763405781187
58.5887090739521,-22.773377160478,-36.8215434254038,-25.4174241881758,11.404119237228,-23.5498882479709,-24.9058056840068,2.13242852352876,-11.915737741397,-0.511618504169007,1.35591743603582,36.3099249212348
58.6,-22.664572574966,-36.7171665568823,-22.8897235818105,13.8274429750718,-21.0375556534581,-22.395023668016,-0.269548906950078,-14.3221428888663,-0.494699913794509,1.35746801455786,36.2224666430878
58.6181436381337,-22.4921672980464,-36.5493845325467,-23.2366759257619,13.3127086067847,-21.4086216878498,-22.7693772395576,0.277209941511213,-13.7800072929891,-0.467298686204312,1.36075555170784,36.0820858463424
58.6498437282946,-22.1977425319188,-36.2561858075866,-24.3246467730479,11.9315390345387,-22.4985394808344,-23.8650389314943,1.6672963995755,-12.3911468760923,-0.459607841553616,1.36649945065984,35.796577966033
58.6890977464101,-21.843468074234,-35.8931704315842,-24.2524199435999,11.6407504879842,-22.4754516082012,-23.8490636920545,2.00559561782049,-12.0441067395296,-0.403356251545407,1.37361208385333,35.4898141800388
58.7,-21.7485858289342,-35.792411875088,-24.5559998583602,11.2364120167278,-22.8047069301724,-24.1802944482486,2.43170861931434,-11.6121174268395,-0.375705410111664,1.37558751807612,35.4167064649764
58.721115047387,-21.5713656204883,-35.5974259017523,-21.7379646155908,13.8594612861616,-20.0234425801582,-21.4043473096955,-0.167018310792756,-14.1930785920568,-0.333617305895263,1.38090472953728,35.2638085958571
58.7631956033534,-21.2484752168608,-35.2098813257017,-21.7994372161911,13.4104441095106,-20.2050474568695,-21.5965489523233,0.34807373546251,-13.6133323733784,-0.202888263867791,1.39150149545382,35.0069930618339
58.8,-20.9995744874851,-34.8728459801019,-24.1375421762885,10.7353038038134,-22.5830789240119,-23.9838485378878,2.98427405040274,-10.888997442214,-0.153693638400661,1.40076961387591,34.7191523417012
58.8508788684415,-20.6777959189545,-34.4107177278389,-24.090529507174,10.3201882206648,-22.5970671063549,-23.9947093653031,3.31691344634867,-10.4160083625357,-0.095820141870874,1.39764225894822,34.314897585968
58.9,-20.3947348390237,-33.9694190107049,-22.2776723773292,11.6917466333757,-20.80716213682,-22.2017850830842,1.80705024406055,-11.7676339276207,-0.0758872942449642,1.39462294626422,33.8935317164599
58.9586051469907,-20.0771471792914,-33.4498155160211,-23.5648861323955,9.88492938362561,-22.1552396880751,-23.5560341578767,3.47888697858533,-9.89378135814439,-0.00885197451878383,1.40079446980162,33.4409635415023
59,-19.8855241919993,-33.0878427739129,-21.9183968351265,11.1694459387863,-20.6163871645181,-22.0215407959769,2.13601660397757,-11.066301977936,0.103143960850389,1.40515363145877,33.1909867347633
59.0410109770018,-19.7328387808312,-32.7342897928023,-21.6101695139179,11.1241202788844,-20.3555764834818,-21.759196282685,2.0263575018538,-10.9750935101173,0.149026768767154,1.40361979920323,32.8833165615695
59.1,-19.5517785709501,-32.2357722352063,-19.3478505126678,12.8879217225385,-18.1459001740618,-19.5473137525697,-0.00446481838043411,-12.6884584826366,0.199463239901849,1.4014135785079,32.4352354751081
59.1830757560581,-19.3427760187811,-31.5552575086128,-21.0287854202177,10.5264720883951,-19.8637443605148,-21.2781423648309,1.93536634604979,-10.2771151437818,0.249356944613236,1.41439800431615,31.804614453226
59.2,-19.3073201061713,-31.4198246969503,-21.9959136908365,9.42391100611379,-20.8556900534045,-22.2727332529046,2.96541314673323,-9.14709144404577,0.276819562068024,1.41704319950005,31.6966442590184
59.2263741817533,-19.2591993897585,-31.2110369750819,-20.7192400179888,10.491796957093,-19.5842825628885,-21.0048824891812,1.74568309942276,-10.2061544859006,0.285642471192425,1.42059992629277,31.4966794462743
59.261070101139,-19.2024812320725,-30.940623278874,-22.5267181370701,8.41390514180389,-21.4332662316881,-22.8585451242226,3.65606389215011,-8.08207815465146,0.331826987152432,1.42527889253449,31.2724502660265
59.3,-19.1631366376384,-30.6432268649835,-20.4261616815656,10.2170651834179,-19.4003758373291,-20.830904675269,1.66776803763059,-9.81232218971455,0.404742993703351,1.43052883793988,31.0479698586869
59.3523446255299,-19.146123913189,-30.254206471276,-20.8441110800693,9.4100953912068,-19.8767727759082,-21.3063656734666,2.16024176027757,-8.94784079780946,0.462254593397333,1.42959289755837,30.7164610646734
59.4,-19.1571824369065,-29.9114858484458,-21.0696363206763,8.84184952776952,-20.1081723963535,-21.5369131989946,2.37973076208805,-8.37457264945124,0.467276878318277,1.42874080264106,30.3787627267641
59.4673655417993,-19.195487299035,-29.445923408667,-21.3225613141385,8.12336209452855,-20.4195537738371,-21.8336056846857,2.63811838565074,-7.6123177239813,0.511044370547246,1.41405191084866,29.9569677792143
59.5,-19.2340442724341,-29.2285770078223,-19.948473194032,9.28010381379034,-19.0544058786897,-20.4613419256647,1.2272976532306,-8.76723508215757,0.512868731632764,1.40693604697506,29.7414457394551
59.5380426799036,-19.2892630041502,-28.9821577854714,-19.6310441705531,9.35111361491829,-18.7936451035829,-20.2010314617779,0.911768457627662,-8.78112632369349,0.569987291224798,1.40738635819496,29.5521450766962
59.5857535210172,-19.39277041562,-28.6841275775637,-19.2614489493975,9.42267862816615,-18.4846550528011,-19.8926061642447,0.499835748624772,-8.79152141331895,0.631157214847203,1.40795111144363,29.3152847924109
59.6,-19.4306136880641,-28.5976189843787,-20.3427556638887,8.25486332049008,-19.5814973670112,-20.9896171140333,1.55900342596914,-7.60800187034546,0.64686145014462,1.40811974702205,29.2444804345234
59.6290287632878,-19.5216193308135,-28.425027381133,-19.4361129127442,8.98891446838882,-18.7423260210809,-20.1474746206295,0.625855289816052,-8.27755276050349,0.711361707885334,1.4051485995486,29.1363890890184
59.6782117448735,-19.7134019856419,-28.1444891836685,-20.6401694176297,7.50431976603879,-20.025644177182,-21.4257588078348,1.71235682219286,-6.71873037583372,0.785589390205072,1.40011463065279,28.9300785738735
59.7,-19.8109710957922,-28.0251819324697,-22.454986917412,5.57019501505766,-21.8506102394535,-23.2484948020001,3.43752370620787,-4.77668713046961,0.793507884588053,1.39788456254661,28.8186898170577
59.7430110844324,-20.0178309847084,-27.7988578911861,-21.6428133040034,6.1560445871827,-21.0638513789585,-22.4579335875628,2.44010260285431,-5.34092430362334,0.815120283559363,1.39408220860429,28.6139781747455
59.8,-20.3023204468165,-27.5177586639781,-20.9927708141792,6.52498784979884,-20.4123962783947,-21.801440436212,1.49911998939544,-5.71631822776607,0.80866962203277,1.38904415781724,28.3264282860108
59.8843593500952,-20.7739772191557,-27.1406634906023,-21.8174951997303,5.32316829087199,-21.2952185268589,-22.6822325546703,1.90825533551464,-4.45843093593196,0.864737354940036,1.38701402781148,28.0054008455423
59.9,-20.8679567275091,-27.075963738675,-21.4134817245758,5.66248201409918,-20.8942931849325,-22.2809308163796,1.41297408887049,-4.79503292229541,0.867449091803778,1.38663763144705,27.9434128304787
59.9274224973351,-21.0347199679077,-26.9664587245319,-21.0725685909157,5.89389013361616,-20.5427857102027,-21.9257971463808,0.891077178473143,-5.04066157815106,0.853228555465105,1.38301143617818,27.819687279997
59.9729596580129,-21.3222639679105,-26.795557447084,-21.2247946929418,5.5707627541422,-20.7632418933872,-22.1402317541199,0.817967786209387,-4.65532569296413,0.915437061178071,1.37698986073267,27.7109945082621
60,-21.5086631107243,-26.7006924161203,-21.0171543740338,5.68353804208655,-20.551045409737,-21.9244596092531,0.415796498528817,-4.77623280686721,0.90730523521934,1.37341419951611,27.6079976513396
60.050875811476,-21.861569909235,-26.5356131542065,-22.9292096678142,3.60640348639225,-22.4524150534359,-23.8353039171172,1.97373400788215,-2.70030923708931,0.906094249302946,1.38288886368123,27.4417074035094
60.1,-22.2099147499009,-26.392501728526,-20.7434007218723,5.64910100665369,-20.2657689100863,-21.6578062310628,-0.552108518838125,-4.73469549746322,0.914405509190473,1.39203732097647,27.3069072377165
60.1641891616565,-22.6675123985311,-26.2290889622571,-22.4073139491307,3.82177501312635,-21.8894610698528,-23.2811383646661,0.613625966135071,-2.94795059759094,0.873824415535417,1.39167729481336,27.1029133777925
60.2,-22.9187327483892,-26.1490892558593,-22.1045789741053,4.04451028175401,-21.5820308268805,-22.9735072647518,0.0547745163625812,-3.17558199110752,0.86892829064649,1.39147643787125,27.0180175465058
60.2620085057537,-23.3589378457607,-26.0287931458559,-22.1052176038261,3.92357554202982,-21.5577683179316,-22.9454792424546,-0.413458603306147,-3.08331390340135,0.840261638628466,1.38771092452297,26.8690547844844
60.3,-23.6254131986204,-25.9661870803896,-24.270511374209,1.69567570618059,-23.7176973172361,-25.1031011795752,1.4776879809548,-0.863085900814454,0.83258980536614,1.38540386233905,26.7987768857558
60.3902885058348,-24.2671310233664,-25.8498193374292,-21.9944608461138,3.85535849131542,-21.4311236616488,-22.8176344654577,-1.44949655790879,-3.03218487197153,0.823173619343891,1.38651080380885,26.6729929567731
60.4,-24.3371405436066,-25.8399618562265,-21.800741299705,4.0392205565215,-21.2416740206618,-22.6283038878611,-1.70883665574553,-3.21165796836543,0.827562588156077,1.38662986719932,26.6675244443826
60.4150072883027,-24.4449513329283,-25.8257291632331,-22.4197346910092,3.40599447222387,-21.8357024208507,-23.2202378097402,-1.22471352318808,-2.60549135349287,0.800503118731005,1.38453538888955,26.6262322819641
60.4374118563982,-24.6043449355888,-25.8066907915087,-24.2004210844057,1.60626970710297,-23.6190249905251,-25.0004335065933,0.396088571004544,-0.806257284915315,0.80001242218766,1.38140851606823,26.6067032136963
60.4814903717365,-24.9197690921299,-25.7768385283579,-25.2384389290235,0.538399599334419,-24.652820040292,-26.028076779141,1.10830768701104,0.251238250783047,0.789637850117465,1.37525673884901,26.5664763784754
60.5,-25.0520098304862,-25.7672706974787,-22.5399991037405,3.22727159373812,-21.9278425193632,-23.3005159790656,-1.75149385142059,-2.46675471841304,0.760516875325077,1.3726734597024,26.5277875728037
60.5316786632352,-25.2706274343202,-25.7547915630926,-22.3906169608302,3.3641746022624,-21.7432746228602,-23.1202776219508,-2.15034981236945,-2.63451394114188,0.729660661120516,1.37700299909057,26.4844522242132
60.5738661007135,-25.5504965632244,-25.7454099933005,-24.7819469076578,0.963463085642783,-24.1047377227357,-25.4875065008584,-0.0629900623659942,-0.257903492442107,0.705559593200675,1.38276877812275,26.4509695865012
60.6,-25.7219633922938,-25.7435487141197,-25.5074223577397,0.236126356379991,-24.8323849732158,-26.2187254849527,0.496762092658869,0.475176770832977,0.711303127212968,1.38634051173687,26.4548518413327
60.6402651464424,-25.9832410248241,-25.7464594737552,-24.3027174754132,1.44374199834201,-23.566019238114,-24.9505098469422,-1.03273117788197,-0.795949626813059,0.647792371528951,1.38449060882813,26.3942518452842
60.6879008979119,-26.2728829661657,-25.7582748574273,-25.7319844569205,0.0262904005068201,-24.9766511002995,-26.3589531782768,0.0860702121110997,0.600678320849457,0.626968721356278,1.38230207797726,26.3852435787836
60.7,-26.3459327758859,-25.7626449764662,-24.4623745036664,1.30027047279978,-23.7041145536877,-25.0858607622313,-1.26007201365456,-0.676784214234843,0.623486258564938,1.38174620854369,26.3861312350311
60.7284333129463,-26.5149424672271,-25.7750350566563,-24.0986322779718,1.67640277868452,-23.3125118390063,-24.695922881286,-1.81901958594107,-1.07911217537034,0.597290603314175,1.38341104227964,26.3723256599705
60.7690524114224,-26.7476777658704,-25.7976630018209,-24.9375041280676,0.860158873753306,-24.1092436883858,-25.495033069257,-1.25264469661337,-0.302629932563903,0.557528941189403,1.38578938087123,26.3551919430103
60.8,-26.913036513633,-25.818500496051,-27.2067974008947,-1.38829690484366,-26.3408429318569,-27.7284443628964,0.815407849263455,1.9099438668454,0.521646962001732,1.38760143103956,26.3401474580528
60.8505206178651,-27.176601836721,-25.8586470955996,-26.1446451186849,-0.285998023085266,-25.2480814242143,-26.6357455778761,-0.540856258844869,0.777098482276539,0.491100459191273,1.38766415366185,26.3497475547909
60.9,-27.408836977772,-25.904680063637,-26.8584663521727,-0.953786288535682,-25.8989581991108,-27.2866837826745,-0.122153195097532,1.38200371903745,0.428217430501768,1.38772558356371,26.3328974941388
60.9620395593881,-27.6761866435202,-25.9703059985216,-24.6906841143111,1.27962188421045,-23.6825465025923,-25.0615961954405,-2.61459044807965,-0.908709803081017,0.370912081129429,1.37904969284826,26.341218079651
61,-27.8252463411691,-26.0142515923655,-26.2706663685738,-0.25641477620831,-25.2271479549537,-26.6008890892386,-1.22435725193058,0.586637496873067,0.330222720664757,1.37374113428487,26.3444743130302
61.0519489333067,-28.003925795345,-26.0782006354997,-27.0643960998012,-0.986195464301485,-25.9674536484004,-27.3372442688143,-0.666681526530674,1.25904363331462,0.272848169013137,1.36979062041389,26.3510488045128
61.1,-28.1480520174919,-26.1404439444138,-27.7731078486628,-1.63266390424904,-26.6252151269939,-27.9913516510981,-0.156700366393842,1.85090770668432,0.218243802435278,1.36613652410424,26.3586877468491
61.1871876318453,-28.3789526963056,-26.2592960830819,-27.1374779438387,-0.878181860756804,-25.8601418096165,-27.2291580261333,-1.14979467017231,0.969861943051406,0.0916800822946016,1.36901621651675,26.3509761653765
61.2,-28.3986554905718,-26.2771733170085,-26.7443241827782,-0.467150865769714,-25.451866349998,-26.8213057421256,-1.57734974844626,0.544132425117127,0.0769815593474128,1.36943939212756,26.3541548763559
61.2200483306317,-28.4264703051547,-26.3051580417779,-27.2116785593226,-0.906520517544671,-25.9100781333548,-27.2817096299612,-1.1447606751935,0.976551588183248,0.0700310706385778,1.37163149660641,26.3751891124165
61.2469454229365,-28.4593442300455,-26.3426707084169,-27.1778793850565,-0.835208676639642,-25.8384333076226,-27.213005759144,-1.24633847090151,0.870335050727142,0.0351263740875005,1.37457245152143,26.3777970825044
61.2888848120529,-28.4950921050316,-26.4008112470247,-25.0325581428,1.36825310422472,-23.6412336779267,-25.0203918241083,-3.4747002809233,-1.38041942291639,-0.0121663186916692,1.37915814618156,26.388644928333
61.3,-28.5004835343473,-26.4160910514956,-27.7991819697186,-1.38309091822306,-26.4024721523746,-27.7828456442988,-0.717637890048444,1.36675459280329,-0.0163363254197755,1.38037349192428,26.3997547260758
61.3183193497733,-28.5068622760359,-26.4411064924152,-29.1234913047117,-2.68238481229652,-27.7013800087093,-29.0827580207032,0.575895744667328,2.64165152828804,-0.040733284008482,1.38137801199391,26.4003732084067
61.3650813098921,-28.4936832910403,-26.5036256706712,-26.0874888119401,0.416136858731171,-24.5571178611722,-25.9410600104317,-2.55262328060861,-0.562565660239585,-0.146428801508414,1.38394214925948,26.3571968691628
61.4,-28.4601457853263,-26.5484636512812,-25.8796840845512,0.668779566730045,-24.3161875433017,-25.7020444179992,-2.7581013673271,-0.846419233282052,-0.177639666552007,1.38585687469748,26.3708239847292
61.4513934447703,-28.3898712292341,-26.6108818613373,-26.7912563629209,-0.180374501583614,-25.2037111098242,-26.5945039787731,-1.795367250461,-0.0163778825641963,-0.19675238414781,1.39079286894883,26.4141294771895
61.5,-28.3091275144979,-26.6656478026612,-26.6154510295397,0.0501967731214279,-24.9888529054815,-26.3843141067101,-1.92481340778777,-0.281333695951055,-0.231136922829627,1.39546120122865,26.4345108798315
61.5749223110584,-28.1471871228536,-26.7407964901548,-26.7538217176741,-0.0130252275192717,-25.1202738246785,-26.5103708699783,-1.63681625287528,-0.230425620176511,-0.243450847695783,1.39009704529975,26.497345642459
61.6,-28.094884744078,-26.7633920520507,-25.0576600637342,1.70573198831658,-23.3946163517506,-24.782917928759,-3.31196681531898,-1.98047412329171,-0.274742134975131,1.38830157700842,26.4886499170756
61.6406227122664,-27.9972060925451,-26.7972322910969,-26.2239444505786,0.573287840518269,-24.5309112348625,-25.9260797111371,-2.07112638140804,-0.871152579959823,-0.297864739441554,1.39516847627453,26.4993675516553
61.6920846939138,-27.8473500793759,-26.8347677901419,-24.9565543150605,1.87821347508132,-23.1980693112683,-24.6019369665068,-3.24541311286915,-2.2328308236351,-0.354617348553774,1.40386765523851,26.4801504415881
61.7,-27.8211115780865,-26.8399596009581,-25.460437731474,1.37952186948408,-23.6880172967069,-25.0932229622978,-2.72788861578878,-1.74673663866036,-0.367214769176275,1.40520566559089,26.4727448317818
61.712139668706,-27.7786128073708,-26.8475965688474,-27.1349407570189,-0.287344188171552,-25.354661543896,-26.7627183754097,-1.01589443196112,-0.0848781934376426,-0.372222381609195,1.40805683151374,26.4753741872382
61.729681891095,-27.7154921621449,-26.8579208726646,-25.568902808526,1.28901806413862,-23.7652179871424,-25.1773948476205,-2.53809731452438,-1.68052602504413,-0.391507960905511,1.41217686047812,26.4664129117591
61.7527622485193,-27.6273565470966,-26.8701874050617,-27.586487489784,-0.716300084722352,-25.7485490684567,-27.166146664061,-0.461209883035583,0.295959258999332,-0.42034082572302,1.41759759560436,26.4498465793387
61.7785303311125,-27.5181211609333,-26.8820088562996,-25.5129128695423,1.36909598675722,-23.6465013034248,-25.070150882882,-2.44797027805132,-1.81185797341757,-0.442761986660351,1.42364957945716,26.4392468696392
61.8,-27.421319712151,-26.8902537671531,-25.3094430036195,1.58081076353358,-23.4267052237205,-24.855397246245,-2.56592246590594,-2.03485652090811,-0.454045757374523,1.42869202252454,26.4362080097786
61.8281835470399,-27.2880870935403,-26.898790507501,-25.1577232352365,1.74106727226448,-23.2606866092756,-24.6931266302117,-2.59496046332858,-2.20566387728928,-0.464596605024795,1.43244002093617,26.4341939024762
61.8716747158047,-27.0756465170604,-26.9067939934434,-24.8765147411623,2.03027925228114,-22.9512068219509,-24.3894305304839,-2.68621598657649,-2.51736346295951,-0.487084210678365,1.43822370853304,26.419709782765
61.9,-26.9290187762228,-26.9085627548102,-25.514888834599,1.39367392021124,-23.5730015366327,-25.0149920925403,-1.9140266836825,-1.89357066226992,-0.499896742058674,1.4419905559076,26.4086660127516
61.9464446582779,-26.6794939954708,-26.9054267314125,-26.8918968068175,0.0135299245949767,-24.9312731950512,-26.3675302572787,-0.311963738192087,-0.537896474133781,-0.524366549538804,1.43625706222747,26.3810601818737
62,-26.3814329559676,-26.8923848543894,-24.471594870735,2.4207899836544,-22.5313162444024,-23.9609620142943,-2.42047094167331,-2.93142284009507,-0.510632856440669,1.42964576989189,26.3817519979487
62.065805691032,-25.9964792617936,-26.8627362324937,-25.8241352787163,1.03860095377742,-23.8046644403447,-25.2384424581418,-0.758036803651812,-1.62429377435194,-0.585692820574518,1.43377801779709,26.2770434119192
62.1,-25.7725591043688,-26.8409970155737,-27.3661737839634,-0.525176768389723,-25.3055397472643,-26.7414649860598,0.968905881691065,-0.0995320295138598,-0.624708797903583,1.43592523879556,26.2162882176701
62.1429211430598,-25.4715307551527,-26.8071141945216,-23.2431539613822,3.56396023313939,-21.1168961479836,-22.555213588786,-2.91631716636665,-4.2519006057356,-0.687940372596209,1.43831744080241,26.1191738219254
62.1943346784738,-25.0821295842934,-26.7562242010249,-22.977864435817,3.77835976520788,-20.8418312520807,-22.2830142168144,-2.79911536747896,-4.47320998421042,-0.694850219002547,1.44118296473372,26.0613739820223
62.2,-25.0390899426613,-26.749915713364,-23.4534886203941,3.29642709296985,-21.3157475545103,-22.7572462748964,-2.28184366776494,-3.99266943846763,-0.69624234549778,1.44149872038602,26.0536733678662
62.2107402872895,-24.957157249671,-26.7375804440954,-24.9080165505521,1.82956389354327,-22.7643634840991,-24.205525227304,-0.751632022367019,-2.53205521679141,-0.702491323248143,1.4411617432049,26.0350891208473
62.226650837438,-24.8343937965731,-26.7184004265421,-25.0481500305481,1.67025039599391,-22.8995264802973,-24.3401890290026,-0.494204767570427,-2.37821139753942,-0.70796100154551,1.44066254870529,26.0104394249965
62.2527514647856,-24.6274883331764,-26.6845663162408,-24.688653090649,1.99591322559178,-22.5203517827913,-23.9601954226917,-0.66729291048479,-2.72437089354916,-0.728457667957386,1.43984363990033,25.9561086482834
62.3,-24.2460106934855,-26.6157176390096,-24.1187266067038,2.49699103230581,-21.9721015462105,-23.4104627603823,-0.835547933103193,-3.20525487862728,-0.708263846321461,1.43836121417189,25.9074537926882
62.3595647274736,-23.7540421922626,-26.5152869312724,-22.5214400747025,3.99384685656991,-20.316987810943,-21.7560238883201,-1.9980183039425,-4.75926304295231,-0.765416186382403,1.43903607737715,25.74987074489
62.4,-23.402074137787,-26.4381803858704,-24.4834478956779,1.95473249019252,-22.259339901133,-23.698834106647,0.296759968860059,-2.73934627922335,-0.784613789030832,1.43949420551406,25.6535665968396
62.4607866676489,-22.853281314737,-26.3084207278984,-24.5843607601315,1.72405996776692,-22.3295630100557,-23.7662082521723,0.912926937435273,-2.54221247572616,-0.81815250795924,1.43664524211657,25.4902682199392
62.5,-22.4854384730144,-26.2157535075058,-24.5927132048107,1.62304030269506,-22.2987072462031,-23.7335146289192,1.24807615590473,-2.48223887858659,-0.859198575891533,1.43480738271609,25.3565549316142
62.548220114485,-22.0230770542803,-26.0919717308431,-21.1791856083039,4.91278612253918,-18.9385516268077,-20.3753551452236,-1.64772190905672,-5.71661658561947,-0.803830463080288,1.43680351841594,25.2881412677628
62.6,-21.5446560420114,-25.9476087283583,-20.9560250250563,4.99158370330197,-18.7468011407482,-20.185748156315,-1.35890788569645,-5.76186057204327,-0.770276868741298,1.43894701556675,25.177331859617
62.6603959359677,-20.9873912943436,-25.7652291554064,-22.3112766087474,3.45395254665899,-20.0772500588038,-21.5180092319985,0.530617937654991,-4.24721992340784,-0.793267376748851,1.4407591731948,24.9719617786575
62.7,-20.6166005442144,-25.6375283766126,-19.827885933931,5.80964244268167,-17.6316015600919,-19.0735490385193,-1.54305150569519,-6.56397933809338,-0.754336895411708,1.44194747842739,24.8831914812009
62.7444598314669,-20.2075733649341,-25.4868710246599,-21.7325284303804,3.75434259427955,-19.521604598114,-20.9676484974143,0.760075132480139,-4.51922252724565,-0.764879932966096,1.44604389930027,24.7219910916938
62.7911922826298,-19.7644891689001,-25.3203234208148,-19.2496936883055,6.07062973250936,-17.0253174899801,-18.4756672038116,-1.28882196508854,-6.84465621700325,-0.774026484493895,1.45034971383146,24.5462969363209
62.8,-19.6800812729647,-25.2879773546472,-21.7823938077108,3.50558354693642,-19.5509032460681,-21.002064481583,1.32198320861826,-4.28591287306428,-0.780329326127866,1.4511612355149,24.5076480285194
62.8156369095639,-19.5302460373103,-25.229809106963,-17.8710596129315,7.35874949403152,-15.6569718604932,-17.1085888238169,-2.42165721349344,-8.12122028314617,-0.762470789114651,1.45161696332362,24.4673383178484
62.8368315472282,-19.3293524926061,-25.1494877599942,-20.2269887867197,4.92249897327453,-18.0129744428651,-19.4652091104569,0.135856617850827,-5.6842786495373,-0.761779676262773,1.45223466759185,24.3877080837314
62.8681971518635,-19.0311569739406,-25.027553438252,-17.3473848320206,7.68016860623138,-15.144977367343,-16.5981261655827,-2.43303080835792,-8.42942727266933,-0.749258666437957,1.45314879823968,24.278294771814
62.9,-18.726544247088,-24.9002333548189,-19.7239120832581,5.17632127156077,-17.5069629535908,-18.9610386256627,0.234494378574766,-5.93919472915614,-0.762873457595365,1.45407567207195,24.1373598972235
62.9496352878609,-18.2541794656564,-24.6941932317123,-17.3322148899681,7.36197834174425,-15.1801447178092,-16.6352011833925,-1.61897828226389,-8.05899204831983,-0.697013706575582,1.45505646558332,23.9971795251367
63,-17.8026025217347,-24.4768116260072,-17.7922079888178,6.68460363718948,-15.7045061716107,-17.1605578441324,-0.642044677602325,-7.31625378187486,-0.631650144685374,1.4560516725217,23.8451614813219
63.0588906850977,-17.2867052030252,-24.2133454066402,-17.8679528556456,6.3453925509946,-15.7552339986784,-17.214005496621,-0.0726997064041761,-6.99933991001917,-0.653947359024574,1.45877149794259,23.5593980476156
63.1,-16.92739991872,-24.0236719934612,-16.8442841584166,7.17938783504457,-14.7484102428038,-16.2090803459251,-0.718319572794883,-7.81459164753608,-0.635203812491504,1.46067010312135,23.3884681809697
63.1478071911744,-16.5104429464999,-23.7974553282909,-16.230680827851,7.56677450043993,-14.130807811601,-15.5903285144548,-0.920114432045178,-8.20712681383615,-0.640352313396221,1.45952070285374,23.1571030148947
63.2,-16.0504516724262,-23.5436782008338,-16.8298255706164,6.71385263021737,-14.7254164708888,-16.183682332641,0.133230660214785,-7.35999586819274,-0.646143237975373,1.45826586175228,22.8975349628584
63.2818494116619,-15.3246575787011,-23.1315945683065,-15.925952993658,7.20564157464847,-13.8519259607219,-15.2969627996082,-0.0276947790929061,-7.83463176869831,-0.628990194049839,1.44503683888631,22.5026043742567
63.3,-15.1664348617838,-23.0379782418782,-16.704907580652,6.33307066122618,-14.6368564718199,-16.0789596970946,0.9125248353108,-6.95901854478364,-0.625947883557455,1.44210322527466,22.4120303583207
63.3251329233241,-14.94742715356,-22.907089454798,-15.6157905969844,7.29129885781359,-13.5444417896231,-14.9883764999869,0.0409493464269008,-7.91871295481107,-0.627414096997486,1.44393471036383,22.2796753578005
63.3613334074246,-14.6337425297857,-22.7160287654978,-16.19860224479,6.51742652070781,-14.1494980889247,-15.5960707990944,0.962328269308701,-7.11995796640342,-0.602531445695606,1.44657271016973,22.1134973198022
63.4,-14.3086049478683,-22.5088824217742,-14.5048758777562,8.00400654401797,-12.4852905952889,-13.9346810153938,-0.37392393247452,-8.57420140638039,-0.570194862362415,1.44939042010492,21.9386875594118
63.45456517678,-13.8514625982898,-22.2116726706437,-15.3912716772455,6.82040099339817,-13.3366546800534,-14.7852161467245,0.933753548434661,-7.42645652391926,-0.606055530521084,1.44856146667103,21.6056171401226
63.5,-13.4549272592598,-21.959624381839,-14.0376991646595,7.92192521717958,-11.9576407353962,-13.4055119568422,-0.0494153024176036,-8.55411242499687,-0.632187207817296,1.44787122144598,21.3274371740217
63.5479117733015,-13.0239721449143,-21.6890168763827,-14.4303938372272,7.25862303915551,-12.3310018452144,-13.7805238924043,0.756551747490006,-7.9084929839784,-0.649869944822884,1.44952204718983,21.0391469315598
63.6,-12.5522399381506,-21.3890462667779,-13.6721744088398,7.71687185793806,-11.6136936574318,-13.0650104322984,0.512770494147775,-8.3240358344795,-0.60716397654144,1.45131677486657,20.7818822902364
63.6718203083941,-11.9367261921185,-20.9667312729079,-14.1713948384739,6.79533643443402,-12.1588836078689,-13.6174591554586,1.68073296334013,-7.34927211744928,-0.553935683015258,1.45857554758977,20.4127955898926
63.7,-11.7015534094449,-20.7986725767545,-12.9067929175282,7.89187965922627,-10.9245150489223,-12.3859386764124,0.684385266967526,-8.41273390034201,-0.520854241115734,1.46142362749016,20.2778183356387
63.7366660589797,-11.4031717161228,-20.5782605947142,-12.6861468898345,7.89211370487976,-10.7191104486524,-12.1790046184515,0.775832902328739,-8.39925597626271,-0.50714227138295,1.45989416979911,20.0711183233313
63.7818873329628,-11.0498739065094,-20.304016512459,-12.8271522704401,7.4768642420189,-10.9369430503088,-12.3949508972465,1.34507699073704,-7.90906561521254,-0.43220137319364,1.45800784693767,19.8718151392654
63.8,-10.9178073917852,-20.1936029663503,-11.6476529156295,8.54595005072082,-9.77754057301562,-11.2347928831251,0.316985491339826,-8.95881008322528,-0.41286003250446,1.45725231010943,19.7807429338459
63.8285334692542,-10.7142277983141,-20.0191899158742,-12.4269338469762,7.59225606889801,-10.5637697538303,-12.0181921127399,1.30396431442582,-8.00099780313429,-0.40874173423628,1.45442235890957,19.6104481816379
63.9,-10.2400734251965,-19.5804139014076,-11.7319333681144,7.84848053329316,-10.0213364429654,-11.4686707470495,1.22859732185296,-8.11174315435806,-0.2632626210649,1.44733430408412,19.3171512803427
63.9679424777963,-9.88453739602883,-19.1640390193547,-11.3747315698141,7.78930744954052,-9.73755285943342,-11.1721001396697,1.28756274364092,-7.99193887968491,-0.202631430144383,1.43454728023632,18.9614075892103
64,-9.73345335388058,-18.9687495920929,-10.8728786969976,8.0958708950953,-9.30506122589039,-10.7335751627131,1.00012180883247,-8.23517442937981,-0.139303534284513,1.42851393682266,18.8294460578084
64.0404848259261,-9.5627671527679,-18.7237204035766,-9.52770299908681,9.19601740448977,-8.00084535997692,-9.42623003683192,-0.136537115935978,-9.29749036674466,-0.101472962254887,1.425384676855,18.6222474413217
64.0864037598755,-9.39300422680047,-18.4485427039485,-11.2289011697115,7.21964153423701,-9.69815971184556,-11.11999510132,1.72699087451949,-7.32854760262851,-0.108906068391503,1.4218353894744,18.339636635557
64.1,-9.34087435656659,-18.3676647230243,-10.8749786646938,7.49268605833059,-9.35249055501559,-10.7732750280303,1.43240067146373,-7.59438969499403,-0.101703636663439,1.42078447301473,18.2659610863609
64.1221877416226,-9.26099112087545,-18.2362588424045,-11.5042673713812,6.7319914710233,-10.0141569952451,-11.4379382282719,2.17694710739641,-6.79832061413263,-0.0663291431093285,1.42378123302673,18.1699296992952
64.2,-8.99382955455888,-17.7816659139877,-10.8077583891171,6.97390752487065,-9.30108743584594,-10.7353782857735,1.74154873121466,-7.04628762821421,-0.0723801033435638,1.4342908499276,17.7092858106442
64.3,-8.69698820818113,-17.2120947775821,-10.9704564197237,6.24163835785841,-9.54548833252814,-10.9822081988075,2.28521999062642,-6.22988657877452,0.0117517790838928,1.43671986627941,17.223846556666
64.4,-8.46012457512917,-16.6619542872621,-8.67127441931279,7.99067986794926,-7.30072958042219,-8.74609063492612,0.285966059796955,-7.91586365233593,0.0748162156133265,1.44536105450393,16.7367705028754
64.5,-8.29637413137988,-16.1340022211877,-8.47629794981235,7.65770427137532,-7.17847621931195,-8.64161716801542,0.345243036635541,-7.49238505317225,0.165319218203068,1.46314094870347,16.2993214393907
64.6,-8.25714329046912,-15.6324880514094,-8.8751464968097,6.75734155459974,-7.79903130840662,-9.25883098498036,1.00168769451124,-6.37365706642909,0.383684488170656,1.45979967657374,16.0161725395801
64.6861191467368,-8.34585680177151,-15.2286459668149,-6.89329150495713,8.33535446185774,-5.80070803947639,-7.26815666591274,-1.07770013585878,-7.96048930090214,0.374865160955604,1.46744862643635,15.6035111277705
64.7,-8.36066092978792,-15.1661410341415,-9.74172255359752,5.42441848054393,-8.64620628914408,-10.1148877883466,1.75422685855871,-5.05125324579482,0.373165234749115,1.46868149920256,15.5393062688906
64.7221885004053,-8.38460963548498,-15.0676874335216,-8.87143281481723,6.19625461870436,-7.77026584810566,-9.24321327891544,0.858603643430458,-5.82447415460615,0.371780464098208,1.47294743080978,15.4394678976198
64.7619770387828,-8.43319686247433,-14.8955971460381,-9.52735013368143,5.36824701235669,-8.47144652207813,-9.9520436444114,1.51884678193707,-4.94355350162672,0.42469351072997,1.48059712233328,15.3202906567681
64.8,-8.49109003526881,-14.7366572009501,-7.72244866473834,7.01420853621175,-6.65752628614673,-8.14543365248452,-0.345656382784297,-6.59122354846558,0.422984987746176,1.48790736633778,15.1596421886963
64.8525834473947,-8.57731087982115,-14.5256894278928,-8.30273916260539,6.22295026528744,-7.28335111249374,-8.7656153396691,0.188304459847949,-5.76007408822373,0.462876177063709,1.48226422717536,14.9885656049565
64.9,-8.67032736768954,-14.3444413638263,-7.88878214018589,6.45565922364041,-6.84756455972017,-8.32474014744317,-0.345587220246378,-6.01970121638314,0.435958007257276,1.477175587723,14.7803993710836
64.9908324080528,-8.81769956703582,-14.0197958652664,-9.45104564570897,4.5687502195574,-8.3481930214443,-9.81695604072892,0.999256473693098,-4.20283982453746,0.365910395019947,1.46876301928462,14.3857062602863
65,-8.83176648111576,-13.9885554996025,-8.0673932052027,5.9211622943998,-6.95926505509831,-8.42717900524203,-0.404587475873729,-5.56137649436048,0.359785800039326,1.46791395014372,14.3483412996418
65.0169506631679,-8.85817406411014,-13.9315091607372,-7.23586134441238,6.69564781632482,-6.13681341716047,-7.60453936964898,-1.25363469446116,-6.32696979108821,0.368678025236601,1.46772595248851,14.3001871859738
65.0401789252681,-8.89611358068704,-13.8548514320142,-7.62019270525089,6.23465872676334,-6.51697691340459,-7.98444524418437,-0.911668336502673,-5.87040618782986,0.36425253893348,1.46746833077977,14.2191039709477
65.0765370882414,-8.95694956506472,-13.7383612081046,-9.2762358075933,4.46212540051127,-8.16743632888605,-9.63450141589187,0.677551850827147,-4.1038597922127,0.358265608298568,1.46706508700581,14.0966268164031
65.1,-8.99498289032865,-13.6654117393007,-7.73670550782339,5.92870623147732,-6.61145004665696,-8.07825490948444,-0.916727980844213,-5.58715682981628,0.341549401661046,1.46680486282748,14.0069611409618
65.1325396932374,-9.04354790146486,-13.5669992666247,-8.347000265753,5.21999900087167,-7.22187862001819,-8.68991197775806,-0.353635923706801,-4.87708728886662,0.342911712005053,1.46803335773987,13.9099109786297
65.1782701963222,-9.11808402224855,-13.4340380765305,-8.02373299581698,5.41030508071354,-6.88842115647994,-8.35818101145414,-0.759903010794407,-5.07585706507638,0.334448015637159,1.46975985497421,13.7684860921677
65.2,-9.14980234398909,-13.3730016525094,-9.39180684045362,3.98119481205574,-8.23703119968778,-9.70761143588288,0.557809091893782,-3.66539021662649,0.315804595429258,1.47058023619509,13.6888062479386
65.258878524311,-9.21622362172357,-13.2139272819392,-9.91137280239609,3.30255447954308,-8.68407083470838,-10.1500780023924,0.9338543806688,-3.0638492795468,0.238705199996279,1.46600716768399,13.4526324819355
65.3,-9.2480465427974,-13.1076531383437,-8.84807962609982,4.25957351224391,-7.60680461582232,-9.06961789697802,-0.178428645819379,-4.03803524136572,0.221538270878193,1.4628132811557,13.3291914092219
65.3682521155683,-9.27629069808601,-12.9389910124207,-10.8940996742557,2.04489133816505,-9.55748023528778,-11.0164309782458,1.74014028015974,-1.92256003417495,0.122331303990096,1.45895074295797,13.0613223164108
65.4,-9.27350276039619,-12.8632484342751,-7.12109653751889,5.74215189675623,-5.78192233578046,-7.23907639573024,-2.03442636466594,-5.62417203854487,0.117979858211357,1.45715405994978,12.9812282924865
65.4774597995885,-9.24433686288631,-12.6842128414655,-8.35816274538366,4.32605009608187,-7.00057379921635,-8.44089778587772,-0.803439077008591,-4.24331505558781,0.0827350404940574,1.44032398666137,12.7669478819596
65.5,-9.23600850813702,-12.6335229966176,-8.11818443367545,4.51533856294213,-6.72393882978175,-8.15936539575682,-1.07664311238021,-4.47415760086076,0.0411809620813681,1.43542656597506,12.6747039586989
65.5276639584005,-9.21987862519903,-12.5720950498493,-9.77132113051464,2.80077391933462,-8.39028208731805,-9.82150597334364,0.601627348144604,-2.75058907650563,0.0501848428289904,1.43122388602559,12.6222798926783
65.5588462326726,-9.20830228664069,-12.5039015501722,-9.12168702542239,3.3822145247498,-7.73962456994688,-9.1661112771145,-0.0421910095261921,-3.3377902730577,0.0444242516921012,1.42648670716762,12.5483258018643
65.6,-9.186894292261,-12.4155930003145,-9.30905805060155,3.10653494971297,-7.91656213806813,-9.33679680746556,0.149902515204563,-3.07879619284895,0.0277387568640179,1.42023466939744,12.4433317571785
65.6560771064679,-9.15029755765871,-12.2980408160551,-7.67990857870203,4.61813223735306,-6.23432017125224,-7.65618480549552,-1.49411275216319,-4.64185601055957,-0.0237237732065099,1.42186463424328,12.2743170428486
65.7,-9.10299729051832,-12.2077042846565,-8.71007453646513,3.49762974819135,-7.26536173485756,-8.68850305359642,-0.414494236921891,-3.51920123106006,-0.0215714828687048,1.42314131873887,12.1861328017878
65.7518550232814,-9.03905287451312,-12.1025910173045,-9.04483059376233,3.05776042354217,-7.52546475763167,-8.95825208820461,-0.0808007863085081,-3.14433892909989,-0.0865785055577213,1.43278733057295,12.0160125117468
65.8,-8.96377156418823,-12.0058614636932,-8.41439281856396,3.59146864512928,-6.91547889970401,-8.35722210351335,-0.606549460674881,-3.6486393601799,-0.0571707150506153,1.44174320380934,11.9486907486426
65.870060472777,-8.84619081413753,-11.8662474367507,-8.01565886709285,3.8505885696579,-6.47722856340696,-7.91579646294888,-0.930394351188657,-3.95045097380187,-0.0998624041439697,1.43856789954192,11.7663850326068
65.9,-8.78948697685321,-11.8067920442923,-8.04099040865685,3.76580163563545,-6.48381067256218,-7.9210216428002,-0.868465334053008,-3.8857704014921,-0.119968765856648,1.43721097023802,11.6868232784356
65.9393988882829,-8.70383440604211,-11.7284984782972,-9.99303137286989,1.73546710542728,-8.42034002139028,-9.86641686084367,1.16258245480157,-1.8620816174535,-0.126614512026215,1.4460768394534,11.601883966271
66,-8.57908107139678,-11.6077504454981,-8.93182830496561,2.67592214053253,-7.38854616374303,-8.84825997505544,0.269178903658654,-2.75949047044271,-0.0835683299101735,1.45971381131241,11.524182115588
66.1,-8.39259136662868,-11.4088196839329,-6.48574677355044,4.92307291038246,-4.96640183593239,-6.42466430750711,-1.96792705912157,-4.98415537642578,-0.0610824660433291,1.45826247157472,11.3477372178896
66.2,-8.1844333125541,-11.2103882158269,-8.02770756912062,3.18268064670629,-6.44687827153277,-7.89698906019138,-0.28744425236272,-3.31339915563552,-0.130718508929233,1.45011078865861,11.0796697068977
66.3,-7.92776388823631,-11.0098304918828,-8.45076980425015,2.55906068763264,-6.79032827851194,-8.25049042338227,0.322726535145965,-2.75934006850051,-0.200279380867876,1.46016214487033,10.8095511110149
66.4,-7.64166153164805,-10.8041266791676,-7.08431756704097,3.7198091121266,-5.4639038793891,-6.91319047323214,-0.728471058415913,-3.89093620593543,-0.171127093808834,1.44928659384304,10.6329995853587
66.5,-7.35054834861203,-10.5938407011181,-8.88699911337374,1.70684158774441,-7.18085712957398,-8.65359666525628,1.30304831664426,-1.94024403586186,-0.233402448117454,1.47273953568231,10.3604382530007
66.6,-7.01233542578795,-10.3762565073612,-7.22772363672621,3.14853287063496,-5.57292267693333,-7.03980724828919,0.0274718225012354,-3.33644925907198,-0.187916388437018,1.46688457135586,10.1883401189241
66.7,-6.74409600178543,-10.1529836704769,-7.58455776349281,2.56842590698407,-6.01689530971272,-7.48335105706825,0.739255055282822,-2.66963261340862,-0.101206706424555,1.46645574735553,10.0517769640523
66.8,-6.52416668639599,-9.92867274516201,-7.69662999960933,2.23204274555268,-6.17750269455902,-7.64575438687243,1.12158770047645,-2.28291835828957,-0.0508756127368963,1.46825169231341,9.87779713242511
66.9,-6.39343605582779,-9.70727112660643,-6.86732135742881,2.83994976917762,-5.40929852657233,-6.86514391144942,0.471707855621626,-2.84212721515701,-0.00217744597939529,1.45584538487709,9.70509368062703
67,-6.28292599435547,-9.49274832891784,-5.96035663196421,3.53239169695364,-4.47698856386282,-5.94263993918451,-0.340286055170961,-3.55010838973333,-0.0177166927796941,1.46565137532169,9.47503163613815
67.1,-6.17751976652314,-9.28463536390854,-7.00330528031906,2.28133008358948,-5.55190164816261,-7.01679733434548,0.839277567822337,-2.26783802956306,0.0134920540264201,1.46489568618286,9.29812741793496
67.2,-6.0864661953976,-9.08388688057823,-5.60545570757621,3.47843117300202,-4.13242184595248,-5.62082132084696,-0.46564487455064,-3.46306555973128,0.0153656132707463,1.48839947489448,9.09925249384898
67.3,-5.93206945725397,-8.8882343804504,-5.03737818926739,3.85085619118301,-3.55264498334907,-5.03142938127373,-0.90064007598024,-3.85680499917667,-0.00594880799366493,1.47878439792466,8.88228557245673
67.3881016288297,-5.79602678627522,-8.7181718511705,-5.70122070461457,3.01695114655593,-4.1467970620697,-5.62733233617016,-0.168694450105065,-3.09083951500035,-0.0738883684444112,1.48053527410045,8.64428348272609
67.4,-5.77318217016886,-8.69529766498949,-5.06618806855551,3.62910959643398,-3.4937573300346,-4.97452906485535,-0.798653105313503,-3.72076860013414,-0.0916590037001583,1.48077173482075,8.60363866128933
67.4174394854104,-5.73808855036533,-8.66175939311391,-4.23867108376708,4.42308830934683,-2.67016818408392,-4.14929668527178,-1.58879186509355,-4.51246270784214,-0.0893743984953046,1.47912850118785,8.57238499461861
67.4813286747414,-5.60089045085997,-8.53863848573337,-4.19325093782762,4.34538754790575,-2.5857815077426,-4.05889005695272,-1.54200039390725,-4.47974842878065,-0.134360880874898,1.47310854921012,8.40427760485847
67.5,-5.555276464333,-8.50249419990095,-3.80105465973745,4.7014395401635,-2.18015316851012,-3.65150241411044,-1.90377405022256,-4.85099178579051,-0.14955224562701,1.47134924560032,8.35294195427394
67.5281024110375,-5.48012307000506,-8.44782978758426,-6.05875461474524,2.38907517283902,-4.39516469008514,-5.86498433302959,0.384861263024533,-2.58284545455467,-0.193770281715649,1.46981964294445,8.25405950586861
67.5704758026587,-5.35119410871031,-8.36449409239003,-3.78493209895899,4.57956199343104,-2.0753983915538,-3.54291166824819,-1.80828244046212,-4.82158242414184,-0.2420204307108,1.46751327669439,8.12247366167923
67.6,-5.2452724369823,-8.30553690921219,-4.16781297813473,4.13772393107746,-2.38898342684408,-3.85488971363979,-1.3903827233425,-4.45064719557239,-0.312923264494933,1.46590628679572,7.99261364471726
67.6362231857866,-5.0961123876998,-8.23171075911099,-4.18105540488565,4.05065535422534,-2.39160274632012,-3.85750757211886,-1.23860481558094,-4.37420318699212,-0.323547832766784,1.46590482579874,7.9081629263442
67.6815735696723,-4.90372505772728,-8.13669154192041,-4.43077584503209,3.70591569688832,-2.6370485279848,-4.10295152465747,-0.800773533069814,-4.03374001726294,-0.327824320374623,1.46590299667267,7.80886722154579
67.7,-4.82514514623933,-8.09726197848936,-4.35650843699096,3.74075354149839,-2.54935985518031,-4.01526210865609,-0.809883037583238,-4.08199986983326,-0.341246328334869,1.46590225347578,7.75601565015449
67.7327081684775,-4.67519646642785,-8.02603400854268,-5.55900239773819,2.46703161080449,-3.68819634885502,-5.15384694127551,0.478650474847652,-2.87218706726717,-0.405155456462684,1.46565059242049,7.62087855207999
67.7694654876831,-4.48906143348407,-7.9437545498681,-3.81279469282869,4.1309598570394,-1.92526796610847,-3.3906357427624,-1.09842569072167,-4.5531188071057,-0.422158950066297,1.46536777665393,7.5215955998018
67.8,-4.32774671335413,-7.87344120157652,-2.0928106205173,5.78063058105922,-0.198397806838084,-1.66353064684009,-2.66421606651403,-6.20991055473643,-0.429279973677208,1.46513284000201,7.44416122789931
67.838507579319,-4.11867189082261,-7.78211420029973,-4.0668406102101,3.71527359008963,-2.18015590628494,-3.6423034356773,-0.47636845514531,-4.13981076462243,-0.424537174532802,1.46214752939236,7.35757702576693
67.8793462241906,-3.90363513893,-7.68212461321656,-3.22668410715593,4.45544050606063,-1.35964904000698,-2.81863054229572,-1.08500459663428,-4.86349407092084,-0.408053564860208,1.45898150228874,7.27407104835635
67.9,-3.79667584223914,-7.63040778005093,-3.22532997530905,4.40507780474187,-1.34162750421573,-2.7990078168908,-0.997668025348338,-4.83139996316013,-0.426322158418253,1.45738031267507,7.20408562163268
67.9371430821228,-3.59510818151274,-7.53543576579424,-2.98832070282094,4.54711506297329,-1.08709520756809,-2.54669341680173,-1.04841476471101,-4.98874234899251,-0.441627286019214,1.45959820923364,7.09380847977502
67.9801314381055,-3.36258813047691,-7.4222598912858,-3.3657068074261,4.0565530838597,-1.49710062225229,-2.9592657624282,-0.403322368048705,-4.46299412885759,-0.406441044997898,1.46216514017592,7.0158188462879
68,-3.25898812384067,-7.36886383216163,-1.78508562141976,5.58377821074188,0.0857868204292105,-1.37756471604263,-1.88142340779805,-5.99129911611901,-0.40752090537713,1.46335153647184,6.9613429267845
68.0288727483521,-3.10590717753928,-7.29008352431828,-2.5892274258519,4.70085609846637,-0.716384499931625,-2.18805172781157,-0.917855449727708,-5.1020317965067,-0.40117569804033,1.47166722787995,6.88890782627795
68.0799124753923,-2.82784154186453,-7.14733706956753,-2.62601490635768,4.52132216320984,-0.735712780181265,-2.22208005027556,-0.605761491588972,-4.92525701929196,-0.40393485608212,1.4863672700943,6.74340221348541
68.1,-2.71672146166947,-7.08989527108545,-3.46751698507043,3.62237828601502,-1.56977391121634,-3.06192662486291,0.345205163193443,-4.02796864622254,-0.405590360207522,1.49215271364657,6.68430491087793
68.1380490388935,-2.50319401368004,-6.97913975932605,-1.45389647191165,5.52524328741439,0.46213530546803,-1.0293139330048,-1.47388008067523,-5.94982582632125,-0.424582538906853,1.49144923847283,6.5545572204192
68.1899957563093,-2.20153988287396,-6.82365971975147,-2.17886483221009,4.64479488754138,-0.253370759183093,-1.74385957323728,-0.45768030963668,-5.07980014651419,-0.435005258972815,1.49048881405419,6.38865446077866
68.2,-2.14222902427161,-6.79314215816945,-1.22775299824642,5.56538915992303,0.709250687064923,-0.781053162078895,-1.36117586219272,-6.01208899609056,-0.446699836167523,1.49030384914382,6.34644232200193
68.2163722181207,-2.04327995697066,-6.74278239493423,-1.96203758363682,4.78074481129741,-0.0161153383736261,-1.50665306879231,-0.536626888178342,-5.23612932614192,-0.455384514844504,1.49053773041869,6.28739788008973
68.2410529406916,-1.89153643277881,-6.66586649376264,-1.97432986034426,4.69153663341838,-0.0127617078060169,-1.5036520085861,-0.387884424192713,-5.16221448517655,-0.470677851758165,1.49089030078008,6.19518864200448
68.2762982889355,-1.67312016557093,-6.55389369388039,0.157396559713434,6.71129025359383,2.08241692340772,0.591023133917697,-2.26414329948863,-7.14491682779809,-0.433626574204263,1.49139378949002,6.12026711967613
68.3,-1.53375336320634,-6.4772879641735,-2.89390344507469,3.58338451909881,-0.983176905812607,-2.47490928023715,0.941155917030814,-4.00237868393635,-0.418994164837534,1.49173237442455,6.05829379933597
68.3420271488072,-1.28729361440918,-6.33910755024168,-1.65708597919843,4.68202157104325,0.266739238378993,-1.2185681711044,-0.0687254433047757,-5.12053937913728,-0.438517808094026,1.48530740948339,5.90058974214765
68.4,-0.959218677484733,-6.14377604796509,-1.0593745505937,5.08440149737139,0.815821560387056,-0.660623160405255,-0.298595517079478,-5.48315288755984,-0.398751390188443,1.47644472079231,5.74502465777665
68.4798395297974,-0.503931464668186,-5.8668655700523,-1.92981779697952,3.93704777307278,-0.00525314023118439,-1.49352023184096,0.989588767172774,-4.37334533821134,-0.436297565138559,1.48826709160977,5.43056800491374
68.5,-0.382292335848356,-5.79539291982554,-1.55221875336061,4.24317416646493,0.351954857811003,-1.13929752886744,0.757005193019089,-4.6560953909581,-0.412921224493163,1.49125238667845,5.38247169533238
68.5280621079108,-0.217956915786476,-5.69485821521133,-1.16387007584317,4.53098813936816,0.736969027065464,-0.753207857921998,0.535250942135523,-4.94165035728933,-0.410662217921175,1.49017688498746,5.28419599729016
68.5618566995913,-0.0207867062734622,-5.57225228454748,-0.155257744862404,5.41699453968508,1.74837902761138,0.259497346128017,-0.280284052401479,-5.8317496306755,-0.414755090990421,1.48888168148336,5.15749719355706
68.6,0.198382105424055,-5.43191355320276,0.941851139887121,6.37376469308988,2.80848353075522,1.32106372035509,-1.12268161493104,-6.75297727355785,-0.379212580467969,1.48741981040013,5.05270097273479
68.7,0.751725792396484,-5.05529966256565,-1.13718389156281,3.91811577100284,0.667886869560257,-0.811133684804682,1.56285947720117,-4.24416597776097,-0.326050206758133,1.47902055436494,4.72924945580752
68.8,1.20280131637958,-4.67033579036488,-0.441158094743269,4.22917769562161,1.23583688120905,-0.231202784389846,1.43400410076943,-4.43913300597504,-0.209955310353423,1.46703966559889,4.46038048001146
68.9,1.54065990091551,-4.28489847925598,2.03936725782804,6.32426573708403,3.58996267954476,2.11248290969315,-0.571823008777642,-6.39738138894913,-0.0731156518651064,1.47747976985161,4.21178282739088
69,1.79594824429744,-3.90558493315501,-0.00384942382161579,3.9017355093334,1.5251114529175,0.0431434362555867,1.75280480804185,-3.9487283694106,-0.0469928600772025,1.48196801666192,3.85859207307781
69.1,2.04122311561257,-3.53474065803856,0.00480052411283394,3.53954118215139,1.5237384659622,0.0604561125102658,1.9807670031023,-3.59519677054883,-0.0556555883974319,1.46328235345193,3.47908506964113
69.2,2.21489823219354,-3.17381968365036,3.02539418748266,6.19921387113303,4.49426474891487,3.01223373590054,-0.797335503706995,-6.1860534195509,0.013160451582122,1.48203101301433,3.18698013523249
69.3,2.35378253839581,-2.82560442189292,3.59108125470554,6.41668567659847,4.94670262954195,3.46849722894807,-1.11471469055226,-6.29410165084099,0.122584025757474,1.47820540059388,2.9481884476504
69.4,2.42771289715634,-2.49363831605252,1.46949356996025,3.96313188601277,2.91153064105153,1.43918319794624,0.988529699210095,-3.93282151399877,0.0303103720140045,1.47234744310528,2.52394868806653
69.4864299223625,2.53227078188605,-2.21861904185287,2.16211069663836,4.38072973849123,3.58496359936146,2.11602939211994,0.416241389766112,-4.33464843397281,0.0460813045184207,1.46893420724151,2.26470034637129
69.5,2.54666398742609,-2.17632662651409,1.82032540853373,3.99665203504782,3.24014228228972,1.77174397597696,0.774920011449129,-3.94807060249105,0.0485814325567671,1.46839830631276,2.22490805907085
69.5346234055416,2.5797394372779,-2.06956123974127,0.757743085468118,2.82730432520939,2.1465388721085,0.676113281237906,1.90362615604,-2.74567452097918,0.0816298042302113,1.47042559087059,2.15119104397148
69.5757601842898,2.60759417461879,-1.94501735528512,4.41185869061485,6.35687604589997,5.77855400557665,4.30571975631412,-1.69812558169533,-6.25073711159924,0.106138934300729,1.47283424926253,2.05115628958585
69.6,2.61554184784023,-1.87291320838203,3.73404314261571,5.60695635099774,5.06539027158944,3.59113672219438,-0.975594874354147,-5.4640499305764,0.142906420421333,1.47425354939506,2.01581962880336
69.6308516960599,2.619925837128,-1.7826734589208,2.86235148748661,4.64502494640741,4.18430200706322,2.71185108551079,-0.0919252483827862,-4.49452454443159,0.150500401975826,1.47245092155244,1.93317386089663
69.6725219062092,2.62030932669071,-1.6636009341958,2.45366629434716,4.11726722854296,3.76948721683597,2.29947103601472,0.32083829067599,-3.96307197021052,0.154195258332446,1.47001618082125,1.81779619252824
69.7,2.61934456453462,-1.58686083557887,1.03109329347147,2.61795412905033,2.35832678740641,0.889916118866675,1.72942844566794,-2.47677695444554,0.141177174604792,1.46841066853974,1.72803801018366
69.7517720855931,2.60139701338755,-1.44618844349216,3.28544901885115,4.73163746234331,4.54201234004042,3.07057813885631,-0.469181125468761,-4.51676658234847,0.214870879994837,1.47143420118411,1.66105932348699
69.8,2.56104838437136,-1.32038983730798,4.14905007621877,5.46943991352675,5.40693479986383,3.93268404856572,-1.37163566419436,-5.25307388587371,0.216366027653046,1.47425075129811,1.53675586496103
69.8526441336744,2.52648981155745,-1.18887157675182,4.6438325967316,5.83270417348342,5.92208596640523,4.44236292110008,-1.91587310954263,-5.6312344978519,0.201469675631517,1.47972304530515,1.39034125238334
69.9,2.49867853727434,-1.07533042641805,2.28464165313437,3.35997207955243,3.56754903522936,2.08290340491037,0.415775132363962,-3.15823383132843,0.201738248224,1.48464563031898,1.27706867464205
69.9561679697634,2.4611290963924,-0.946339974841581,2.35929369876965,3.30563367361123,3.63354096116279,2.14512219108443,0.316006905307967,-3.09146216592601,0.214171507685219,1.48841877007836,1.1605114825268
70,2.42730566383886,-0.849961909705958,2.45335908811669,3.30332099782265,3.73596044912984,2.24459721841464,0.182708445424219,-3.09455912812059,0.208761869702058,1.49136323071521,1.05872377940802
70.0599561993625,2.39666185206331,-0.723884598297444,4.30362554028154,5.02751013857899,5.6309683149339,4.13474775941476,-1.73808590735144,-4.8586323577122,0.168877780866785,1.49622055551915,0.892762379164229
70.1,2.38845997708056,-0.642888423215429,0.740693403309344,1.38358182652477,2.11785751637149,0.618392830167796,1.77006714691276,-1.26128125338322,0.122300573141548,1.49946468620369,0.765188996356977
70.1686499770408,2.39824734657921,-0.508843266786813,6.35988291734306,6.86872618412987,7.75693663902087,6.25281394905301,-3.8545666024738,-6.76165721583983,0.107068968290047,1.50412268996786,0.615912235076861
70.2,2.40840730286444,-0.449407336749427,5.78932340427757,6.238730741027,7.21787025414319,5.71162041816239,-3.30321311529795,-6.16102775491182,0.0777029861151801,1.5062498359808,0.527110322864607
70.247862060612,2.45228782547699,-0.360209323890644,3.31329806561693,3.67350738950757,4.80807640599147,3.29789886330305,-0.84561103782606,-3.65810818719369,0.015399202313878,1.51017754268841,0.375608526204522
70.3,2.51382097797873,-0.264350427900977,4.10230686731228,4.36665729521326,5.62692735257315,4.11247121152024,-1.59865023354151,-4.37682163942122,-0.0101643442079604,1.51445614105291,0.254186083693017
70.4,2.68533700285741,-0.0824471305044337,3.38902775558946,3.4714748860939,5.02678105415097,3.52802950482225,-0.842692501964845,-3.61047663532668,-0.139001749232787,1.49875154932872,-0.0565546187283532
70.5,2.9114341794835,0.101532827854907,4.71781588076471,4.6162830529098,6.27990903225903,4.78267657610421,-1.87124239662071,-4.6811437482493,-0.0648606953394975,1.49723245615483,-0.166393523194404
70.6,3.14327848426481,0.287127083740081,2.89076160082265,2.60363451708257,4.60686754139901,3.10990049912226,0.0333779851425495,-2.82277341538218,-0.219138898299617,1.49696704227675,-0.506265982039697
70.7,3.45333315548529,0.479026218316329,2.50557273734369,2.02654651902736,4.2020487190536,2.68978860536764,0.763544550117649,-2.21076238705131,-0.184215868023951,1.51226011368596,-0.663242086340281
70.8,3.76560472946331,0.678054793396775,4.20697945665508,3.52892466325831,5.97648683818724,4.47877843831427,-0.713173708850963,-3.80072364491749,-0.271798981659185,1.49770839987297,-0.949853775055961
70.9,4.20681922448476,0.888026330561846,5.49580797128045,4.60778164071861,7.40911656575405,5.91001732796304,-1.70319810347828,-5.02199099740119,-0.414209356682586,1.49909923779101,-1.30223568724443
71,4.79010176420848,1.11740161212487,5.60787833045293,4.49047671832806,7.64731585809708,6.15092002666832,-1.36081826245985,-5.03351841454345,-0.54304169621539,1.49639583142876,-1.66044330834026
71.1,5.44723747989414,1.37250335871093,5.66628982523661,4.29378646652568,7.68586932838041,6.18483868557133,-0.737601205677198,-4.8123353268604,-0.518548860334721,1.50103064280908,-1.89105221904565
71.2,6.10887760231138,1.65275773318496,5.16630818138972,3.51355044820476,7.28097223185376,5.77146823004427,0.337409372267113,-4.1187104968593,-0.605160048654544,1.5095040018095,-2.25791778183951
71.3,6.8277804966526,1.95982271806578,5.95579548549187,3.99597276742609,8.02517951498703,6.50553282853114,0.322247668121462,-4.54571011046536,-0.54973734303927,1.51964668645589,-2.50956006110505
71.4,7.46793002570589,2.29129184911664,7.60828149771386,5.31698964859722,9.4865827638228,7.97202700324127,-0.504096977535387,-5.68073515412463,-0.363745505527413,1.51455576058153,-2.65503735464405
71.489659542041,7.9471090021194,2.60185738903043,8.64292479635642,6.04106740732599,10.4579527988766,8.94761096710504,-1.00050196498564,-6.34575357807461,-0.304686170748623,1.51034183177156,-2.90654355977906
71.5,7.99646247761322,2.63826739551154,6.60412887571866,3.96586148020712,8.41019761890107,6.90034178061899,1.09612069699423,-4.26207438510745,-0.296212904900335,1.50985583828208,-2.93448030041187
71.5166745817846,8.07470574711532,2.69715653437056,8.06785574120107,5.37069920683051,9.87978771793496,8.37124729578953,-0.296541548674215,-5.67409076141897,-0.303391554588458,1.50854042214543,-3.00054808895902
71.5405218733882,8.18763424114822,2.78175642865439,8.08082439802845,5.29906796937407,9.87987626149604,8.37321709266154,-0.185582851513328,-5.59146066400716,-0.292392694633088,1.50665916883449,-3.07414912328748
71.5749410550438,8.34712938971882,2.90459010928788,9.80439567832197,6.89980556903409,11.6112709154359,10.1073269899307,-1.76019760021189,-7.20273688064283,-0.302931311608745,1.50394392550515,-3.20752142089663
71.6,8.46586486062378,2.99455756625714,8.41360223057429,5.41904466431715,10.2285264017706,8.72655931388506,-0.260694453261284,-5.73200174762792,-0.312957083310765,1.50196708788556,-3.30751464956791
71.6315727170473,8.61725262712288,3.10860362256672,9.78708745760554,6.67848383503882,11.5950506411392,10.0891784762405,-1.47192584911763,-6.98057485367378,-0.302091018634966,1.50587216489865,-3.41069464120169
71.6847585666366,8.86037306353781,3.30230084920229,9.00315749092992,5.70085664172763,10.7677155971818,9.25526513120313,-0.394892067665314,-5.95296428200084,-0.252107640273207,1.51245046597869,-3.5544084894755
71.7,8.92590543164966,3.35808741976466,8.31254022151267,4.95445280174801,10.0607182917156,8.54638268639378,0.379522745255876,-5.18829526662913,-0.233842464881118,1.51433560532177,-3.59192988464577
71.7297690807677,9.04906911366512,3.46728207622372,9.14940371660779,5.68212164038407,10.8940526897579,9.37929387205443,-0.330224758389312,-5.91201179583071,-0.229890155446641,1.51475881770345,-3.69717223167036
71.7646106603711,9.19251470503997,3.59542173920687,9.5651522050466,5.96973046583973,11.3026538497644,9.7873997064578,-0.594885001417838,-6.19197796725094,-0.222247501411207,1.51525414330657,-3.81766924061807
71.8,9.33914704480662,3.72592811158887,10.2506226199101,6.52469450832124,11.9921828117902,10.4764255556456,-1.13727851083896,-6.75049744405671,-0.225802935735468,1.51575725614459,-3.95173104732434
71.8506567717418,9.55385315595916,3.91340773709071,9.45715093678412,5.54374319969341,11.2516605470156,9.73906049721343,-0.185207341254271,-5.82565276012272,-0.281909560429314,1.51260004980218,-4.19531729752002
71.9,9.78500797986258,4.09725674506487,10.1241254716118,6.02686872654697,11.9424433996187,10.4329186889638,-0.647910709101218,-6.33566194389893,-0.308793217351962,1.50952471065492,-4.40604996241683
71.9725458955095,10.1409406672551,4.37069532648512,9.39025276196283,5.01955743547771,11.2055556889599,9.68038936199228,0.460551305262852,-5.30969403550717,-0.290136600029452,1.52516632696758,-4.66083192651457
72,10.275178444509,4.47519217500223,10.5846468078835,6.10945463288125,12.3977620161635,10.8666763113231,-0.591497866814082,-6.39148413632083,-0.282029503439576,1.53108570484047,-4.75722167844181
72.0331617035496,10.4356192686093,4.60211303720607,11.2930120758164,6.69089903861031,13.098098992456,11.5667832702602,-1.13116400165092,-6.96467023305417,-0.273771194443857,1.53131572219578,-4.87588423164993
72.0849872734766,10.6896674524771,4.80191976453703,11.1463921550413,6.34447239050426,12.9832210933994,11.4515458968927,-0.76187844441565,-6.64962613235569,-0.305153741851433,1.53167519650669,-5.10707350638846
72.1,10.7666572850938,4.86016759514914,10.6433503470538,5.78318275190466,12.4868911368814,10.9551118085817,-0.188454523487858,-6.09494421343253,-0.311761461527864,1.53177932829974,-5.171929056677
72.1232549712645,10.8872132015073,4.95076800834233,11.9655594187219,7.01479141037956,13.8092279235549,12.2769477765448,-1.38973457503746,-7.32617976820244,-0.31138835782288,1.53228014701016,-5.26215636616521
72.1621156308342,11.0882600789845,5.1031637540374,10.2332951698236,5.1301314157862,12.0971181316544,10.5640010820658,0.524258996918691,-5.4608373280284,-0.330705912242207,1.53311704958857,-5.43386966627961
72.2,11.2910504714424,5.25301766784022,10.4949807944194,5.24196312657914,12.351451737837,10.8175188110454,0.473531660396976,-5.56450114320522,-0.32253801662608,1.53393292679156,-5.5755556844663
72.2517157761765,11.5713336331486,5.45963854391287,10.3762012756925,4.9165627317796,12.2886806787076,10.7571987981095,0.814134835039102,-5.29756025419659,-0.380997522416997,1.53148188059814,-5.84063606632987
72.3,11.8516226133843,5.65516541718852,13.839226232287,8.18406081509844,15.7401355105873,14.2109420392862,-2.35931942590191,-8.55577662209768,-0.371715806999244,1.52919347130112,-6.02688122418776
72.3709508335873,12.2727161040433,5.94745286938122,13.613593191351,7.66614032196981,15.507004347904,13.9801173651777,-1.70740126113443,-8.03266449579648,-0.36652417382667,1.52688698272633,-6.31397704320789
72.4,12.4429485888237,6.06879982816812,13.0429418983735,6.97414207020539,14.9595762736087,13.4336336289126,-0.990685040088984,-7.36483380074452,-0.390691730539134,1.52594264469603,-6.45949155870726
72.4599609117601,12.8095889552996,6.3224277353899,14.0212047001942,7.69877696480433,15.9824106169104,14.4510027080834,-1.64141375278375,-8.12857497269348,-0.429798007889152,1.53140790882704,-6.75222574327905
72.5,13.070910423221,6.49445893713735,12.5546637914429,6.06020485430556,14.5620054819845,13.0269481257696,0.043962297451456,-6.53248918863224,-0.472284334326687,1.53505735621489,-6.96674327146404
72.5477161052709,13.39720464377,6.70280218976555,11.925017931922,5.22221574215643,13.9031251713781,12.3731548014512,1.02404984231879,-5.67035261168565,-0.448136869529222,1.5299703699269,-7.15093905929477
72.6,13.7437596725764,6.93507610033398,13.3598073933547,6.42473129302076,15.3193521937515,13.7949557794955,-0.0511961069191376,-6.85987967916153,-0.435148386140771,1.52439641425596,-7.37022448647475
72.675187025413,14.2374057212775,7.27560702295187,13.9306619635711,6.65505494061926,15.9217868512361,14.3861171358062,-0.1487114145287,-7.11051011285438,-0.455455172235116,1.53566971542984,-7.73106219518698
72.7,14.4076494643611,7.38972034757681,13.7213689142091,6.3316485666323,15.7095437057993,14.1701536126314,0.237495851729774,-6.78043326505457,-0.448784698422271,1.53939009316791,-7.83850504599908
72.7384379102473,14.6623569212481,7.56820931501033,13.5258577277344,5.9576484127241,15.4598956730825,13.9176948413395,0.744662079908599,-6.34948552632917,-0.391837113605069,1.54220083174297,-7.96004642861539
72.785713075807,14.9576762252151,7.79002567214055,14.5647082910099,6.77468261886932,16.4908451260696,14.9451873391845,0.0124888860305763,-7.15516166704397,-0.380479048174649,1.54565778688507,-8.1705047203152
72.8,15.0471451822313,7.85750404532666,16.1547427345386,8.29723868921197,18.079053438031,16.5323509323075,-1.48520575007621,-8.67484688698081,-0.377608197768836,1.54670250572358,-8.23511224309549
72.8254093683787,15.2057880386368,7.97801963822832,16.2406018955117,8.26258225728339,18.1608115551535,16.6154293550873,-1.40964131645046,-8.63740971685895,-0.374827459575553,1.54538220006619,-8.35284709780387
72.8642526489578,15.4432525698925,8.1634149710983,14.9999480163842,6.83653304528589,16.9164165306332,15.3730526807415,0.0701998891510591,-7.20963770964316,-0.373104664357264,1.54336384989174,-8.53651963545557
72.9,15.6632380747406,8.33520416354528,16.9778492165467,8.64264505300142,18.8842814927633,17.3427751242978,-1.67953704955722,-9.00757096075256,-0.364925907751143,1.54150636846545,-8.70013007129643
72.9452798714832,15.9281457413969,8.55429772001883,15.6595279789963,7.10523025897746,17.4746875954245,15.9327621127297,-0.00461637133282444,-7.37846439271089,-0.273234133733434,1.54192548269473,-8.82753185375226
72.9900263713005,16.1577047306196,8.77159485321379,13.9798908873491,5.2082960341353,15.7682615184148,14.225921858423,1.93178287219662,-5.45432700520916,-0.246030971073861,1.54233965999184,-9.01762582428765
73,16.2076325732252,8.82006691857257,14.5707197167468,5.75065279817421,16.363208140023,14.8207761633004,1.38685640992481,-6.00070924472783,-0.250056446553616,1.54243197672263,-9.07012336512619
73.0214317672094,16.3153952397891,8.92426032661172,16.9325639706806,8.00830364406892,18.7281948979019,17.1869813871508,-0.871586147361686,-8.26272106053909,-0.254417416470172,1.54121351075106,-9.17867774308189
73.0852558124305,16.6299816631017,9.23479842325879,15.1005942209444,5.8657957976856,16.8585308666726,15.3209459613702,1.30903570173154,-6.08614753811138,-0.220351740425778,1.53758490530244,-9.45515016368457
73.1,16.698962350427,9.30652340138576,16.6023490402211,7.29582563883536,18.3608197721099,16.8240731220319,-0.125110771604824,-7.5175497206461,-0.221724081810745,1.53674665007802,-9.5282474831965
73.1250382647755,16.8154439790002,9.42826002517789,16.671005086144,7.2427450609661,18.425757177646,16.8859089287236,-0.07046494972343,-7.45764890354572,-0.21490384257962,1.53984824892234,-9.64316386775751
73.1644824361974,16.9938183521751,9.6198130460168,17.3723051448173,7.75249209880047,19.1167980309482,17.5720636608192,-0.578245308644078,-7.95225061480239,-0.199758516001921,1.54473437012899,-9.81957156201872
73.2,17.1565117507951,9.7920069633559,15.7003389720201,5.90833200866421,17.465389726378,15.9162556410199,1.24025610977524,-6.12424867766399,-0.215916668999778,1.54913408535811,-10.0079236323557
73.2436025015828,17.3595492530768,10.0031574306865,16.8187267833111,6.81556935262463,18.5905209873467,17.0377251029028,0.321824150173992,-7.03456767221635,-0.218998319591726,1.5527958844439,-10.2221557502782
73.2947393539539,17.5973325290037,10.2505507182443,17.4773646288404,7.22681391059603,19.2132128513809,17.6561224225309,-0.0587898935272229,-7.4055717042866,-0.178757793690568,1.55709042884995,-10.4293085119349
73.3,17.6205587213129,10.2759752830499,16.8458569385957,6.56988165554585,18.5792157505162,17.0216835252513,0.598875196061584,-6.74570824220145,-0.175826586655599,1.5575322252649,-10.4518018697055
73.3087933966781,17.6590291930916,10.3184557509507,17.0645461401078,6.74609038915713,18.7920218769932,17.2348956676812,0.424133525410387,-6.91643991673054,-0.170349527573411,1.55712620931203,-10.4888052785241
73.325542696714,17.7312079184228,10.3993028840866,16.1308429025533,5.73154001846665,17.8385007003563,16.2821478535188,1.44906006490404,-5.88284496943215,-0.151304950965507,1.55635284683754,-10.5506078350521
73.3466045651061,17.8188245884939,10.5008082086164,19.0082539367573,8.5074457281409,20.7094006545579,19.1540202936524,-1.3351957051585,-8.65321208503604,-0.145766356895138,1.55538036090548,-10.6465745655115
73.3873267496584,17.9812332159485,10.696427895063,17.2612357582493,6.5648078631863,18.9558822917115,17.4023821890463,0.578851026902221,-6.70595429398328,-0.141146430796987,1.55350010266518,-10.83757432586
73.4,18.0318580765396,10.7571275009488,17.5906997926377,6.83357229168892,19.2848637590572,17.7319488161433,0.299909260396241,-6.9748213151945,-0.141249023505587,1.55291494291385,-10.8983765244544
73.426663235603,18.1342497311747,10.8845357231181,17.4478472714155,6.56331154829744,19.1186397200244,17.5656463941989,0.568603336975766,-6.68111067108087,-0.117799122783431,1.55299332582546,-11.0023348459015
73.4848800731264,18.3383833505926,11.1608977849802,18.2417214507113,7.08082366573106,19.8921240084448,18.3389595404033,-0.000576189810661987,-7.17806175542304,-0.0972380896919844,1.55316446804155,-11.2581358746722
73.5,18.3910955511691,11.2322067588806,18.6755097517556,7.44330299287494,20.321679399632,18.7684704829756,-0.3773749318065,-7.53626372409493,-0.0929607312199927,1.55320891665646,-11.3251674901006
73.5385257858192,18.5232921545427,11.4130543854988,14.9767385821889,3.56368419669017,16.6166186346186,15.0583983592812,3.46489379526148,-3.64534397378242,-0.0816597770922503,1.55822027533737,-11.494714162591
73.6,18.7191034635292,11.6989238791337,17.9352136552853,6.2362897761516,19.521345796593,17.9551290760089,0.763974387520218,-6.25620519687528,-0.0199154207236845,1.56621672058404,-11.7188392998573
73.6812996559575,18.9249842082265,12.0701594463718,16.3890340446043,4.31887459823257,17.9315215252651,16.3668767904896,2.55810741773693,-4.29671734411785,0.0221572541147239,1.56464473477546,-12.048002192257
73.7,18.9670870563627,12.1542415290623,17.4602342288534,5.30599269979107,18.9934789133484,17.4291957628269,1.53789129353575,-5.27495423376458,0.0310384660264909,1.56428315052145,-12.1232030630359
73.7374006701411,19.0482458478699,12.3208110308985,19.2324742158235,6.911663184925,20.7974948678623,19.233295271973,-0.185049424103092,-6.91248424107446,-0.000821056149458599,1.56419959588931,-12.321632087048
73.7796989615816,19.1494616841798,12.5068908921116,20.4077205284381,7.90082963632655,21.9209571251451,20.356852025375,-1.20739034119514,-7.84996113326343,0.0508685030631248,1.56410509977016,-12.4560223890484
73.8,19.190041224904,12.595291636398,20.5984430247541,8.00315138835609,22.1222653279948,20.5582055815776,-1.36816435667364,-7.96291394517963,0.0402374431764549,1.56405974641712,-12.5550541932216
73.8356149017452,19.2567178077234,12.748825240372,18.8249208698859,6.07609562951393,20.321501085807,18.7576514859038,0.499066321819587,-6.00882624553181,0.0672693839821186,1.56384959990325,-12.6815558563899
73.9,19.3762618371491,13.0212901487117,19.0320923488785,6.01080220016679,20.4941794601473,18.9307097659375,0.445552071211594,-5.90941961722575,0.101382582941039,1.56346969420983,-12.9199075657707
73.9659934345875,19.4552616670034,13.2931258881132,17.4701748763431,4.17704898822995,18.8914786904026,17.3350178721211,2.12024379488232,-4.04189198400795,0.135157004221998,1.55646081828145,-13.1579688838912
74,19.4857207553399,13.4298120393722,19.7807392738876,6.35092723451545,21.1998256662302,19.6469765374935,-0.161255782153663,-6.21716449812136,0.13376273639409,1.55284912873664,-13.2960493029781
74.0423774873183,19.5234012857669,13.5968406267957,17.8825739532172,4.28573332642148,19.3097145788673,17.7574117464524,1.76598953931455,-4.16057111965664,0.125162206764841,1.5523028324149,-13.4716784200309
74.0945901964689,19.5640867852834,13.7977112159941,20.4437880909944,6.64607687500031,21.8507147526238,20.2990850042628,-0.734998218979371,-6.50137378826864,0.144703086731681,1.55162974836102,-13.6530081292624
74.1,19.5674187331096,13.8182049384413,19.6595958008339,5.84139086239259,21.0622267479459,19.5106667384004,0.0567519947091988,-5.69246179995911,0.148929062433481,1.5515600095455,-13.6692758760078
74.118689567278,19.5787620692951,13.8885351437464,19.1719347609511,5.28339961720476,20.5846156850833,19.0294312926968,0.549330776598293,-5.14089614895043,0.142503468254333,1.55518439238652,-13.746031675492
74.144335336926,19.5937925335906,13.9838733439088,19.5659750239436,5.58210168003481,20.9615968017727,19.4014390418344,0.192353491756272,-5.41756569792555,0.16453598210926,1.5601577599383,-13.8193373617995
74.1905222982553,19.613041481496,14.1521025993267,21.0482952156534,6.89619261632665,22.4133788787575,20.8442642913212,-1.23122280982517,-6.69216169199445,0.204030924332198,1.56911458743629,-13.9480716749945
74.2,19.6138062908418,14.186052130811,18.1416642373692,3.95561210655815,19.5028535305373,17.9319009754764,1.68190531536548,-3.74584884466532,0.209763261892832,1.57095255506095,-13.9762888689182
74.2146231957701,19.6143188817107,14.2380260778388,19.0326862136291,4.79466013579023,20.3878653669838,18.8189412695496,0.795377612161111,-4.58091519171074,0.213744944079494,1.56892409743424,-14.0242811337593
74.2381051840824,19.6126696792567,14.3204399364917,17.0756443208287,2.75520438433701,18.4192477694099,16.8535809776311,2.7590887016256,-2.53314104113939,0.222063343197611,1.56566679177882,-14.0983765932941
74.271808709107,19.6055185488739,14.4364433667579,19.9643044395493,5.52786107279142,21.2755005195799,19.7145089146383,-0.108990365764431,-5.27806554788044,0.249795524910976,1.56099160494157,-14.1866478418469
74.3,19.5891510003648,14.531291693824,19.9343259939963,5.40303430017229,21.2290417533287,19.6719607052803,-0.0828097049155083,-5.14066901145628,0.262365288716005,1.55708104804842,-14.268926405108
74.338713935432,19.5626486082896,14.6581564219341,19.9130256842382,5.25486926230406,21.2231661819477,19.6613853476434,-0.0987367393537575,-5.00322892570928,0.251640336594779,1.56178083430434,-14.4065160853393
74.3889039793507,19.5300653105613,14.8169520627358,19.512945494932,4.69599343219616,20.8080469808188,19.2401731860349,0.289892124526347,-4.42322112329908,0.272772308897078,1.56787379478386,-14.5441797538388
74.4,19.5206604969635,14.8512008423859,18.2136733772243,3.36247253483847,19.504697127793,17.9354763006095,1.58518419635397,-3.08427545822365,0.27819707661482,1.56922082718345,-14.573003765771
74.4166737859345,19.5047781174559,14.9020621076963,18.4331522582873,3.53109015059104,19.7044580342787,18.1328899276827,1.37188818977314,-3.23082781998644,0.3002623306046,1.57156810659594,-14.6017997770917
74.4392292715232,19.4806413536137,14.969687315864,18.1506601124651,3.18097279660116,19.411925744597,17.8371823527257,1.64345900088792,-2.86749503686175,0.313477759739403,1.57474339187124,-14.6562095561246
74.4692750146787,19.44611344236,15.0576385041831,19.2155382988842,4.15789979470107,20.4959120131948,18.9169388828215,0.529174559538415,-3.85930037863841,0.298599416062665,1.57897313037328,-14.7590390881205
74.5,19.4099836839325,15.1451038031986,18.3743580880189,3.22925428482027,19.6438440417305,18.0605455514313,1.34943813250124,-2.91544174823273,0.313812536587541,1.58329849029916,-14.831291266611
74.5568342160724,19.3329963895815,15.300282367943,19.6172505633048,4.31696819536185,20.8460342718383,19.2704369566059,0.062559432975597,-3.97015458866289,0.346813606698962,1.5755973152324,-14.953468761244
74.6,19.2579839902344,15.4121729267328,19.7220331012907,4.30986017455795,20.9282509772885,19.3585027311889,-0.100518740954584,-3.94632980445616,0.363530370101785,1.56974824609952,-15.048642556631
74.6560580873928,19.1467550518266,15.5494142953655,17.1711879015095,1.62177360614403,18.3879957886857,16.8123424397319,2.33441261209467,-1.2629281443664,0.358845461777634,1.57565334895382,-15.1905688335879
74.7,19.0611451091437,15.6507061873656,18.9798434601237,3.32913727275803,20.1946638781869,18.6143817321116,0.446763377032074,-2.96367554474594,0.365461728012082,1.58028214607533,-15.2852444593536
74.7574718065097,18.9372031521998,15.774986223162,17.2976504216822,1.52266419852021,18.5023423019962,16.9253887814025,2.01181437079732,-1.15040255824056,0.372261640279657,1.57695352059372,-15.4027245828823
74.8,18.8410084674813,15.8608863145141,18.1853566846906,2.32447037017648,19.4292233324154,17.8547329400429,0.986275527438377,-1.9938466255288,0.330623744647678,1.5744903923725,-15.5302625698665
74.8436510964744,18.7518689555299,15.9440161782898,17.8404116534671,1.89639547517727,19.0556466278622,17.4765984186578,1.27527053687209,-1.53258224036804,0.363813234809228,1.57904820920435,-15.5802029434806
74.8927942238368,18.630747901268,16.031459575933,18.5636059390402,2.53214636310718,19.7615957694311,18.1774162945506,0.45333160671731,-2.14595671861764,0.386189644489541,1.58417947488043,-15.6452699314435
74.9,18.6123748481744,16.0437101997317,19.2574211798021,3.21371098007034,20.4469953054052,18.8620634414547,-0.249688593280361,-2.81835324172298,0.395357738347357,1.58493186395049,-15.6483524613844
74.9117810390447,18.581803408792,16.0634251483984,16.9911087369144,0.927683588515997,18.1823702138328,16.59796025009,1.98384315870197,-0.534535101691546,0.393148486824451,1.5844099637428,-15.670276661574
74.9346701910492,18.522542113199,16.1006217560957,19.2170022521554,3.11638049605967,20.4124317708377,18.8290357968745,-0.306493683675505,-2.72841404077881,0.387966455280861,1.58339597396314,-15.7126553008149
74.9658759947886,18.4415804541162,16.1490206199623,16.4911066994864,0.342086079524151,17.6787071762221,16.0966936198361,2.34488683428014,0.0523270001261977,0.394413079650349,1.58201355638597,-15.7546075403119
75,18.3490845560397,16.198886978389,18.7352679795902,2.53638100120115,19.9291872031927,18.3486853407532,0.000399215286499555,-2.14979836236421,0.386582638836938,1.58050186243949,-15.8123043395521
75.1,18.090516890124,16.3274321385741,17.2114729645058,0.884040825931621,18.4144961761396,16.8250130774306,1.26550381269337,-0.497580938856483,0.386459887075137,1.58948309870901,-15.940972251499
75.2,17.8243053267201,16.430953160879,17.2403471674133,0.809394006534312,18.4890859488506,16.8913709866301,0.932934340089943,-0.460417825751122,0.34897618078319,1.59771496222042,-16.0819769800958
75.3,17.581342309192,16.5117245390536,17.9206658499669,1.4089413109133,19.2074367988807,17.6014635785565,-0.0201212693645125,-1.08973903950286,0.319202271410436,1.60597322032419,-16.1925222676432
75.4,17.3660731942836,16.5727838123986,17.708920562974,1.13613675057532,19.0144934503237,17.4206101332931,-0.0545369390094272,-0.847826320894423,0.288310429680898,1.59388331703065,-16.2844733827177
75.5,17.1631500334844,16.6164810551965,17.7996931160688,1.18321206087234,19.1711586538195,17.5869795265525,-0.423829493068045,-0.970498471355992,0.212713589516344,1.58417912726703,-16.4037674656801
75.6,17.0283639529476,16.6467782213067,17.2881718619368,0.641393640630138,18.6829666447595,17.0831687280122,-0.054804775064575,-0.436390506705514,0.205003133924624,1.59979791674732,-16.441775087382
75.7,16.8881117103574,16.6661964426612,16.4922420445364,-0.173954398124899,17.9873634594653,16.3866230612656,0.501488649091804,0.279573381395647,0.105618983270748,1.60074039819973,-16.5605774593905
75.7883747857904,16.8618078481067,16.6777271373796,16.8979152808995,0.220188143519859,18.4446502288614,16.8629962703208,-0.00118842221407434,-0.185269132941162,0.0349190105786974,1.58165395854066,-16.6428081268009
75.8,16.8599638076297,16.6791227727751,17.638891562812,0.959768790036946,19.1847358252542,17.6055925822706,-0.745628774640849,-0.92646980949549,0.0332989805414563,1.57914324298362,-16.6458237922336
75.822164868402,16.8552385402151,16.6817087213177,16.6062810914703,-0.0754276298473719,18.1506050340317,16.5727427176637,0.2824958225514,0.108966003654025,0.0335383738066533,1.57786231636802,-16.648170347511
75.8514513216628,16.8509759932534,16.6849778181242,19.7947608490003,3.10978303087603,21.3442720464411,19.7681022191408,-2.91712622588744,-3.08312440101662,0.026658629859412,1.5761698273003,-16.6583191882648
75.9,16.8470622434466,16.6901223586233,17.2235426822039,0.53342032358065,18.7807712196425,17.2074070617965,-0.36034481834988,-0.517284703173232,0.0161356204074181,1.573364157846,-16.6739867382158
75.9655117038381,16.8603612016409,16.6968631905188,15.8016514067986,-0.895211783720217,17.4305298598561,15.8562425187691,1.00411868287181,0.840620671749768,-0.0545911119704492,1.57428734108701,-16.7514543024893
76,16.8850057462231,16.7007937523107,16.9416354010399,0.240841648729248,18.5955618729439,17.0207885268354,-0.135782780612296,-0.319994774524766,-0.0791531257955178,1.57477334610844,-16.7799468781062
76.0405077547301,16.9153070361721,16.7060612223956,17.531209881311,0.825148658915353,19.1605493886672,17.5896613858267,-0.674354349654589,-0.883600163431083,-0.0584515045157303,1.57088800284047,-16.7645127269113
76.1,16.956002082893,16.7148799073313,17.4444261266355,0.729546219304165,19.0762491698932,17.5110674274021,-0.555065344509099,-0.796187520070745,-0.0666413007665803,1.56518174249115,-16.7815212080979
76.2,17.0344230035131,16.7325104407952,17.8574345038715,1.12492406307623,19.5318031086366,17.9499545709151,-0.915531567402027,-1.21744413011989,-0.0925200670436581,1.58184853772153,-16.8250305078389
76.3,17.1526931806619,16.7554381679165,17.0785656819137,0.323127513997211,18.7809573964858,17.194556856777,-0.0418636761151063,-0.439118688860521,-0.115991174863311,1.58640053970884,-16.8714293427798
76.4,17.3047641766565,16.7855962081946,17.8622029067421,1.07660669854746,19.5515349464312,17.9645969286531,-0.659832751996653,-1.17900072045851,-0.102394021911053,1.58693801777811,-16.8879902301056
76.5,17.4511923040128,16.8231512704838,17.7668478776773,0.94369660719352,19.51110800914,17.9232554692697,-0.472063165256863,-1.10010419878584,-0.156407591592323,1.58785253987033,-16.9795588620761
76.6,17.6377322797335,16.8692364817289,15.924863980051,-0.944372501677854,17.641639761445,16.0662910511098,1.57144122862367,0.802945430619062,-0.141427071058793,1.57534871033523,-17.0106635527877
76.7,17.785802239941,16.9230207775684,19.0077079960135,2.08468721844513,20.7113677512358,19.1292687607807,-1.34346652083971,-2.20624798321235,-0.121560764767224,1.58209899045513,-17.0445815423356
76.8,17.9922118190683,16.9838176589567,18.6860185192848,1.70220086032814,20.5524989975019,18.9742680900813,-0.982056271012993,-1.99045043112464,-0.288249570796506,1.57823090742057,-17.2720672297532
76.9,18.312250277253,17.058605464118,18.3244521629089,1.26584669879091,20.120680338221,18.5373979863813,-0.225147709128219,-1.47879252226327,-0.21294582347236,1.58328235183971,-17.2715512875904
77,18.5801286202572,17.1468291383326,20.6792987683082,3.53246962997556,22.4966938259783,20.9012373085444,-2.32110868828719,-3.75440817021183,-0.221938540236273,1.59545651743391,-17.3687676785689
77.1,18.9123128623458,17.2482185100657,18.3725072010919,1.1242886910262,20.3070747317015,18.7226655238107,0.189647338535075,-1.47444701374495,-0.350158322718748,1.58440920789086,-17.5983768327845
77.2,19.3248630399257,17.3672524758229,21.0496766195369,3.68242414371405,22.9971561550573,21.4063145388374,-2.08145149891172,-4.03906206301453,-0.356637919300486,1.59084161621986,-17.7238903951234
77.3,19.813209130553,17.5067466952859,20.9492041382783,3.44245744299241,23.0762227056257,21.487386702339,-1.67417757178596,-3.98064000705308,-0.538182564060669,1.58883600328671,-18.0449292593465
77.3881476638374,20.3815872109616,17.6523864945101,22.2277659493703,4.57537945486019,24.4642494459885,22.8791262570443,-2.49753904608272,-5.22673976253424,-0.651360307674043,1.58512318894416,-18.3037468021841
77.4,20.4671053409658,17.6739172911137,20.3730837697422,2.69916647862858,22.6282118783219,21.0435879144483,-0.576482573482433,-3.3696706233346,-0.670504144706015,1.58462396387362,-18.3444214358197
77.4192095742773,20.6093252486003,17.7098894269373,21.9748830922845,4.26499366534717,24.2405239832646,22.6532103834541,-2.04388513485379,-4.94332095651682,-0.678327291169651,1.58731359981054,-18.3882167181069
77.4713315518527,21.0115439902674,17.8143909892631,23.6359343818048,5.8215433925417,25.9374324306315,24.342820952067,-3.33127696179956,-6.52842996280386,-0.706886570262164,1.59461147856448,-18.5212775595253
77.5,21.2427695158054,17.8762848080294,21.1120705828566,3.23578577482717,23.4437039538241,21.8450784514567,-0.602308935651308,-3.96879364342728,-0.733007868600108,1.59862550236739,-18.6092926766295
77.5383355017995,21.5667561551655,17.9641460272529,21.6081927719541,3.64404674470119,23.9806184606409,22.3773914138684,-0.810635258702927,-4.41324538661545,-0.769198641914265,1.60322704677248,-18.7333446691672
77.6,22.1249140298342,18.1184144845232,23.2331910258923,5.11477654136913,25.6645259261462,24.0538970739096,-1.92898304407543,-5.93548258938644,-0.820706048017311,1.61062885223655,-18.9391205325405
77.7,23.1215968961265,18.4049589377333,25.1515393025477,6.74658036481443,27.6955368381679,26.0830149367844,-2.96141804065788,-7.67805599905113,-0.931475634236701,1.61252190138354,-19.33643457197
77.8,24.2563673779809,18.7410929587701,23.9546954421012,5.21360248333112,26.6178334950155,25.0116350419193,-0.755267663938415,-6.27054208314921,-1.05693959981809,1.60619845309619,-19.7980325585882
77.9,25.5229750677865,19.1323384717348,25.7449998298574,6.61266135812262,28.4941554728804,26.8977691018688,-1.37479403408235,-7.76543063013402,-1.1527692720114,1.59638637101157,-20.2851077437462
78,26.8568212744115,19.5821006131814,26.0982861909658,6.51618557778443,28.8208820522972,27.2301613010118,-0.373340026600371,-7.64806068783042,-1.13187511004599,1.59072075128533,-20.7139757232274
78.1,28.1559295262562,20.0873273342226,27.4093580937194,7.32203075949676,30.0711862235696,28.4772095826003,-0.321280056344111,-8.38988224837772,-1.06785148888096,1.59397664096928,-21.1551788231036
78.2,29.4660706434085,20.6428285277655,29.696365874124,9.05353734635849,32.3931876303372,30.7848767033373,-1.31880605992879,-10.1420481755718,-1.08851082921331,1.60831092699989,-21.7313393569788
78.3,30.816358608012,21.248111720203,29.6273470063551,8.37923528615212,32.3124871098829,30.6915775647615,0.124781043250518,-9.44346584455849,-1.06423055840637,1.62090954512143,-22.3123422786094
78.4,32.0994613880227,21.8996264037839,31.6692432262728,9.76961682248886,34.1530437555349,32.5476882772269,-0.44822688920415,-10.6480618734429,-0.87844505095407,1.60535547830807,-22.778071454738
78.5,33.2840514808535,22.5873475788374,30.2222087084453,7.63486112960783,32.6564362341622,31.0546271513322,2.22942432952127,-8.46727957249475,-0.832418442886922,1.60180908283005,-23.4197660217244
78.6,34.3683974450876,23.3037677432242,33.3296110416191,10.0258432983949,35.6755901587558,34.0743841192307,0.294013325856845,-10.7706163760066,-0.744773077611612,1.60120603952507,-24.0485408208358
78.7,35.4148065145325,24.0421707047504,33.836273055045,9.79410235029456,36.1426781455049,34.526442365314,0.888364149218489,-10.4842716605635,-0.690169310268978,1.61623578019097,-24.7323400150194
78.8,36.4378107521278,24.7995314686029,34.7620957535343,9.96256428493136,36.987353249216,35.382704222539,1.05510652958875,-10.5831727539361,-0.620608469004765,1.60464902667697,-25.4201399376077
78.9,37.3771631235345,25.5712741292151,36.0699403103701,10.498666181155,38.1768540326354,36.5666052575987,0.810557865935792,-10.9953311283836,-0.496664947228638,1.61024877503665,-26.0679390764437
78.9904822392063,38.1488208120785,26.276126634539,36.6564181968577,10.3802915623186,38.7730953568868,37.149142686499,0.999678125579543,-10.8730160519599,-0.492724489641319,1.62395267038784,-26.7688511241804
79,38.232214807661,26.3505025203214,36.6471439519254,10.296641431604,38.7617753346014,37.1363811614497,1.09583364621133,-10.7858786411283,-0.489237209524255,1.62539417315169,-26.8397397298457
79.0134225950076,38.3495303217627,26.455487425098,36.0692954842726,9.61380805917457,38.1702648552659,36.5462297529129,1.80330056884979,-10.0907423278149,-0.476934268640285,1.62403510235305,-26.9324216937383
79.0326084006877,38.5140442941348,26.6057178832003,36.9559997147939,10.3502818315936,39.0492251298249,37.4271326375434,1.0869116565914,-10.8214147543431,-0.471132922749533,1.62209249228148,-27.0768508059498
79.0583976677691,38.7310024520781,26.8079139478866,35.6391681189643,8.83125417107773,37.6834392994347,36.0639580339532,2.66704441812489,-9.2560440860666,-0.424789914988864,1.61948126548153,-27.2327038628755
79.0880723635809,38.9704147694646,27.0407686482555,37.6465213755422,10.6057527272867,39.6773907636705,38.060914134216,0.909500635248577,-11.0201454859605,-0.414392758673756,1.61647662945447,-27.4551614069293
79.1,39.0652184463887,27.1343926116645,37.2887915631231,10.1543989514586,39.314787573716,37.6995186468216,1.3656997995671,-10.5651260351571,-0.410727083698475,1.61526892689436,-27.545119695363
79.1190280363869,39.2151273658676,27.2837630363275,38.2987340531827,11.0149710168552,40.307939590599,38.6911602700378,0.523967095829867,-11.4073972337103,-0.392426216855107,1.61677932056121,-27.6761892531826
79.1621532853466,39.5415248283412,27.6221640535081,37.1978554077402,9.57569135423203,39.1605404258578,37.5403379405734,2.00118688776782,-9.91817388706529,-0.342482532833259,1.62020248528435,-27.9646465863414
79.2,39.8137423169712,27.9186872316577,38.5319040024786,10.6132167708209,40.4526994103242,38.8294927559831,0.984249560988083,-10.9108055243254,-0.29758875350452,1.62320665434107,-28.2162759851622
79.2477938804739,40.1392902052127,28.2919928303541,37.1996538968488,8.9076610664947,39.102955337883,37.4759383206601,2.66335188455265,-9.18394549030603,-0.276284423811326,1.62701701722295,-28.5682772541654
79.3,40.485159031495,28.6979181442101,39.4377903519175,10.7398722077075,41.3290494743892,39.6978703289173,0.78728870257769,-10.9999521847072,-0.260079976999748,1.63117914547195,-28.9579981212098
79.3644970507264,40.8899822443537,29.1962690214079,40.6958342239154,11.4995652025074,42.5073188529072,40.8767491080137,0.0132331363400553,-11.6804800866057,-0.180914884098307,1.63056974489351,-29.3771839055062
79.4,41.0900346069298,29.4685862313923,39.5999463976975,10.1313601663052,41.3923151621395,39.7620808669693,1.32795373996041,-10.293494635577,-0.162134469271869,1.63023429517015,-29.6307207006642
79.4485429907975,41.3513562176601,29.8380570365837,39.9455917499994,10.1075347134157,41.7104159695061,40.083754239678,1.26760197798211,-10.2456972030943,-0.138162489678599,1.62666172982815,-29.9762195262623
79.5,41.6247818986428,30.2258835021143,41.200054575488,10.9741710733736,42.9891219837358,41.3662472790715,0.258534619571321,-11.1403637769572,-0.166192703583526,1.62287470466428,-30.3920762056978
79.5500164705186,41.8874871130377,30.5991997047949,40.621144177616,10.0219444728211,42.3949812657775,40.7724340544177,1.11505305862008,-10.1732343496228,-0.151289876801698,1.62254721135979,-30.7504895815966
79.6,42.1429401692327,30.9685987770573,41.9674593577605,10.9988605807032,43.6973012626579,42.0750813289142,0.0678588403184435,-11.1064825518569,-0.107621971153705,1.62221993374364,-31.076220748211
79.6659148164186,42.4456878130454,31.4494712059455,40.1713587874038,8.72188758145828,41.8489031232027,40.2135857249758,2.23210208806955,-8.76411451903034,-0.0422269375720674,1.63531739822682,-31.4916981435176
79.7,42.5837131087649,31.6948870117616,41.9972753235098,10.3023883117482,43.6360626232257,41.9939724005322,0.589740708232668,-10.2990853887706,0.00330292297758206,1.64209022269353,-31.691584088784
79.7481255293984,42.7510093483411,32.0369804145761,42.8632573827685,10.8262769681924,44.4326705898787,42.7894506650594,-0.0384413167182558,-10.7524702504833,0.0738067177090826,1.64321992481933,-31.963173696867
79.8,42.899939343785,32.3990406956966,41.1762768536744,8.7772361579778,42.719485312009,41.0750476821495,1.82489166163553,-8.67600698645283,0.101229171524977,1.64443762985958,-32.2978115241716
79.8842731685724,43.1217077678423,32.971556248362,40.8482495891571,7.87669334079504,42.377512175705,40.7286461773768,2.39306159046548,-7.7570899290148,0.11960341178024,1.64886599832816,-32.8519528365818
79.9,43.15970655069,33.0762390632972,40.1057010962144,7.02946203291716,41.6199755297752,39.9702831212671,3.18942342942297,-6.89404405796983,0.13541797494733,1.64969240850809,-32.9408210883499
79.9246890617452,43.212760152438,33.2391462846384,43.2292640975647,9.99011781292626,44.7242694675603,43.0726880814352,0.140072071002734,-9.83354179679679,0.156576016129478,1.65158138612509,-33.082570268509
79.9623911738483,43.2968922259678,33.4845205308693,41.9733766285607,8.48885609769145,43.501149807992,41.8466838065417,1.45020841942613,-8.3621632756724,0.126692822019052,1.65446600145035,-33.3578277088502
80,43.3871656455294,33.7254354544716,42.6567616447286,8.93132619025702,44.1996688400666,42.5423253606652,0.844840284864198,-8.81688990619363,0.114436284063395,1.65734347940134,-33.6109991704082
80.0685428726871,43.5261511444917,34.1548637425767,41.7799012332266,7.62503749064982,43.1944462861895,41.5458369732947,1.98031417119705,-7.39097323071797,0.234064259931856,1.64860931289476,-33.9207994826449
80.1,43.5540303029484,34.347137826614,41.2310524524682,6.88391462585417,42.5997199368089,40.9551190901047,2.59891121284375,-6.6079812634907,0.275933362363467,1.6446008467042,-34.0712044642505
80.1455744421274,43.5691264457952,34.6194000638713,42.1108477893545,7.49144772548318,43.429566017293,41.782832046111,1.7862943996842,-7.16343198223969,0.328015743243483,1.64673397118194,-34.2913843206278
80.2,43.5583564625356,34.9341144302531,43.0486579504438,8.11454352019071,44.318355996,42.6690746213987,0.889281841136892,-7.73496019114561,0.379583329045097,1.64928137460134,-34.554531101208
80.3,43.4846126846968,35.4811176456682,41.8147878369923,6.33367019132415,43.070392106079,41.4014528716376,2.08315981305926,-5.9203352259694,0.413334965354743,1.66893923444137,-35.0677826803134
80.4,43.377923693994,35.9872985863304,41.7123625807357,5.72506399440531,42.9690599165713,41.3158024866522,2.06212120734185,-5.32850390032177,0.39656009408354,1.65325742991912,-35.5907384922469
80.5,43.2102274176461,36.4532719677812,43.4864284282863,7.03315646050504,44.596481860879,42.9249493204317,0.285278097214423,-6.47167735265043,0.561479107854609,1.67153254044732,-35.8917928599266
80.6,42.9149073952767,36.8743826042704,42.1681217057259,5.2937391014555,43.2316116527364,41.5817423520938,1.33316504318289,-4.70735974782347,0.586379353632026,1.64986930064254,-36.2880032506383
80.7,42.5663383084745,37.2475996974921,41.1044492373039,3.85684953981175,42.2272136266264,40.5840441152734,1.98229419320113,-3.33644441778123,0.520405122030517,1.64316951135306,-36.7271945754616
80.8,42.236318997946,37.5755423599728,41.2484353969061,3.67289303693323,42.4071718118318,40.7690021372914,1.46731686065455,-3.19345977731861,0.479433259614623,1.6381696745404,-37.0961091003582
80.9,41.9243708884404,37.8622507105045,39.9482946926932,2.08604398218872,41.1227848504163,39.4740200528575,2.4503508355829,-1.61176934235301,0.474274639835706,1.64876479755879,-37.3879760706688
81,41.5723773297479,38.1100504350898,40.4625943498249,2.3525439147351,41.5561943264948,39.9183936833399,1.65398364640797,-1.80834324825016,0.54420066648494,1.63780064315483,-37.5658497686048
81.1,41.1169546278856,38.3163419384412,40.9705719170681,2.65422997862684,41.9949290984528,40.3431742805449,0.773780347340661,-2.02683234210365,0.627397636523192,1.65175481790786,-37.6889443019181
81.2,40.5702311869772,38.4775208302917,36.4220070955687,-2.05551373472299,37.3887060612437,35.7519569401264,4.81827424685081,2.72556389016528,0.67005015544229,1.63674912111733,-37.8074706748494
81.3,39.9487990208744,38.5912008515078,37.024210388146,-1.56699046336184,37.9004322378244,36.2675386026719,3.68126041820251,2.32366224883594,0.756671785474104,1.63289363515249,-37.8345290660337
81.4,39.2024028314416,38.6543711014355,40.095948627466,1.44157752603049,40.841043189975,39.1840939082688,0.0183089231727962,-0.529722806833341,0.911854719197152,1.65694928170616,-37.7425163822383
81.5,38.3828798059972,38.6628495937857,38.1418478004172,-0.521001793368526,38.9187162562262,37.2680391775865,1.11484062841068,1.39481041619921,0.873808622830687,1.65067707863964,-37.789040970955
81.6,37.5507061788063,38.618110269272,37.5245530772357,-1.09355719203634,38.3568109598822,36.6844731285898,0.866233050216572,1.93363714068225,0.840079948645908,1.67233783129242,-37.7780303206261
81.7,36.7067641569533,38.5234406540005,37.2373274823572,-1.28611317164329,38.0072930251862,36.3559670466825,0.350797110270832,2.16747360731805,0.881360435674758,1.65132597850375,-37.6420802183258
81.8,35.8084969210198,38.3789882868264,36.013700666191,-2.36528762063536,36.7818219376898,35.1384415892528,0.670055331766939,3.24054669757358,0.875259076938221,1.64338034843701,-37.5037292098882
81.9,34.9083565590155,38.1859254759627,36.0645305813784,-2.12139489458424,36.9534115556296,35.3069637992784,-0.398607240262976,2.87896167668421,0.757566782099971,1.64644775635114,-37.4283586938627
81.9665408182282,34.3731474732467,38.0339390044752,35.7039545448303,-2.3299844596449,36.609732521895,34.9528036347666,-0.579656161519857,3.08113536970866,0.751150910063764,1.65692888712839,-37.2827880944115
82,34.1012660177046,37.9512505656308,78.945699610054,40.9944490444232,79.9975969390811,78.33539775217,-44.2341317344654,-40.3841471865392,0.610301857884025,1.66219918691112,-37.3409487077467
82.0276074904884,34.01678253108,37.8808743347919,76.81288765274,38.9320133179481,78.6688906832106,76.9979810885417,-42.9811985574617,-39.1171067537498,-0.185093435801676,1.67090959466896,-38.0659677705936
82.0607785923425,34.1885190238179,37.7987899124537,76.0824784028434,38.2836884903898,78.8585733712449,77.1771980001575,-42.9886789763396,-39.3784080877039,-1.09471959731411,1.68137537108737,-38.8935095097678
82.1,34.7624652040556,37.7133406941505,72.5054626845133,34.7921219903628,76.2926215538734,74.5988714813014,-39.8364062772458,-36.8855307871509,-2.09340879678811,1.69375007257196,-39.8067494909386
82.1487030127057,36.0015580874377,37.6383816890959,70.8238159521624,33.1854342630665,75.8344114530362,74.1305599270964,-38.1290018396587,-36.4921782380005,-3.30674397493395,1.7038515259398,-40.9451256640299
82.2,37.9131033200074,37.6143510676257,68.0902451149052,30.4758940472795,74.2314155268048,72.5169245332782,-34.6038212132708,-34.9025734656525,-4.42667941837298,1.71449099352665,-42.0410304859987
82.3,43.1457975559787,37.7919320232652,65.6983801750183,27.9064481517531,73.6348579803694,71.9172672189386,-28.77146966296,-34.1253351956734,-6.21888704392033,1.71759076143074,-44.0108190671856
82.4,50.0004321737834,38.3466302632174,63.1122642263093,24.7656339630919,72.1811694748153,70.4753084441097,-20.4748762703264,-32.1286781808923,-7.36304421780042,1.70586103070558,-45.7096744810178
82.5,57.8781297515612,39.3378726902216,61.6592515085096,22.321378818288,71.3518693745625,69.6575549645935,-11.7794252130324,-30.3196822743719,-7.99830345608394,1.69431440996894,-47.3361761463056
82.6,66.261223416093,40.787265867013,61.4854210941144,20.6981552271014,71.1324206762352,69.4474426696695,-3.18621925357652,-28.6601768026565,-7.96202157555507,1.6849780065657,-48.7492874425681
82.7,74.5558690666653,42.678205760087,62.5024824998252,19.8242767397381,71.5573782590718,69.8657755204147,4.69009354625064,-27.1875697603277,-7.36329302058954,1.6916027386571,-50.0414987806766
82.8,82.1633253197884,44.9583276810716,59.3528887364293,14.3945610553576,67.1747384827552,65.4815977930227,16.6817275267657,-20.5232701119511,-6.12870905659349,1.6931406897325,-51.0870367376651
82.9,88.5584876087313,47.5406072148668,63.4584475791811,15.9178403643142,69.6727676028348,67.9906116534263,20.567875955305,-20.4500044385595,-4.53216407424524,1.68215594940845,-52.0727712891121
83,93.384482767895,50.3168126046018,62.3840595782059,12.0672469736041,66.7557312424248,65.0707706111208,28.3137121567742,-14.753958006519,-2.68671103291488,1.68496063130404,-53.0035236375167
83.1,96.4092491384656,53.166789097909,65.0923122327488,11.9255231348398,67.407362447324,65.740730249432,30.6685188890336,-12.573941151523,-0.648418016683181,1.66663219789199,-53.8152071145922
83.2,97.4165591337674,55.9635710232532,66.8862960429544,10.9227250197012,67.1212011058897,65.4469250090231,31.9696341247444,-9.48335398576985,1.43937103393134,1.67427609686666,-54.5241999893219
83.3,96.4212028163959,58.5816088591913,69.5630910648999,10.9814822057086,67.8087757489514,66.1209305725447,30.3002722438513,-7.53932171335334,3.44216049235527,1.68784517640675,-55.139448366836
83.3845508234842,94.0792198733839,60.5709052709641,69.8826348025268,9.31172953156266,66.6795104997453,64.9793746669252,29.0998452064587,-4.40846939596108,4.90326013560158,1.70013583282018,-55.6676451353625
83.4,93.5125138919743,60.906939547343,70.7795583140656,9.87261876672254,67.3331375946455,65.6307560058101,27.8817578861641,-4.72381645846711,5.14880230825543,1.70238158883534,-55.7581372390876
83.4238155430211,92.5633093631462,61.4065716808372,72.5226063686986,11.1160346878614,68.7365606430728,67.0329658098104,25.5303435533358,-5.62639412897319,5.48964055888818,1.70359483326243,-55.916931121949
83.4593959232633,90.9868872489168,62.1095008206807,70.7214846452558,8.61198382457506,66.4910893508569,64.7856819325107,26.2012053164061,-2.67618111182998,5.93580271274509,1.70540741834623,-56.1736981079356
83.5,88.9810467661396,62.8446583740717,72.8599584091493,10.0153000350776,68.1672741928178,66.4597982652726,22.521248500867,-3.61513989120085,6.4001601438767,1.7074759275452,-56.444498230195
83.5535651629463,86.0375525870938,63.6993249719302,75.6185987921922,11.919273820262,70.4664563996837,68.7627441414633,17.2748084456305,-5.06341916953305,6.85585465072897,1.70371225822045,-56.8434703212012
83.6,83.2632899328735,64.3300100897262,75.0930327574405,10.7630226677142,69.6089673457474,67.9085177560639,15.3547721768096,-3.57850766633769,7.18451500137655,1.70044958968353,-57.1454950883497
83.6789018882723,78.1724628319804,65.1595214845138,74.3318408116145,9.17231932710067,68.5499700048485,66.8378485865944,11.334614245386,-1.67832710208052,7.49399222502015,1.71212141825411,-57.6655292594937
83.7,76.7592452990102,65.3291606698114,74.0218674030214,8.69270673320998,68.2233627141125,66.5081202863536,10.2511250126566,-1.1789596165422,7.51374711666777,1.71524242775895,-57.8154135531436
83.7378763065349,74.1916858323646,65.5788039149217,75.3648635432527,9.78605962833105,69.5971721070007,67.8824846986963,6.30920113366821,-2.30368078377469,7.48237884455637,1.71468740830431,-58.0964250703653
83.7782332539432,71.440497310184,65.768294787621,77.4334755647254,11.6651807771044,71.7567167664501,70.0426207276058,1.39787658257823,-4.27432593998482,7.39085483711958,1.71409603884435,-58.3774399505014
83.8,69.9620344365438,65.8384070762831,77.5766822833656,11.7382752070825,71.9737949016546,70.2600178212471,-0.29798338470323,-4.42161074496394,7.31666446211855,1.7137770804075,-58.5217426141646
83.8337588128506,67.6855834253476,65.9038340975904,76.8968592161809,10.9930251185905,71.481472171921,69.766743101557,-2.08115967620942,-3.86290900396662,7.13011611462386,1.71472907036397,-58.7737179829665
83.8757238599066,64.9113102091074,65.9142593921055,76.2702218829526,10.3559624908471,71.116853308683,69.4009408346403,-4.48963062553283,-3.48668144253475,6.86928104831235,1.7159124740428,-59.0449783437932
83.9,63.3435887720576,65.8858667623736,76.4002742001964,10.5144074378228,71.4556903351156,69.7390932800819,-6.3955045080243,-3.85322651770838,6.66118092011443,1.71659705503363,-59.2246858422591
83.9373929205178,61.0050369494191,65.7953632644033,77.1746063771452,11.3792431127418,72.5711910529231,70.8604129721997,-9.85537602278059,-5.06504970779636,6.31419340494544,1.71077808072336,-59.4811698594579
84,57.3431121879923,65.5264292689069,77.8757404204516,12.3493111515447,73.9952603260272,72.2942249715232,-14.9511127835309,-6.76779570261634,5.58151544892837,1.70103535450394,-59.9449138199785
84.0898201164094,52.8489421324536,64.9217541218243,76.1271973431899,11.2054432213655,73.5672856300713,71.8763792591177,-19.0274371266641,-6.95462513729331,4.25081808407221,1.69090637095366,-60.6709360377521
84.1,52.405879074735,64.8396758420581,75.8627002480177,11.0230244059596,73.4662001923031,71.7764418033111,-19.3705627285761,-6.93676596125296,4.0862584447066,1.68975838899199,-60.7534173973515
84.1229722511847,51.4592346519673,64.6459467317901,75.4506432921558,10.8046965603657,73.4402733764287,71.7482498385407,-20.2890151865734,-7.10230310675054,3.70239345361512,1.69202353788801,-60.943553278175
84.1510156495458,50.4134933302513,64.3951049094126,76.8459380650484,12.4508331556358,75.3069104233772,73.6121217027334,-23.1986283724821,-9.21701679332078,3.23381636231498,1.69478872064381,-61.1612885470976
84.1942360681049,49.0413864691929,63.9831252788021,75.2963990796576,11.3132738008555,74.4935213757111,72.79447096201,-23.7530844928171,-8.81134568320784,2.50192811764768,1.6990504137011,-61.4811971611544
84.2,48.8799951840286,63.9262619891941,74.2530184638533,10.3267564746592,73.5496175270859,71.8499987683905,-22.970003584362,-7.92373677919646,2.40301969546277,1.69961875869541,-61.5232422937313
84.2104707135587,48.6004367678627,63.821992890812,75.0748088861594,11.2528159953474,74.5569877111458,72.8559897728205,-24.2555530049578,-9.03399688200853,2.21881911333882,1.7009979383253,-61.6031737774732
84.2254366287031,48.2324780103556,63.6710122009168,76.232810247058,12.5617980461411,75.9846785542599,74.281709338123,-26.0492313277674,-10.6106971372062,1.95110090893495,1.70296921613688,-61.7199112919819
84.2471129669472,47.7645977623548,63.4489828724402,77.8259455008524,14.3769626284122,77.983869946911,76.2780455706182,-28.5134478082634,-12.829062698178,1.54789993023418,1.7058243762928,-61.901082942206
84.2710159062721,47.3457874977835,63.2008473331823,74.9522135854121,11.7513662522298,75.5456237658109,73.8366509463078,-26.4908634485243,-10.6358036131255,1.11556263910434,1.70897281950313,-62.085284694078
84.3,46.9684223031996,62.8975639352501,76.4147466700789,13.5171827348288,77.5226729536178,75.8098824122912,-28.8414601090917,-12.9123184770411,0.604864257787625,1.7127905413266,-62.2926996774625
84.3345997284394,46.7115006051291,62.5357179643694,73.4184461427181,10.8827281783487,75.2112541235025,73.4996402457963,-26.7881396406673,-10.9639222814269,-0.0811941030782322,1.71161387770617,-62.6169120674477
84.3789335051755,46.7101467286659,62.079924604277,76.048152950826,13.968228346549,78.6844025332875,76.9742963536066,-30.2641496249407,-14.8943717493296,-0.926143402780582,1.71010617968095,-63.0060680070576
84.4,46.8331065840125,61.8691268329138,75.8322393248617,13.9631124919478,78.8269617948827,77.1175720421562,-30.2844654581437,-15.2484452092424,-1.28533271729454,1.70938975272652,-63.1544595502084
84.4265271313313,47.0972864308066,61.6110835309333,75.8290254981721,14.2179419672388,79.3239689374797,77.6164902916296,-30.5192038608231,-16.0054067606964,-1.78746479345756,1.70747864585002,-63.3985483243908
84.470639009725,47.8288042869338,61.2055651083345,76.1672050205606,14.9616399122262,80.4807643607693,78.776463688183,-30.9476594012491,-17.5708985798485,-2.60925866762233,1.70430067258634,-63.8148237759568
84.5,48.5122172558485,60.9559437239122,73.7848919163532,12.828948192441,78.625349747162,76.9231643425146,-28.410947086666,-15.9672206186024,-3.13827242616138,1.70218540464748,-64.0942161500736
84.5396828137929,49.6782951499794,60.649761401099,75.3722908205338,14.7225294194348,80.8819268768313,79.1776646499131,-29.4993694999337,-18.5279032488141,-3.80537382937928,1.7042622269182,-64.4551352304783
84.5890686105569,51.5040881552633,60.3272614029188,73.2717907495335,12.9445293466147,79.5691541021465,77.8623072419129,-26.3582190866497,-17.5350458389941,-4.59051649237944,1.70684686023358,-64.9177778952983
84.6,51.9611271804608,60.2656598721852,75.5925279991865,15.3268681270013,82.0562429461764,80.3488239855579,-28.3876968050971,-20.0831641133727,-4.75629598637141,1.7074189606185,-65.0219558585566
84.6311401822658,53.3679147047542,60.1112944650528,74.4790832626891,14.3677887976364,81.4186957745854,79.7087371439305,-26.3408224391763,-19.5974426788777,-5.22965388124139,1.70995863065492,-65.3409483462942
84.6842215880721,56.1153269501864,59.9260929841706,76.1145958463051,16.1885028621345,83.7593829799175,82.0450952398609,-25.9297682896745,-22.1190022556903,-5.93049939355575,1.71428774005663,-65.8565923777264
84.7,57.0054974710318,59.8913127348098,76.0194873424104,16.1281746076006,83.8609117988761,82.1453372339816,-25.1398397629498,-22.2540244991717,-6.12584989157116,1.71557456489451,-66.017162626381
84.7333086489444,58.9909674839206,59.8501114104689,76.5837618906566,16.7336504801877,84.7897099471358,83.0792112091162,-24.0882437251956,-23.2290997986473,-6.49544931845959,1.71049873801958,-66.3455607289285
84.8,63.3630237819373,59.9059237795929,75.1603343263011,15.2544105467082,84.0369660940875,82.3366302946061,-18.9736065126688,-22.4307065150132,-7.17629596830503,1.70033579948138,-67.0822197478979
84.8760360520254,68.8975299988298,60.2086691531469,76.6128139881508,16.404144835004,86.0308839907612,84.3195840630861,-15.4220540642563,-24.1109149099392,-7.70677007493526,1.71129992767507,-67.9154392280821
84.9,70.7456627540565,60.3590207203953,76.3583865746888,15.9993658542936,85.9262167932856,84.2114613495675,-13.465798595511,-23.8524406291723,-7.85307477487872,1.71475544371809,-68.212095495274
84.9301543380379,73.1321591688902,60.5864828251243,76.8014704744952,16.214987649371,86.4874004609771,84.7703289843311,-11.6381698154409,-24.1838461592068,-7.96885850983585,1.71707147664603,-68.5553413349601
84.9738595867475,76.6664570485546,60.9922544673597,76.5949402448549,15.6026857774952,86.3522986677641,84.6318703674661,-7.9654133189115,-23.6396159001064,-8.03693012261127,1.72042830029798,-69.029184589971
85,78.8138359155197,61.2778543970074,77.7981384551091,16.5202840581017,87.577694469913,85.8552584300398,-7.04142251452016,-24.5774040330324,-8.05711997493074,1.72243603987317,-69.3349743719382
85.0372335945985,81.8977895557097,61.739624273243,77.1298536213196,15.3902293480766,86.9020961003103,85.1785577222375,-3.28076816652781,-23.4389334489944,-8.04870410091783,1.72353837807285,-69.7883283741608
85.0937544235979,86.5951922908999,62.5618925619206,79.1790991571799,16.6172065952593,88.7250471305474,86.999835396207,-0.404643105307102,-24.4379428342864,-7.82073623902714,1.72521173434033,-70.3826288009477
85.1,87.1092255241316,62.6615018784122,80.2776935833854,17.6161917049733,89.7951518079512,88.0697551670091,-0.96052964287756,-25.408253288597,-7.79206158362371,1.72539664094205,-70.4535634620359
85.1161875647533,88.4373044815168,62.9275494490988,80.36749510194,17.4399456528412,89.8069469190782,88.0818664548819,0.355438026634872,-25.1543170057831,-7.71437135294195,1.7250804641963,-70.6419208020408
85.1533902822261,91.4621696573725,63.5811709926516,83.8080007303636,20.2268297377121,93.0441672929378,91.3198134750483,0.142356182324193,-27.7386424823967,-7.51181274468468,1.72435381788954,-71.0929837373362
85.2,95.1695135563525,64.479741499821,80.8558906005131,16.3761491006921,89.7424914431626,88.019048009825,7.15046554652747,-23.5393065100041,-7.16315740931196,1.72344343333752,-71.6428989091329
85.2584176908132,99.6248361846252,65.722235991223,82.4373538042338,16.7151178130107,90.7641438127073,89.04917950783,10.5756566767952,-23.326943516607,-6.6118257035963,1.71496430487721,-72.3340616948193
85.3,102.62835661786,66.6782412301695,83.9891130807057,17.3108718505362,91.8414236921137,90.1324949175076,12.495861700352,-23.4542536873381,-6.14338183680191,1.70892877460612,-72.8216230669715
85.3424473597014,105.504800164823,67.70862445942,84.6697536905606,16.9611292311406,91.942989148589,90.2378729430003,15.266927221823,-22.5292484835803,-5.56811925243969,1.70511620558867,-73.2767437118597
85.3919989706824,108.601713378593,68.9716181548031,87.1224626494383,18.1508444946352,93.7770961999653,92.0764306584019,16.5252827201911,-23.1048125035988,-4.95396800896364,1.70066554156338,-73.9255861637667
85.4,109.077106910626,69.180941221368,87.1615263262381,17.9805851048701,93.6982796083865,91.9983327093181,17.0787742013081,-22.8173914879501,-4.83680638307999,1.69994689906832,-74.017747604448
85.4196446517175,110.20916852994,69.7006139758117,88.9605724139316,19.25995843812,95.2084016999877,93.5102293783105,16.6989391516298,-23.8096154024989,-4.5496569643789,1.69817232167716,-74.2502709401906
85.464783202682,112.61905680716,70.9220548037582,89.0750038366568,18.1529490328986,94.6389011960447,92.9448064143089,19.6742503928509,-22.0227516105507,-3.8698025776521,1.6940947817358,-74.7918573814103
85.5,114.297589418128,71.8967258662476,90.3402327214931,18.4435068552456,95.3428150810413,93.6519015688545,20.645687849273,-21.7551757026069,-3.31166884736137,1.69091351218677,-75.2083947136089
85.5490566003356,116.333278569558,73.2768683254534,90.726859116764,17.4499907913106,94.9369626106197,93.2493642058241,23.0839143637337,-19.9724958803707,-2.52250508906006,1.68759840479561,-75.7993734145135
85.6,118.062883136261,74.7258412082586,93.9602010799459,19.2343598716873,97.3257347308217,95.6415789380213,22.4213041982399,-20.9157377297627,-1.68137785807539,1.68415579280041,-76.407219066334
85.6561973876519,119.502391132808,76.3267059972629,94.6548478916642,18.3281418944013,97.1044468299614,95.4154249778389,24.0869661549695,-19.088718980576,-0.760577086174706,1.68902185212244,-77.0872830834377
85.7,120.280049651791,77.5650359765165,97.8368070009273,20.2717710244109,99.5851309589968,97.8923162951611,22.3877333566298,-20.3272803186446,-0.0555092942337296,1.69281466383576,-77.6205452707502
85.777780039738,120.919178033275,79.71610036654,97.8759558288423,18.1598554623023,98.3673364566444,96.6656717069978,24.2535063262772,-16.9495713404578,1.21028412184442,1.70166474964653,-78.5058162446956
85.8,120.924468771254,80.3142049357422,98.4079254871042,18.093720551362,98.5694813432964,96.8652883286131,24.0591804426411,-16.5510833928709,1.5426371584911,1.70419301468334,-78.7715677772511
85.8470268482009,120.6930542906,81.5487805099206,100.032280816151,18.4835003062308,99.4942472651912,97.7817629451433,22.9112913454566,-16.2329824352227,2.25051787100803,1.71248432004786,-79.2982626389125
85.9,120.051723398159,82.8795978080322,102.401265697857,19.5216678898245,101.175324297562,99.4535002791403,20.5982231190189,-16.5739024711081,2.94776541871636,1.7218240184221,-79.9318323893159
85.9711515825777,118.608415220875,84.5487698806932,100.485609710702,15.9368398300088,98.4607995030068,96.7429336989619,21.8654815219126,-12.1941638182687,3.7426760117401,1.71786580404489,-80.8060938689531
86,117.857132544186,85.1822057139032,102.213705115575,17.031499401672,99.8853228639776,98.1690619184118,19.6880706257742,-12.9868562045085,4.04464319716351,1.71626094556581,-81.1375625167397
86.0412338377172,116.625620247872,86.0405746586767,103.451378141799,17.4108034831227,100.740876345486,99.0306881562537,17.5949320916188,-12.9901134975769,4.42068998554572,1.71018818923245,-81.619884673131
86.1,114.60243693259,87.1628212307347,102.803000037211,15.6401788064761,99.7014651587785,97.9999318172135,16.6025051153763,-10.8371105864788,4.80306821999727,1.70153334156495,-82.3597530107374
86.2,110.543380344087,88.7832271210213,103.950901881125,15.1676747601038,100.266365466749,98.5631109518788,11.9802693922086,-9.77988383085749,5.38779092924631,1.70325451487041,-83.395436191775
86.3,105.956714857952,90.0228274682545,105.369268030072,15.3464405618174,101.499069246051,99.7894263810118,6.16728847694039,-9.76659891275736,5.57984164906009,1.70964286503924,-84.4429858191944
86.3828273509854,101.963823656573,90.7612153582485,105.343599619206,14.5823842609573,101.587694577824,99.8697664230989,2.09405723347413,-9.10855106485042,5.47383319610691,1.71792815472487,-85.2873821621416
86.4,101.137474330192,90.8824215232055,105.57191277338,14.6894912501742,101.868184538879,100.148538589609,0.988935740583756,-9.26611706640304,5.4233741837712,1.71964594927056,-85.4590473394343
86.4337384121069,99.5221988292155,91.0897410708665,104.528953113341,13.4392120424747,100.914269629838,99.1972364054758,0.324962423739692,-8.10749533460937,5.33171670786534,1.71703322436237,-85.7580243630011
86.4846398126387,97.1271046407936,91.3275673440079,106.276793906906,14.9492265628985,102.935965394837,101.222874008538,-4.0957693677442,-9.89530666452995,5.05391989836856,1.71309138629927,-86.2736474456393
86.5,96.4248708861352,91.3823374069422,105.19095052203,13.8086131150883,101.948404403655,100.236502520406,-3.81163163427101,-8.85416511346399,4.95444800162429,1.71190188324897,-86.4278894053179
86.5224564056208,95.4181615875421,91.4488631101568,105.4877376636,14.0388745534437,102.386330114675,100.677455588823,-5.25929400128076,-9.22859247866614,4.8102820747776,1.70887452585207,-86.6385810353791
86.552443178443,94.1107538906254,91.5135275425593,104.727444379205,13.2139168366453,101.808615318781,100.103783322265,-5.99302943163988,-8.59025577970596,4.62366105693933,1.70483199651565,-86.88986648562
86.5848525859044,92.7501492940714,91.5537958064341,105.819655716633,14.2658599101989,103.171750705548,101.471287834754,-8.72113854068233,-9.9174920283197,4.34836788187921,1.70046287079428,-87.2054279245548
86.6,92.1373891475762,91.5626038137155,103.820605741185,12.25800192747,101.297974146177,99.5995533045869,-7.46216415701073,-8.03694949087142,4.22105243659854,1.69842084158977,-87.3415513771169
86.6253539827555,91.1451931986051,91.5638286058737,104.779407276112,13.2155786702381,102.451153900071,100.750672997134,-9.60547979852888,-9.18684439126025,4.02873427897788,1.70048090293731,-87.5350943268959
86.657506214955,89.9491245607956,91.5423676466188,105.189624410334,13.6472567637153,103.159503739852,101.456410404327,-11.5072858435311,-9.91404275770792,3.73321400600739,1.70309333552555,-87.8091536406114
86.7,88.4960286392682,91.4779665492634,105.307981782052,13.830015232789,103.703231202711,101.996685162932,-13.5006565236642,-10.5187186136691,3.31129661911999,1.70654603977823,-88.1666699301434
86.7850147620731,86.0895314651305,91.2464536675545,103.22113269733,11.9746790297758,102.584284296235,100.874393227343,-14.784861762213,-9.6279395597889,2.34673946998689,1.70989106889182,-88.8997141975676
86.8,85.741561341711,91.194134070593,103.444990176592,12.2508561059992,102.954883129376,101.244402444564,-15.502841102853,-10.050268373971,2.20058773202825,1.71048068481166,-88.9935463385648
86.8203351827334,85.3022535867265,91.1186974306318,103.26952269304,12.1508252624084,103.0068689166,101.298205331171,-15.9959517444443,-10.179507900539,1.97131736186944,1.70866358542872,-89.1473800687624
86.8561774284574,84.6308616269434,90.9750354377943,100.658147384681,9.68311194688646,100.788822849514,99.0833620345468,-14.4525004076034,-8.10832659675255,1.57478535013391,1.70546081496721,-89.4002500876604
86.9,83.9879513822538,90.7850673704036,100.548952452132,9.76388508172843,101.183694920057,99.4821499768451,-15.4941985945913,-8.69708260644147,1.06680247528696,1.7015449432117,-89.7182648951166
86.9579585481683,83.4450398784917,90.5194393447785,100.030553535553,9.51111419077414,101.315753890084,99.6073824436027,-16.162342565111,-9.08794309882424,0.423171091949897,1.70837144648111,-90.0962682528286
87,83.2746267334923,90.3236770048797,97.9782093843509,7.65453237947121,99.7265540625472,98.0132308683524,-14.7386041348601,-7.68955386347272,-0.0350214840015184,1.71332319419476,-90.3586984888812
87.0592396452334,83.3241668066027,90.0541290788205,98.7035502316746,8.64942115285403,101.032525095738,99.3205438289266,-15.9963770223239,-9.26641475010609,-0.616993597252062,1.71198126681111,-90.6711226760726
87.1,83.5515629566826,89.8787423585988,95.6884116327991,5.8096692742003,98.3898013668606,96.678743424894,-13.1271804682114,-6.80000106629525,-0.990331792094949,1.71105794196652,-90.8690741506937
87.1576187681133,84.1280799148262,89.6532039705367,97.1388493610556,7.48564539051887,100.378344459754,98.6690640467633,-14.5409841319371,-9.01586007622655,-1.53021468570768,1.70928041299103,-91.1834186562444
87.2,84.7451832696691,89.5094505204673,96.1472614632079,6.63781094274064,99.7199666648824,98.0119937055243,-13.2668104358552,-8.50254318505702,-1.86473224231638,1.7079729593581,-91.3741827627836
87.2549474581852,85.7382629159424,89.3574289440597,95.6709739418929,6.31354499783315,99.5981452696384,97.8877441076174,-12.149481191675,-8.53031516355766,-2.21677016572451,1.71040116202099,-91.5741991097843
87.3,86.7038109285828,89.2655563712641,93.7478880406468,4.4823316693827,97.9619477988012,96.2495557038851,-9.54574477530224,-6.98399933262097,-2.50166766323827,1.71239209491611,-91.7672240345023
87.3707823624996,88.4347051949829,89.1878294562455,93.0937687353658,3.90593927912026,97.5757978469205,95.864884778398,-7.43017958341517,-6.67705532215251,-2.77111604303225,1.71091306852247,-91.9589454992778
87.4,89.2129078181877,89.1808753953984,94.0426589016647,4.86178350626636,98.6068056454639,96.8965030914185,-7.68359527323078,-7.71562769602009,-2.85384418975373,1.71030255404547,-92.0347195851521
87.4686266745124,91.1338474201075,89.2245775090022,88.9211622783729,-0.303415230629355,93.6176462068235,91.9129812215363,-0.779133801428827,-2.68840371253408,-2.99181894316344,1.70466498528717,-92.2163964521657
87.5,92.0498146909394,89.2729658846729,91.6762863266263,2.40332044195331,96.3646001863777,94.6625124683247,-2.61269777738532,-5.38954658365178,-2.98622614169847,1.70208771805298,-92.2591920263714
87.5466533173135,93.4173273624604,89.3776730496503,90.4036432437131,1.02597019406284,95.0517944816706,93.3432244393906,0.0741029230697308,-3.96555138974033,-2.93958119567749,1.70857004228,-92.3172542453278
87.6,94.9755646502089,89.5440530138006,91.0928087335774,1.54875571977681,95.6685791538729,93.9525967663724,1.02296788383642,-4.4085437525718,-2.859788032795,1.7159823875005,-92.4038410465956
87.6693287949305,96.9272567443953,89.8306029508736,89.7677459583942,-0.0628569924793965,94.0721153876904,92.3572689658233,4.56998777857206,-2.52666601494967,-2.58952300742907,1.71484642186718,-92.4201259583026
87.7,97.7352453444065,89.9805342009458,89.3455909216194,-0.634943279326478,93.5040913575662,91.7897474892905,5.94549785511599,-1.80921328834471,-2.44415656767119,1.71434386827561,-92.424690768617
87.7379894064598,98.6784422558342,90.183806660538,88.6637782335642,-1.52002842697372,92.5840532769968,90.8698169253363,7.80862533049792,-0.686010264798355,-2.20603869177208,1.71423635166046,-92.38984535231
87.8,100.055027545619,90.5517693085943,89.4847456377031,-1.06702367089117,93.0417088452056,91.3276479942897,8.72737955132912,-0.775878685695375,-1.84290235658655,1.71406085091587,-92.3946716651809
87.8625848290633,101.217242983699,90.9596680817516,88.5932222152465,-2.3664458665051,91.6522284462767,89.9420784661575,11.2751645175418,1.01758961559409,-1.34885625091101,1.71014998011916,-92.3085243326626
87.9,101.763721813422,91.2160038122351,88.6703274043012,-2.5456764079339,91.398755068985,89.6909431299144,12.072778683508,1.52506068232061,-1.02061572561328,1.70781193907054,-92.2366195378483
87.9404850190072,102.219107193791,91.4995955154223,87.3754077294782,-4.12418778594413,89.7083728083293,87.9972788497072,14.2218283440838,3.50231666571506,-0.621871120229073,1.71109395862203,-92.1214666356514
88,102.610096783953,91.9198507249341,87.9115942790115,-4.00825644592257,89.6580070661006,87.9420883763554,14.6680084075973,3.97776234857872,-0.0304940973438477,1.71591868974517,-91.950344822278
88.0842252007316,102.604511149422,92.4989608540931,87.8852230003001,-4.61373785379298,88.8068651635804,87.082939999288,15.5215711501336,5.41602085480504,0.802283001012057,1.72392516429235,-91.696677853081
88.1,102.525003447806,92.6029140070684,86.293275134909,-6.30963887215934,87.0379306459164,85.3125059241551,17.2124975236512,7.29040808291325,0.980769210753905,1.7254247217613,-91.6221447963145
88.1232933224014,102.356634277972,92.7526098537904,86.9460941624338,-5.80651569135662,87.4249969710083,85.6978311847964,16.6588030931757,7.05477866899398,1.24826297763735,1.72716578621193,-91.504346876153
88.1578231070179,101.998794172086,92.9645433851978,87.9506543223869,-5.01388906281088,88.0601989806236,86.3304522581482,15.668341913938,6.63409112704964,1.62020206423877,1.72974672247544,-91.344341320959
88.2,101.396981271408,93.2039037475783,87.7868944903143,-5.41700925726403,87.5043962140285,85.7714969705111,15.6254843008967,7.43240677706726,2.01539751980323,1.73289924351745,-91.1885062277751
88.2689552162097,100.026626975844,93.538547079125,85.2450311747847,-8.29351590434035,84.2525766277631,82.5302791084796,17.4963478673642,11.0082679706454,2.71475206630507,1.72229751928349,-90.82379501282
88.3,99.2515132749071,93.6620034472963,87.9084155109584,-5.75358793633791,86.6553829613884,84.9378585144661,14.313654760441,8.72414493283016,2.97055699649225,1.71752444692231,-90.691446450804
88.352045689734,97.7536114702824,93.8255558142412,84.1935743920091,-9.63198142223213,82.4616020119092,80.7445793172234,17.0090321530589,13.0809764970178,3.44899507478569,1.71702269468577,-90.3765607394556
88.4,96.1390870343902,93.9229413962472,85.36180561536,-8.56113578088717,83.2005387193086,81.4839783334624,14.6551087009277,12.4389630627847,3.87782728189757,1.71656038584615,-90.0451141143496
88.4614397124462,93.7746762353086,93.9644988595021,83.5769207797856,-10.3875780797165,81.0257343198653,79.3102159342664,14.4644603010423,14.6542829252357,4.26670484551924,1.71551838559893,-89.6977940139829
88.5,92.1558404975657,93.9395982215587,83.1410324631778,-10.7985657583809,80.3531694804192,78.6383050664547,13.5175354311111,15.301293155104,4.5027273967231,1.71486441396455,-89.4368708248356
88.5471831418276,90.0457990245289,93.8529690697914,82.847140340194,-11.0058287295974,79.8504348635594,78.1409537905876,11.9048452339413,15.7120152792038,4.70618654960641,1.70948107297184,-89.146782520185
88.6,87.5558303152848,93.6805147122208,82.3549169870375,-11.3255977251832,79.1903555388501,77.4869005834002,10.0689297318846,16.1936141288206,4.86801640363734,1.70345495544994,-88.8124983085834
88.6726344107669,83.9356627741452,93.3103874851028,81.5477400311746,-11.7626474539281,78.1911822516667,76.4849567227007,7.45070605144454,16.8254307624021,5.06278330847393,1.70622552896596,-88.2476041766288
88.7,82.5260390002358,93.1305267036181,79.4552373139712,-13.6752893896469,76.0562910083544,74.3490216438843,8.17701735635146,18.7815050597338,5.10621567008691,1.70726936447008,-88.0243110335312
88.7401517965776,80.4158900941983,92.8265278529579,78.8212056532235,-14.0053221997344,75.3556058810271,73.6474123778401,6.76847771635818,19.1791154751178,5.17379327538335,1.70819350318703,-87.6527345775745
88.7880757324548,77.8562613369377,92.4014030138558,77.9690093097506,-14.4323937041052,74.5598910782183,72.8505945517947,5.00566678514298,19.5508084620611,5.11841475795589,1.70929652642356,-87.2829882558999
88.8,77.2198194290366,92.2852472271939,79.4937868066462,-12.7914604205478,76.1029016302977,74.3933306534572,2.82648877557941,17.8919165737367,5.10045615318896,1.70957097684045,-87.184791074005
88.8209526792074,76.1028377491925,92.0713226220725,78.9850950983181,-13.0862275237543,75.6331974467191,73.9224073488551,2.18043040033744,18.1489152732174,5.06268774946308,1.71079009786403,-87.0086348726094
88.852007089618,74.4472312170542,91.7315741914452,77.4046288963053,-14.3269452951399,74.0833883335318,72.3707913505324,2.07643986652181,19.3607828409128,5.0338375457729,1.71259698299941,-86.6977366456723
88.8890802133476,72.4738969435486,91.2911713365747,76.24108315264,-15.0500881839347,73.0251652349464,71.3104111710266,1.16348577252195,19.9807601655481,4.93067198161341,1.71475406391977,-86.3604993549613
88.9,71.8974011129594,91.154395777106,78.1326076062726,-13.0217881708333,74.9545410389608,73.2391516127874,-1.34175049982798,17.9152441643185,4.8934559934852,1.7153894261734,-86.2609397836208
88.9228762848549,70.6961008596249,90.8577207540154,75.6918444917696,-15.1658762622459,72.5938442824042,70.8746495250736,-0.17854866544873,19.9830712289418,4.81719496669594,1.71919475733053,-86.0405257873195
88.9615215350903,68.6958032461794,90.3262783117773,74.7263982013485,-15.5998801104287,71.7600124671006,70.0343893069185,-1.33858606073908,20.2918890048588,4.69200889443009,1.7256231601821,-85.6342694173472
89,66.7416829954775,89.7609223763975,74.5241544185504,-15.2367679578472,71.7357660934517,70.0037422741448,-3.26205927866727,19.7571801022527,4.52041214440555,1.73202381930693,-85.240510231992
89.0533108688907,64.1328740975332,88.9218844236154,73.1709775016753,-15.7509069219401,70.7234348018804,68.995015342714,-4.86214124518078,19.9268690809013,4.17596215896125,1.72841945916642,-84.7459222646541
89.1,61.9697759026105,88.1388029269468,72.1032048148997,-16.035598112047,69.9633306991865,68.2380679029421,-6.26829200033158,19.9007350240047,3.86513691195762,1.72526279624444,-84.2736660149891
89.1574434216384,59.4549852440339,87.12079778993,69.1998697485999,-17.9209280413301,67.4116467029797,65.6924501365958,-6.2374648925619,21.4283476533342,3.50741961200411,1.71919656638396,-83.6133781779259
89.2,57.7098190698057,86.3325013582356,69.5513940355521,-16.7811073226835,68.0262916018348,66.3115891616546,-8.60177009184881,20.020912196581,3.23980487389753,1.71470244018023,-83.092696484338
89.2466835846931,55.9239774191598,85.4391479983535,67.8909792951794,-17.5481687031741,66.7825834308333,65.0682068344784,-9.14422941531856,20.3709411638751,2.82277246070105,1.71437659635488,-82.6163755376525
89.3,54.0951287370705,84.3894231381448,68.0275715609327,-16.3618515772121,67.3708058178307,65.6568013613797,-11.5616726243092,18.7326217767652,2.37077019955305,1.71400445645105,-82.0186529385918
89.3589917417372,52.3343605674168,83.2014728549574,66.3662667609677,-16.8352060939897,66.248588683768,64.5377252782153,-12.2033647107985,18.6637475767421,1.82854148275241,1.71086340555273,-81.372931372205
89.4,51.2857617847491,82.3654446029929,67.156727778242,-15.2087168247508,67.4222540532669,65.7135741571795,-14.4278123724303,16.6518704458134,1.44315362106259,1.70867989608746,-80.9222909819303
89.4578740417762,50.0599416778866,81.1802513491945,64.955109125647,-16.2251422235475,65.7883122380471,64.0768589737161,-14.0169172958295,17.1033923754784,0.878250151930871,1.71145326433098,-80.3020011972636
89.5,49.3629366623741,80.3196050517352,62.0820209109122,-18.237584140823,63.343640720647,61.6301687482532,-12.267232085879,18.6894363034821,0.451852162659058,1.71347197239388,-79.8677528890762
89.5447336039962,48.8020923133226,79.4132203261669,61.4878834034006,-17.9253369227663,63.1088628814012,61.3900995503881,-12.5880072370655,18.0231207757787,0.0977838530124231,1.71876333101306,-79.3154364731544
89.6,48.338481008591,78.3109886378352,61.260973641592,-17.0500149962432,63.377426289483,61.6521257181244,-13.3136447095334,16.6588629197107,-0.39115207653245,1.7253005713586,-78.7021407143676
89.6763219769093,48.1139782820341,76.8357103274067,59.6470653227126,-17.1886450046941,62.3358999472201,60.5988947910965,-12.4849165090624,16.2368155363102,-0.951829468383941,1.73700515612361,-77.7875397957906
89.7,48.1353023638353,76.3918404351057,59.1026807033206,-17.2891597317851,61.9749132854133,60.2342769153255,-12.0989745514902,16.1575635197802,-1.13159621200492,1.74063637008786,-77.5234366471106
89.7551325865661,48.3499636969077,75.38841769654,59.2860824008125,-16.1023352957275,62.547728687195,60.8110991953375,-12.4611354984298,14.5773185012025,-1.52501679452506,1.7366294918575,-76.9134344910651
89.8,48.6857128760338,74.6064917736624,57.8795136137714,-16.7269781598909,61.417135075617,59.6837664186548,-10.998053542621,14.9227253550076,-1.8042528048834,1.73336865696223,-76.4107445785457
89.8536584379641,49.2587390556662,73.7168073401971,55.7582782606438,-17.9585290795534,59.6101474648276,57.8695127835566,-8.61077372789039,15.8472945566406,-2.1112345229128,1.74063468127106,-75.8280418631099
89.9,49.8862049180087,72.9915566354561,56.1049616787712,-16.8865949566849,60.1314761435716,58.3845662346004,-8.49836131659168,14.6069904008557,-2.27960455582914,1.74690990897128,-75.2711611912852
89.9483555408464,50.6349638670692,72.27954521511,55.4018578131336,-16.8776874019765,59.6160196584866,57.8578148830518,-7.22285101598255,14.4217303320582,-2.45595706991823,1.75820477543476,-74.7355022850283
90,51.5449752842055,71.5714613807132,56.5136466189576,-15.0578147617557,60.8747990659534,59.1045311999295,-7.55955591572396,12.4669301807838,-2.59088458097192,1.77026786602396,-74.1623459616852
90.0626224608231,52.7649142287084,70.7876300298674,54.9601953718655,-15.8274346580019,59.390588060129,57.6189658953948,-4.85405166668644,13.1686641344726,-2.65877052352933,1.77162216473418,-73.4464005533968
90.1,53.5280495226767,70.3590531302622,53.5814841125658,-16.7775690176965,58.0784724303712,56.3060419238307,-2.77799240115396,14.0530112064315,-2.72455781126494,1.7724305065405,-73.0836109415272
90.1448281719973,54.479136019386,69.883720088737,53.5131309627197,-16.3705891260173,58.0042033527808,56.2366459947216,-1.75750997533562,13.6470740940154,-2.7235150320019,1.76755735805924,-72.6072351207389
90.2,55.6561894362099,69.355642365118,54.6350855611867,-14.7205568039313,59.0889449279965,57.3273851490903,-1.67119571288043,12.0282572160277,-2.69229958790359,1.7615597789062,-72.0479419530216
90.2851319840451,57.4630489040749,68.6594167835635,51.7435122170647,-16.9159045664989,56.0203101329732,54.2702714324384,3.1927774716365,14.3891453511252,-2.52675921537372,1.7500387005348,-71.1861759989372
90.3,57.7668618526332,68.5519112228945,51.3738555321578,-17.1780556907367,55.6008816954279,53.8528551126531,3.91400673998015,14.6990561102414,-2.47899958049532,1.74802658277478,-71.0309108033898
90.3222874448397,58.2114310033684,68.3981790255608,51.2798200118225,-17.1183590137383,55.410930481226,53.6625915757151,4.54883942765323,14.7355874498457,-2.38277156389266,1.74833890551092,-70.7809505894535
90.3530755947479,58.8007006305409,68.1998726580608,52.3475183452628,-15.852354312798,56.3698698033898,54.621099451417,4.17960117912388,13.5787732066437,-2.27358110615425,1.74877035197279,-70.473453764215
90.4,59.641355082993,67.9271911969366,53.7273888076948,-14.1998023892418,57.5128551771122,55.7634272549807,3.87792782801235,12.163763941956,-2.03603844728583,1.7494279221315,-69.9632296442225
90.4497631030821,60.4310670012462,67.6733524176167,53.5179718241364,-14.1553805934803,57.0688972176902,55.3155746085255,5.11549239272063,12.3577778090912,-1.79760278438914,1.75332260916466,-69.4709552020059
90.5,61.1297081601108,67.4496048260745,52.1283225706149,-15.3212822554596,55.4261787463628,53.6689243689021,7.46078379120865,13.7806804571724,-1.54060179828723,1.75725437746073,-68.9902066243618
90.5631707674505,61.8468270206846,67.207675437233,53.1524922754642,-14.0551831617688,56.0860871679309,54.3334703344002,7.5133566862844,12.8742051028328,-1.18097805893596,1.75261683353074,-68.388653496169
90.6,62.1694638318351,67.0833578065894,53.0154547866739,-14.0679030199155,55.7269007348867,53.9769876390301,8.192476192805,13.1063701675593,-0.961532852356186,1.74991309585667,-68.0448906589456
90.6427933888038,62.4498734108025,66.9510686703187,54.0142938718841,-12.9367747984347,56.4802199268222,54.7293001532811,7.72057325752136,12.2217685170376,-0.715006281397066,1.75091977354106,-67.6660749517158
90.7,62.6817259093199,66.7895949859692,56.6293745299145,-10.1602204560547,58.7950357590291,57.0427702491371,5.63895566018275,9.7468247368321,-0.413395719222635,1.75226550989194,-67.2029907051919
90.7761351414099,62.7445012688466,66.5916926243654,55.5442303831974,-11.047462241168,57.2951883497275,55.5293951781405,7.21510609070612,11.062297446225,0.0148352050569684,1.76579317158703,-66.5768574193084
90.8,62.7030093141406,66.5314740720346,54.6485193540801,-11.8829547179545,56.263325680481,54.4932922102955,8.2097171038451,12.038181861739,0.155227143784515,1.77003347018542,-66.3762469282501
90.8398990133864,62.5675395997812,66.4307026937593,55.503020662642,-10.9276820311174,56.8962247316401,55.1315068243891,7.43603277539209,11.2991958693702,0.371513838252838,1.76471790725097,-66.0591888555065
90.9,62.2090164584434,66.2744963687124,55.6279537385771,-10.6465426301354,56.7273939132969,54.9706829854084,7.23833347303506,11.3038133833041,0.657270753168703,1.75671092788852,-65.6172256155437
90.9711397315713,61.5780020414081,66.0747739197171,56.5958793773552,-9.47889454236184,57.4306904995465,55.6743661621905,5.90363587921762,10.4004077575266,0.921513215164723,1.75632433735601,-65.1532607045523
91,61.2698906749903,65.9873534410171,56.0751476924002,-9.91220574861691,56.7638195908296,55.0076520871627,6.26223858782765,10.9797013538544,1.06749560523748,1.75616750366696,-64.9198578357796
91.0350642100686,60.8453404300842,65.8749941665804,54.9697807205612,-10.9052134460191,55.5336179606441,53.7744347185242,7.07090571156004,12.1005594480562,1.19534600203706,1.75918324211993,-64.6796481645433
91.0821529969527,60.2186045901486,65.712070120943,58.1300232664084,-7.58204685453462,58.6011508517796,56.8379176833949,3.38068690675364,8.87415243754809,1.29210558301347,1.76323316838471,-64.4199645379296
91.1,59.9686901254922,65.6464863653445,56.034845625642,-9.61164073970249,56.4770865449432,54.7123184241596,5.25637170133252,10.9341679411848,1.32252720148234,1.7647681207836,-64.3239591638621
91.1342868319593,59.4688771798445,65.5142935627713,57.0218464332117,-8.49244712955956,57.3944688403827,55.6332307746758,3.83564640516873,9.88106278809548,1.38861565853592,1.76123806570693,-64.1256779042354
91.1893670787201,58.6162480618652,65.2840272420795,56.8492480244697,-8.43477921760984,57.1564365305868,55.4008693389033,3.21537872296192,9.8831579031762,1.44837868556636,1.75556719168353,-63.8356485565131
91.2,58.4478146948125,65.2369567674192,57.7433782731621,-7.4935784942571,58.0400154099342,56.285542947498,2.16227174731444,8.95141381992115,1.45783532566405,1.7544724624362,-63.7791214417551
91.2176182247533,58.1653548175187,65.1570856223809,57.9902314949835,-7.16685412739733,58.2825289033703,56.5287094210325,1.63664539648621,8.6283762013484,1.46152207395107,1.75381948233785,-63.6955635484298
91.2416499937424,57.7787290672127,65.044369344438,57.6980773855921,-7.34629195884591,57.9868999295704,56.2339711310045,1.54475793620816,8.8103982134335,1.46410625458759,1.75292879856592,-63.5802630898504
91.2892686065035,57.0044828458594,64.808283666839,56.9639038737715,-7.84437979306747,57.2527084491724,55.5015445279923,1.50293831786718,9.30673913884675,1.46235934577928,1.75116392118017,-63.3459243210597
91.3,56.8290610779577,64.7527610137359,57.124859076962,-7.62790193677394,57.4159587775536,55.6651925914732,1.16386848648445,9.08756842226268,1.45966648548875,1.75076618608036,-63.2930945282472
91.3275503133103,56.3795629110951,64.6063743163898,58.2522316906938,-6.354142625696,58.5620266507296,56.8125890173639,-0.433026106268812,7.79378529902592,1.43964267332992,1.74943763336577,-63.1667316430599
91.3695366881764,55.6996513563268,64.3729032585316,59.6044481755821,-4.76845508294949,59.961775206601,58.2143622729792,-2.51471091665232,6.15854098555241,1.39008590260292,1.74741293362185,-62.9828173559286
91.4,55.2214574560272,64.1960032392439,60.00412931871,-4.19187392053396,60.4441496676235,58.6982057596044,-3.47674830357728,5.49779747963947,1.30592355910551,1.74594390801902,-62.8900796801384
91.4388223732523,54.6433734222569,63.962288098736,58.7525579270769,-5.20973017165909,59.2941990767396,57.5464904516857,-2.90311702942875,6.41579764705029,1.2060674753912,1.74770862505397,-62.7562206233448
91.4918882590508,53.9133590714559,63.6297281257901,59.5826205876926,-4.04710753809756,60.2916050469697,58.5414842491195,-4.62812517766363,5.08824387667062,1.04113633857305,1.75012079785017,-62.5885917872171
91.5,53.8089562953391,63.5777313233381,60.8461170852183,-2.73161423811985,61.5792630000118,59.828773473353,-6.01981717801399,3.74895784998511,1.01734361186526,1.75048952665877,-62.5603877114729
91.518908824469,53.5734756737576,63.4554831647981,59.063323532677,-4.39215963212114,59.8672299930843,58.1161132753786,-4.542637601621,5.33936988941949,0.947210257298352,1.75111671770571,-62.5082729074998
91.5452060637317,53.2658353312047,63.2832999144386,59.1808976463929,-4.10240226804574,60.072117210742,58.3201282339991,-5.05429290279443,4.96317168043949,0.860769412393751,1.75198897674284,-62.4225305020449
91.5772261436386,52.9212863070662,63.0708026602941,61.3217052477815,-1.7490974125126,62.3407064476057,60.5876553896387,-7.66636908257249,2.4831472706554,0.734049858142804,1.75305105796703,-62.3367528021513
91.6,52.699083839227,62.918180611102,59.0338502554404,-3.8843303556616,60.1316218815278,58.3778154324027,-5.67873159317567,4.54036517869934,0.656034823037736,1.75380644912514,-62.2621457880643
91.628429928647,52.4452858720004,62.7264011301648,59.7486247259817,-2.97777640418312,60.9675850477519,59.2085344056274,-6.76324853362699,3.51786672453745,0.540090320354324,1.75905064212453,-62.1863108098105
91.6707585297268,52.1277108499124,62.4394757545769,60.4365909607021,-2.0028847938748,61.8491169848722,60.0822583965438,-7.9545475466314,2.35721735803318,0.354332564158376,1.76685858832843,-62.0851431904186
91.7,51.9556971956181,62.2412785753775,57.5502100296881,-4.69106854568938,59.104767775948,57.3325152974131,-5.37681810179501,4.90876327796442,0.217694732275035,1.77225247853487,-62.0235838431025
91.7434150476159,51.779957468674,61.9488923467294,61.0908012487172,-0.858091098012238,62.9005763399951,61.128480393351,-9.34852292467705,0.820411953378382,-0.0376791446338558,1.77209594664404,-61.9865714913633
91.8,51.7073748739933,61.5754261294628,60.536048687806,-1.0393774416568,62.6577947353471,60.885902804363,-9.17852793036974,0.689523325099827,-0.349854116556969,1.77189193098413,-61.9252802460198
91.8634462600843,51.8478574931125,61.1740838771463,61.3084972667227,0.134413389576416,63.7881090468232,62.0194337519249,-10.1715762588124,-0.845349874778606,-0.71093648520219,1.76867529489832,-61.8850203623485
91.9,52.0264465181008,60.9544512370563,59.8296127704696,-1.12483846658667,62.5067440311869,60.739921959453,-8.71347544135222,0.21452927760329,-0.910309188983383,1.76682207173389,-61.8647604260397
91.9615145024357,52.4891723296536,60.6088995310076,61.7598780658119,1.15097853480435,64.7598304001458,62.9953971287252,-10.5062247990716,-2.38649759771766,-1.23551906291331,1.76443327142051,-61.8444185939209
92,52.8839696996448,60.4106796346309,61.0751451994147,0.664465564783868,64.2564141672876,62.493475407974,-9.60950570832926,-2.08279577334313,-1.41833020855926,1.76293875931358,-61.8290098431901
92.0475283075751,53.4807109735066,60.1878601440909,60.9815797871123,0.793719643021426,64.411669940406,62.638963885019,-9.15825291151246,-2.45110374092814,-1.65738409790671,1.77270605538695,-61.8452442419976
92.1,54.2805959801084,59.973512070518,60.2924292049887,0.318917134470702,63.9637995591546,62.1803103183034,-7.89971433819501,-2.20679824778548,-1.88788111331478,1.78348924085117,-61.8613931838327
92.1671516334132,55.4798262296635,59.7529073732853,63.6118983521125,3.85899097882715,67.5181194733257,65.7192902183372,-10.2394639886737,-5.96638284505185,-2.1073918662247,1.79882925498848,-61.86029923951
92.2,56.1307336455082,59.6684508929259,61.0842256698977,1.41577477697178,65.1097794956269,63.3034464111377,-7.17271276562948,-3.63499551821181,-2.21922074124003,1.80633308448923,-61.8876716341659
92.2414906720624,57.015569314527,59.5849741943676,62.3133217439244,2.72834754955681,66.5117033599918,64.705485552228,-7.68991623770103,-5.12051135786036,-2.39216380830355,1.80621780776383,-61.9771380026712
92.2904543884287,58.1629789353386,59.5215033430942,61.2697211414259,1.74821779833169,65.6777257441243,63.8716439760197,-5.70866504068104,-4.35014063292542,-2.60192283459374,1.80608176810465,-62.123426177688
92.3,58.4008959564508,59.5137416641275,61.4108481224648,1.89710645833729,65.8526896103017,64.0466343635039,-5.64573840705312,-4.53289269937639,-2.6357862410391,1.80605524679783,-62.1495279051666
92.3151435706378,58.7857708713812,59.5046122190288,63.7604648532555,4.25585263422664,68.2515468292794,66.4455913993154,-7.65982052793422,-6.94097918028663,-2.68512654605998,1.80595542996393,-62.1897387650888
92.3473644540096,59.6354427471777,59.498410339695,64.3213732194426,4.82296287974761,68.9057984738383,67.1000554235462,-7.46461267636855,-7.60164508385125,-2.77868220410363,1.80574305029204,-62.2770925437986
92.4,61.086494744241,59.5276851042693,64.3391209809091,4.81143587663978,69.0375150191926,67.2321189091088,-6.14562416486778,-7.70443380483953,-2.89299792819975,1.80539611008376,-62.420683032469
92.4746283372217,63.2676762754694,59.6545425661693,64.505982677316,4.85144011114669,69.3294603346596,67.5227342711381,-4.25505799566874,-7.86819170496874,-3.01675159382205,1.80672606352148,-62.6712941599914
92.5,64.0420674342639,59.720762615309,63.6542759452516,3.9335133299426,68.5188047641956,66.7116265516461,-2.66955911738224,-6.99086393633716,-3.05735060639456,1.80717821254943,-62.7781132217035
92.5322079496447,65.0426144412481,59.8218752215434,65.5629059068483,5.74103068530482,70.4388464398565,68.6337157008993,-3.59110125965127,-8.8118404793559,-3.07080979405107,1.80513073895716,-62.8926850155945
92.5866593533904,66.7555367234707,60.0358807245568,67.1583502346102,7.12246951005338,72.0121238985299,70.2104546593721,-3.45491793590145,-10.1745739348153,-3.05210442476192,1.80166923915783,-63.0879851493187
92.6,67.176183816896,60.0964435336176,65.3739186083866,5.27747507476907,70.2178998556014,68.4170786872441,-1.24089487034803,-8.32063515362649,-3.04316007885743,1.80082116835736,-63.139603612475
92.6252453031068,67.9720326198618,60.2196393939793,64.648538884555,4.4288994905757,69.4633956217663,67.6646403459004,0.307392273961455,-7.44500095192105,-3.01610146134534,1.79875527586591,-63.2357408553247
92.6742210721805,69.5026137767416,60.4899047330053,66.3363302452355,5.84642551223021,71.0676803122044,69.2729328580376,0.229680918703934,-8.78302812503232,-2.93660261280212,1.79474745416681,-63.4265073458074
92.7,70.2999456755325,60.648219594823,66.7417815601339,6.09356196531085,71.404263024988,69.6116251312885,0.688320544243979,-8.96340553646548,-2.86984357115463,1.79263789369948,-63.5180631659777
92.7400767398576,71.5150334728834,60.9153249645723,68.3094153027095,7.39409033813725,72.8709954219711,71.0813434610571,0.4336900118263,-10.1660184964848,-2.77192815834756,1.78965196091406,-63.6872531229198
92.8,73.2658900500882,61.3594490350965,68.9091407691877,7.54969173409114,73.2722631606111,71.4870758050443,1.7788142450439,-10.1276267699478,-2.57793503585667,1.78518735556679,-63.9373840709532
92.9,75.9987361611816,62.2067209190626,70.0383271324382,7.83160621337562,74.1125633178908,72.3340299409455,3.66470622023608,-10.1273090218829,-2.2957028085073,1.77853337694533,-64.5024237275699
93,78.4721278256564,63.1664072117394,72.4345765922833,9.26816938054391,76.0982839104273,74.3258376328154,4.14629019284108,-11.1594304210759,-1.89126104053203,1.77244627761191,-65.0576682522714
93.1,80.5535935671142,64.210287597148,72.6814454193939,8.47115782224596,75.8740054533537,74.1164166847443,6.43717688236995,-9.90612908759627,-1.43497126535031,1.75758876860944,-65.6452588624983
93.2,82.1567018900877,65.3057298075712,73.0642644597746,7.75853465220341,75.6163598023234,73.8531891343553,8.3035127557324,-8.54745932678418,-0.78892467458077,1.76317066796803,-66.0946544821519
93.3,83.1861748297426,66.4146958742206,77.1338070370899,10.7191111628693,79.1004427235102,77.3419913898732,5.84418343986941,-10.9272955156526,-0.208184352783292,1.75845133363701,-66.6228802270039
93.4,83.7065515613955,67.5015981910856,76.9064229675521,9.40482477646653,78.4483102093409,76.6980692095071,7.00848235188846,-9.19647101842151,0.208353758045021,1.75024099983384,-67.2932444330406
93.5,83.7841159398101,68.5381991584777,76.9991903738749,8.4609912153972,78.122414672029,76.3451849776989,7.43893096211114,-7.80698581922121,0.65400539617599,1.77722969433002,-67.8841937623017
93.6,83.4829551580033,69.5012324564322,79.5864778501997,10.0852453937675,80.3659991994654,78.5930899672261,4.88986519077713,-9.09185751079396,0.993387882973551,1.77290923223924,-68.5078445734586
93.7,82.8729502591409,70.373113531537,80.9366854903226,10.5635719587856,81.5186427400555,79.7358956612623,3.1370545978786,-9.36278212972535,1.2007898290603,1.78274707879314,-69.1723237024767
93.8,82.0559747505942,71.1436592073663,81.3001040913535,10.1564448839872,81.7751084888781,79.9879560279502,2.06801872264396,-8.84429682058391,1.3121480634033,1.78715246092789,-69.831511143963
93.9,81.1114685437962,71.8090367108756,82.2040994313255,10.3950627204499,82.5642558953451,80.7898079702657,0.321660573530437,-8.98077125939012,1.41429146105973,1.77444792507937,-70.3947452498159
94,80.0683472671664,72.3678058614982,81.6341550282763,9.26634916677808,82.0584388551196,80.2786421649818,-0.210294897815402,-7.91083630348355,1.35551286329454,1.7797966901378,-71.0122929982037
94.1,79.0793406280511,72.826025069392,80.8529509273076,8.02692585791559,81.3898656002555,79.5920786962157,-0.51273806816458,-6.76605362682371,1.26087223109188,1.7977869040398,-71.5651528383001
94.2,78.2156552424932,73.1951648207936,79.9249078969342,6.72974307614052,80.7325509980338,78.9228550047462,-0.707199762252998,-5.72769018395259,1.00205289218793,1.80969599328756,-72.1931119286057
94.3,77.5813622105113,73.4927748024089,82.071474151143,8.57869934873403,83.2166822615302,81.4043163885425,-3.82295417803118,-7.91154158613358,0.667157762600453,1.81236587298771,-72.8256170398085
94.4,77.2601218962429,73.7411194594585,79.471415792296,5.73029633283748,80.9691295664642,79.1348322438095,-1.87471034756661,-5.39371278435102,0.336583548486459,1.83429732265469,-73.404535910972
94.5,77.2056377349702,73.9622425118164,82.8694105074046,8.90716799558821,84.6205964838546,82.7906316758154,-5.58499394084519,-8.82838916399903,0.078778831589176,1.82996480803918,-73.8834636802272
94.6,77.4076501736831,74.1741199528603,82.4220860109445,8.24796605808427,84.4058641713582,82.5763585427651,-5.16870836908204,-8.4022385899049,-0.154272531820624,1.8295056285931,-74.3283924846809
94.7,77.7678508171787,74.3911826511712,80.7990560580119,6.40787340684074,82.8833638583891,81.0353936745687,-3.26754285739004,-6.64421102339752,-0.236337616556781,1.84797018382044,-74.627520267728
94.8,78.2340386957522,74.6202698475515,79.4681756711305,4.84790582357907,81.7440626741602,79.8784811937476,-1.64444249799534,-5.25821134619612,-0.410305522617051,1.86558148041264,-75.0305753701685
94.9,78.812518221212,74.8690335613471,78.3659371129081,3.49690355156106,80.6325907611238,78.7725936003402,0.0399246208718296,-3.90356003899315,-0.406656487432087,1.85999716078364,-75.2756900487791
95,79.418031352429,75.1392041844735,77.7399752892696,2.60077110479612,80.0700889834208,78.2171316511079,1.20089970132103,-3.07792746663441,-0.477156361838283,1.85295733231291,-75.6163605463118
95.1,80.0429465314585,75.4319051875664,78.6719386736702,3.24003348610387,80.9616676863553,79.0953806943182,0.947565837140374,-3.66347550675181,-0.42344202064794,1.86628699203713,-75.8553472082143
95.2,80.5955502401746,75.744101264587,78.1693122138889,2.42521094930194,80.2971490287426,78.4337855019273,2.1617647382473,-2.68968423734037,-0.264473288038431,1.86336352681525,-76.0085745526254
95.3,80.9573123836362,76.0659784434269,79.2020389336489,3.13606049022206,81.0704132054039,79.2084155681191,1.74889681551709,-3.14243712469224,-0.00637663447017189,1.8619976372848,-76.072355077897
95.4,81.0706997914124,76.3822091372063,77.5607233297264,1.17851419252004,79.2351726033436,77.3705841990055,3.70011559240693,-0.988375061799147,0.190139130720894,1.86458840433814,-76.1920700064854
95.5,80.9429322944352,76.678168622645,76.5419016739387,-0.13626694870635,77.9263003721668,76.0696312234516,4.87330107098359,0.608537399193409,0.472270450487059,1.85666914871511,-76.205898172158
95.6,80.4856435043996,76.9371913707134,75.9415980605869,-0.995593310126523,76.9281595046088,75.0794627551061,5.40618074929348,1.8577286156073,0.862135305480777,1.84869674950262,-76.0750560652327
95.7,79.6556592483529,77.1379547442716,75.0594388891855,-2.07851585508611,75.7930653548338,73.9313179065554,5.72434134179754,3.2066368377162,1.12812098263009,1.86174744827838,-76.0098337616415
95.8,78.5538683648848,77.264395473398,74.9614267424681,-2.30296873092992,75.4222007443294,73.5699352556117,4.98393310927317,3.69446021778636,1.39149148685644,1.85226548871773,-75.8729039865416
95.9,77.181650205075,77.3036333313151,74.7466740386103,-2.55695929270482,75.006433388804,73.1569035262192,4.02474667885583,4.14672980509592,1.5897705123911,1.84952986258483,-75.713862818924
96,75.5542071017289,77.2448324547904,75.5988406337018,-1.64599182108861,75.6568502785223,73.8019847628524,1.75222233887655,3.44284769193798,1.79685587084937,1.85486551566993,-75.447976583941
96.1,73.7552753198547,77.0801009555123,73.0561379179758,-4.02396303753649,73.0158724309902,71.1614307813386,2.59384453851617,5.91867017417367,1.89470713663718,1.85444164965159,-75.1853938188751
96.2,71.8111078164162,76.8064526459303,68.6299109858351,-8.17654166009515,68.5194955438965,66.667504611492,5.14360320492415,10.1389480344383,1.9624063743431,1.85199093240445,-74.8440462715872
96.3,69.7533131972911,76.4225044851366,70.5684537749297,-5.85405071020683,70.4308454912243,68.569372713981,1.1839404833101,7.85313177115559,1.99908106094875,1.86147277724329,-74.4234234241878
96.4,67.6410294295368,75.9300207480344,69.1262294941954,-6.80379125383897,69.0014164491877,67.1606557665087,0.480373663028118,8.76936498152565,1.96557372768669,1.84076068267899,-73.9644470203477
96.5,65.5320378440027,75.3342260701285,64.8398135032662,-10.4944125668623,64.7784487182174,62.946493942822,2.58554390118076,12.3877321273065,1.8933195604442,1.83195477539544,-73.4409065096843
96.6,63.4552758747836,74.6426414165299,65.3003515973551,-9.34228981917481,65.383527904775,63.5487509453285,-0.0934750705449687,11.0938904712014,1.75160065202655,1.83477695944642,-72.8910407645033
96.7,61.5002482172183,73.866493255576,63.6975445663855,-10.1689486891905,63.9929087167066,62.1488091863362,-0.648560969117881,11.7176840692398,1.54873538004929,1.84409953037036,-72.3177578755267
96.8,59.7272829500005,73.0206211775739,62.6413289655214,-10.3792922120525,63.2446764661303,61.4082012966788,-1.68091834667835,11.612419880895,1.23312766884252,1.83647516945141,-71.7874935087314
96.9,58.1882781914101,72.1240987345859,61.8599039458356,-10.2641947887503,62.6029388216251,60.7557032979519,-2.56742510654185,11.368395436634,1.10420064788362,1.84723552367321,-71.0198980867023
97,56.7615708775126,71.1902668647922,56.7240312779653,-14.4662355868269,57.5972875928117,55.7543837932338,1.0071870842788,15.4358830715584,0.969647484731475,1.84290379957786,-70.2206193800607
97.1,55.4545923131268,70.2283647659711,58.0838277590069,-12.1445370069641,59.1606795586015,57.3074152035995,-1.85282289047268,12.9209495623716,0.776412555407489,1.85326435500208,-69.4519522105636
97.2,54.3078489355118,69.2504267360379,57.0282769551053,-12.2221497809326,58.1811843873215,56.3455065912634,-2.03765765575157,12.9049201447745,0.682770363841904,1.8356777960581,-68.567656372196
97.3,53.2707516117037,68.2644542761886,56.8317586771986,-11.43269559899,58.2054390633388,56.3755566347682,-3.10480502306444,11.8888976414204,0.456202042430434,1.82988242857067,-67.8082522337581
97.4,52.3794057077664,67.2807697644285,54.2392045742646,-13.0415651901639,55.6690330375904,53.8249095714899,-1.44550386372354,13.4558601929385,0.414295002774615,1.84412346610043,-66.8664747616539
97.5,51.5870709533053,66.3055001088535,53.2923802237195,-13.0131198851341,54.8885494810396,53.0366626520215,-1.44959169871629,13.268837456832,0.255717571697915,1.85188682901804,-66.0497825371556
97.6,50.8917679128195,65.3459518753885,51.8010700870559,-13.5448817883325,53.3852503109823,51.560745679646,-0.668977766826444,13.7852061957425,0.24032440740995,1.82450463133636,-65.1056274679785
97.7,50.1970391175464,64.402998851074,51.0325344014858,-13.3704644495882,52.654839799877,50.8393841380513,-0.642345020504912,13.5636147130227,0.193150263434518,1.81545566182564,-64.2098485876395
97.8,49.5965659274453,63.4783174938213,49.6723380545746,-13.8059794392467,51.4173782268689,49.6153975838031,-0.0188316563578468,13.8629199100182,0.0569404707714654,1.80198064306578,-63.4213770230498
97.9,49.0286342947716,62.5761395806336,50.170056904108,-12.4060826765256,51.9050709123223,50.1154341171448,-1.08679982237319,12.4607054634888,0.054622786963165,1.78963679517749,-62.5215167936704
98,48.5253879501247,61.6971128814829,46.8910548500718,-14.8060580314111,48.644132665149,46.8512157248783,1.6741722252464,14.8458971566046,0.0398391251935379,1.79291694027066,-61.6572737562894
98.1,48.010138740351,60.8421843692232,47.8434069843035,-12.9987773849197,49.4964488376818,47.690366146289,0.319772594062016,13.1518182229342,0.153040838014491,1.80608269139276,-60.6891435312087
98.2,47.4261528866161,60.0061369063411,48.0196195042663,-11.9865174020748,49.705242118199,47.91088223686,-0.48472935024391,12.0952546694812,0.108737267406354,1.794359881339,-59.8973996389348
98.3,46.8464482625872,59.1868507877111,45.5209628124908,-13.6658879752203,47.1403622296457,45.3232539880647,1.52319427452255,13.8635967996464,0.197708824426122,1.81710824158104,-58.9891419632849
98.4,46.2164488057694,58.3813480420089,44.7265458766063,-13.6548021654027,46.2368135175469,44.4028476945964,1.81360111117299,13.9785003474126,0.323698182009906,1.83396582295058,-58.057649859999
98.5,45.5053577055894,57.5839084171226,43.7969046726829,-13.7870037444398,45.2954114077165,43.4598815693795,2.04547613620987,14.1240268477431,0.337023103303331,1.83552983833694,-57.2468853138193
98.6,44.771026251789,56.7914806380817,44.8097461362135,-11.9817345018681,46.2397637803868,44.3947329274009,0.376293324388094,12.3967477106807,0.415013208812617,1.84503085298591,-56.3764674292691
98.7,44.0086761297173,56.0015720021624,43.192578422687,-12.8089935794754,44.6068458932141,42.7671019337018,1.24157419601551,13.2344700684607,0.425476488985289,1.83974395951235,-55.5760955131771
98.8,43.1786360486021,55.2117655661287,42.142399269482,-13.0693662966466,43.4464503263398,41.6111882299317,1.5674478186704,13.600577336197,0.531211039550342,1.83526209640805,-54.6805545265783
98.9,42.2862038281974,54.4165950056983,43.6115376349553,-10.805057370743,44.9581127063581,43.1194613354112,-0.83325750721373,11.2971336702872,0.492076299544145,1.83865137094694,-53.9245187061542
99,41.4289785350148,53.6163535013689,43.1252126622394,-10.4911408391294,44.5310285268002,42.6919134999012,-1.26293496488642,10.9244400014677,0.433299162338237,1.83911502689895,-53.1830543390306
99.1,40.6880971492793,52.8160206425236,41.6685020485873,-11.1475185939362,43.1662258074625,41.3365752944597,-0.648478145180391,11.4794453480639,0.331926754127664,1.82965051300279,-52.4840938883959
99.2,40.0510830619467,52.0222940389763,42.5211923661207,-9.50110167285562,44.1984476413508,42.3531426948346,-2.3020596328879,9.6691513441417,0.168049671286077,1.84530494651617,-51.8542443676902
99.3,39.5900008371349,51.2442848285286,41.6012865995047,-9.64299822902395,43.472069733346,41.6310891787571,-2.04108834162218,9.61319564977151,-0.029802579252447,1.84098055458891,-51.2740874077811
99.3897146303613,39.328810445906,50.5682292748117,41.1859075074509,-9.38232176736084,43.1845010730251,41.3241452723889,-1.99533482648297,9.24408400242277,-0.138237764938062,1.86035580063614,-50.7064670397498
99.4,39.3083421637648,50.4923580634669,40.4682240933366,-10.0241339701303,42.4796192693202,40.6170421858606,-1.30870002209578,9.87531587760635,-0.148818092523975,1.86257708345961,-50.6411761559909
99.4229491594024,39.2643996449734,50.3244259320565,41.0101641436918,-9.3142617883647,43.0346643567757,41.1706377325658,-1.90623808759238,9.15378819949076,-0.160473588873948,1.86402662420996,-50.4848995209305
99.4560528891164,39.209283173301,50.0855321395967,41.2998759487365,-8.78565619086018,43.3450934195801,41.4789758601699,-2.26969268686894,8.60655627942672,-0.179099911433461,1.86611755941014,-50.2646320510301
99.5,39.1525189091507,49.7746910409491,40.0603923120346,-9.71429872891449,42.1444325238005,40.2755391272903,-1.12302021813952,9.49915191365884,-0.215146815255657,1.86889339651027,-49.9898378562048
99.5534885984965,39.1112751947093,49.4065554321271,41.5144515142165,-7.89210391791061,43.6552728459806,41.7855250726861,-2.67424987797681,7.62103035944097,-0.271073558469638,1.86974777329453,-49.6776289905967
99.6,39.1105567907254,49.096144088266,41.6383436013714,-7.45780048689461,43.8780353954473,42.0075446925797,-2.89698790185427,7.08859939568636,-0.369201091208247,1.87049070286764,-49.4653451794743
99.6535751936871,39.1651025000464,48.7511158514424,43.0498563758428,-5.70125947559965,45.3651774817689,43.4951234412357,-4.33002094118932,5.25599241020668,-0.445267065392969,1.87005404053313,-49.1963829168354
99.7,39.249201823204,48.4639201441833,40.30636126826,-8.15755887592336,42.6872508297093,40.8175751725829,-1.56837334937892,7.64634497160046,-0.511213904322908,1.8696756571264,-48.9751340485063
99.8,39.5191846522378,47.8853164343223,41.0724220015126,-6.81289443280971,43.5098807489462,41.6504833335929,-2.13129868135514,6.23483310072935,-0.57806133208036,1.8593974153533,-48.4633777664026
99.9,39.8861415615723,47.3637858966209,40.6903420937763,-6.67344380284452,43.2051023842808,41.3321113912699,-1.4459698296976,6.03167450535093,-0.641769297493596,1.87299099301089,-48.0055551941145
100,40.3109480892623,46.9008834977612,40.1079526795351,-6.79293081822605,42.6888926844132,40.8266491189089,-0.515701029646621,6.07423437885222,-0.718696439373822,1.86224356550428,-47.619579937135
100.1,40.8614379160855,46.4982776891133,42.1211052780967,-4.37717241101658,44.7730967719093,42.9107196766787,-2.0492817605932,3.58755801243457,-0.78961439858201,1.86237709523056,-47.2878920876953
100.189427404831,41.4169977975315,46.1918833428618,44.0542774379491,-2.1376059049127,46.7737838222877,44.9275128008953,-3.51051500336376,1.26437054196654,-0.873235362946161,1.84627102139243,-47.065118705808
100.2,41.4888733936405,46.1590330579957,42.1449758800789,-4.01405717791684,44.8709202702246,43.0265533966576,-1.53768000301712,3.13247966133807,-0.881577516578773,1.84436687356693,-47.0406105745745
100.223094485264,41.650313854508,46.0898209832451,43.8132306552143,-2.27659032803079,46.5540997378424,44.711647068909,-3.06133321440102,1.37817391433603,-0.898416413694754,1.84245266893336,-46.9882373969398
100.254281348973,41.8753597234113,46.0019460940677,43.912594330762,-2.08935176330569,46.6451269442579,44.8052592231307,-2.92989949971939,1.19668687093699,-0.892664892368707,1.83986772112723,-46.8946109864364
100.290839264815,42.1430563165351,45.9070201327356,43.2016894309227,-2.70533070181292,45.9837855125941,44.146947923167,-2.00389160663198,1.76007220956853,-0.945258492244392,1.83683758942708,-46.85227862498
100.3,42.2138230644961,45.8846145043711,41.8882414238517,-3.9963730805194,44.6831859399586,42.8471076452955,-0.633284580799362,3.03750685907558,-0.958866221443827,1.8360782946631,-46.8434807258149
100.315731999751,42.3380289072722,45.8474540502875,44.2685527144866,-1.57890133580089,47.0707071885013,45.233456177876,-2.89542727060382,0.61399787241151,-0.964903463389383,1.83725101062529,-46.8123575136769
100.341328872347,42.5441869780964,45.7905655120001,44.5537331297409,-1.23683238225922,47.3675017590778,45.528342671822,-2.98415569372556,0.262222840178133,-0.97460954208109,1.83915908725584,-46.7651750540812
100.388428743705,42.9325433092658,45.6974332015349,43.0856936561137,-2.61173954542119,45.9086875184855,44.0660174490383,-1.13347413977257,1.63141575249655,-0.980323792924636,1.84267006944715,-46.6777569944595
100.4,43.0295818984244,45.6768325892734,43.1342422098599,-2.54259037941348,45.9449579746488,44.1014253449948,-1.07184344657036,1.57540724427864,-0.967183135134846,1.84353262965407,-46.6440157244083
100.415172387744,43.155987714598,45.6511670501628,41.4069306963397,-4.24423635382311,44.2095399806397,42.3653628087814,0.790624905816642,3.28580424138144,-0.95843211244167,1.84417717185836,-46.6095991626045
100.436932425508,43.337216008519,45.6169866885642,42.2218457630518,-3.39514092551247,45.0326559458919,43.1875543801318,0.149661628387236,2.42943230843248,-0.96570861707999,1.84510156576013,-46.5826953056442
100.469601043142,43.616639007163,45.5714778424796,43.9154023175934,-1.65607552488623,46.7390934411488,44.8926040712292,-1.27596506406617,0.678873771250423,-0.977201753635804,1.84648936991967,-46.5486795961154
100.5,43.8871299619316,45.5354297550912,45.7607605467642,0.225330791672945,48.6262268708861,46.7784461148648,-2.8913161529332,-1.24301635977361,-1.01768556810067,1.8477807560213,-46.5531153231919
100.542351969262,44.2846325393623,45.4955724747244,42.8623706764657,-2.6332017982587,45.7664402113455,43.9205093678421,0.364123171520212,1.5750631068823,-1.05813869137639,1.8459308435034,-46.5537111661008
100.6,44.8417382095381,45.4609392661525,44.5814634114287,-0.8794758547238,47.4683382863539,45.6249254795688,-0.78318727003073,-0.16398621341628,-1.04346206814008,1.84341280678511,-46.5044013342926
100.676822009568,45.5737012368038,45.4486390789918,44.4242932731343,-1.02434580585756,47.296327367032,45.4513209795461,0.122380257257703,-0.0026819005543075,-1.02702770641186,1.84500638748584,-46.4756667854037
100.7,45.8013881737503,45.4522630951752,44.2803401525025,-1.17192294267267,47.1277187738757,45.2822315867018,0.519156587048528,0.170031508473393,-1.00189143419927,1.84548718717388,-46.4541545293745
100.726499232097,46.0555225960078,45.460506470611,44.9188944100445,-0.541612060566472,47.7337412155625,45.8877309870669,0.167791608940945,-0.427224516455887,-0.968836577022358,1.84601022849559,-46.4293430476333
100.759793059311,46.3684668837883,45.4768136502896,46.1062219844264,0.629408334136848,48.8855585560418,47.0388911746397,-0.67042429085145,-1.56207752435014,-0.932669190213296,1.84666738140203,-46.4094828405029
100.8,46.7389025662305,45.504941301284,45.5617543450792,0.0568130437951737,48.3493268194758,46.5018658342696,0.23703673196087,-0.996924532985645,-0.940111489190471,1.84746098520621,-46.4450527904744
100.850694195399,47.2011207870451,45.5531304778677,46.9931529732093,1.44002249534156,49.7132047750279,47.8644434003512,-0.663322613306093,-2.31131292248347,-0.871290427141908,1.84876137467665,-46.4244209050097
100.9,47.6269398257719,45.6126131864696,46.6725715029375,1.05995831646787,49.3426013291983,47.4925751795582,0.13436464621374,-1.87996199308852,-0.820003676620651,1.85002614964012,-46.4326168630903
100.981864607527,48.3077270761765,45.7365335372132,46.4827948926641,0.746261355450926,49.0503657624894,47.2070692108922,1.1006578652843,-1.47053567367902,-0.724274318228098,1.84329655159723,-46.4608078554413
101,48.4470557051706,45.767859685967,45.6328081615619,-0.135051524405171,48.1903360112199,46.3485302613914,2.09852544377922,-0.580670575424392,-0.715722099829563,1.84180574982852,-46.4835817857966
101.030543085143,48.6789982255405,45.8234814919177,47.3212667486045,1.49778525668675,49.8520038847426,48.0103272275741,0.668670997966366,-2.18684573565639,-0.689060478969637,1.84167665716853,-46.5125419708873
101.06971620522,48.9661263123728,45.899829825495,48.2193834835058,2.31955365801083,50.7092158233764,48.8677047343634,0.0984215780094502,-2.96787490886837,-0.648321250857535,1.84151108901301,-46.5481510763525
101.1,49.1754845101894,45.9624091407662,46.8487425566939,0.886333415927638,49.3032318994926,47.4618488072293,1.71363570296008,-1.49943966646305,-0.613106250535417,1.84138309226335,-46.5755153913016
101.137800816092,49.4266826763587,46.0444602612948,47.7119731029058,1.66751284161101,50.1244256246638,48.280225267548,1.14645740881065,-2.23576500625319,-0.568252164642175,1.84420035711583,-46.612712425937
101.2,49.8249687359632,46.1881168517282,48.9196306110637,2.73151375933549,51.319443072887,49.4706070599098,0.354361676053443,-3.28249020818162,-0.550976448846129,1.84883601297717,-46.7390933005743
101.281384606776,50.3076754555697,46.3908135133139,49.2630775331478,2.87226401983383,51.5495286050845,49.6829455484432,0.624729907126522,-3.29213203512923,-0.4198680152954,1.86658305664131,-46.8106815286093
101.3,50.4069096257431,46.4391033580255,48.386871050232,1.94776769220653,50.6489820201182,48.7783396184797,1.62857000726338,-2.33923626045421,-0.391468568247689,1.87064240163855,-46.8305719262732
101.329302500813,50.55574343564,46.5163081635132,48.1937803470691,1.67747218355583,50.4216164018836,48.5500623923582,2.00568104328174,-2.03375422884503,-0.356282045289198,1.8715540095254,-46.8725902088024
101.367931568182,50.743444060857,46.6200460820631,49.1789458385046,2.55889975644151,51.4028842601107,49.5301284909573,1.21331556989976,-2.91008240889417,-0.351182652452657,1.8727557691534,-46.9712287345158
101.4,50.8996533129836,46.7077785240391,48.8584331917397,2.1506546677006,51.0610138741398,49.1872604483171,1.71239286466646,-2.47948192427801,-0.328827256577412,1.87375342582273,-47.0366057806165
101.445687435258,51.104690284617,46.8350187368018,51.7922832997938,4.957264562992,53.9324989520295,52.0416874024982,-0.936997117881219,-5.20666866569648,-0.249404102704482,1.89081154953128,-47.0844228395062
101.5,51.32304879772,46.9888109289301,50.3254190987001,3.33660816977,52.4253672923245,50.5142772911122,0.808771506607805,-3.52546636218206,-0.188858192412063,1.91109000121227,-47.1776691213422
101.586291787768,51.6499308775655,47.2370588505398,49.6740815867739,2.43702273623413,51.7859584343619,49.8817803520833,1.76815052548221,-2.64472150154353,-0.207698765309395,1.90417808227853,-47.4447576158492
101.6,51.7031695450043,47.2769197294312,51.1246533173556,3.84773358792435,53.2339726444507,51.3308925815101,0.372276963494208,-4.05397285207885,-0.206239264154497,1.90308006294062,-47.4831589935857
101.62095509164,51.7820140590044,47.338072341349,50.4021735859466,3.06410124459759,52.4905496027553,50.5846724332118,1.19734162579258,-3.24660009186289,-0.182498847265293,1.90587716954343,-47.5205711886143
101.665549278587,51.9454024913495,47.4689568514419,52.1711539310658,4.70219707962385,54.2355330225863,52.3237033763418,-0.378300884992242,-4.85474652489981,-0.152549445275959,1.91182964624459,-47.6215062967179
101.7,52.0651230358577,47.5706168383889,51.3489908592795,3.77837402089058,53.4261375962292,51.5097094332139,0.555413602643767,-3.93909259482501,-0.160718573934425,1.91642816301525,-47.7313354123233
101.752822219953,52.2494446564298,47.7273377716045,53.7132919429027,5.9859541712982,55.7567335798983,53.8352415459144,-1.58579688948458,-6.10790377430992,-0.121949603011728,1.92149203398389,-47.8492873746162
101.8,52.4010013435271,47.8678657936639,51.5981543052123,3.73028851154839,53.6433502591247,51.7173354657613,0.683665877765833,-3.84946967209736,-0.119181160548969,1.92601479336342,-47.9870469542129
101.858396181063,52.5806705245735,48.0421685267647,53.5541550023758,5.51198647561104,55.5875084637766,53.658622235367,-1.07795171079354,-5.61645370860228,-0.10446723299124,1.92888622840965,-48.146635759756
101.9,52.7104024727205,48.1664621118759,51.0650782153521,2.89861610347625,53.1169720485573,51.1860400928146,1.52436237990595,-3.01957798093868,-0.120961877462427,1.93093195574279,-48.2874239893383
101.951730678259,52.8903359252591,48.3214645242277,53.0731066097518,4.75164208552416,55.1679612169512,53.2243796952892,-0.334043770030092,-4.90291517106154,-0.151273085537383,1.94358152166193,-48.4727376097651
102,53.0778456433856,48.4671739146062,54.3652987918128,5.89812487720653,56.4983106506508,54.5429259594234,-1.46508031603774,-6.07575204481714,-0.177627167610602,1.95538469122747,-48.6448010822168
102.073825571105,53.3817709100255,48.6929899120547,54.4408886429969,5.7478987309422,56.595198867231,54.6464190255174,-1.2646481154919,-5.95342911346273,-0.205530382520521,1.94877984171363,-48.8985202945752
102.1,53.494011109587,48.774001223571,54.0749404381723,5.30093921460131,56.236692621483,54.2902544909322,-0.796243381345242,-5.51625326736117,-0.215314052759865,1.9464381305508,-48.9893152763309
102.14283972896,53.6830893325987,48.9077805147918,54.6150616728771,5.70728115808535,56.8227557947866,54.8700678171962,-1.18697848459752,-5.96228730240442,-0.255006144319069,1.95268797759039,-49.1627866591108
102.192136846814,53.925390314161,49.0639822886139,55.2366293093034,6.17264702068947,57.5066679809536,55.5467880940407,-1.62139777987971,-6.48280580542676,-0.31015878473729,1.95987988691289,-49.3741410733512
102.2,53.9671560749941,49.0891751909227,52.8809002373718,3.7917250464491,55.1560513343186,53.1950242995163,0.772131775477817,-4.10584910859354,-0.314124062144437,1.96102703480235,-49.4032992530672
102.216246561077,54.0547705887667,49.1415035177453,54.35191569914,5.21041218139469,56.6388257671829,54.6769278781159,-0.622157289349154,-5.53542436037058,-0.325012178975889,1.96189788906703,-49.4665156967212
102.247332882511,54.2290833224811,49.2427276357185,55.2125297235467,5.96980208782819,57.5331734704786,55.5696092807424,-1.34052595826135,-6.32688164502393,-0.357079557195746,1.96356418973615,-49.5998071929142
102.28573435197,54.4519176289336,49.3699149721451,55.8444802965238,6.47456532437875,58.1781444272618,56.2125218275465,-1.76060419861293,-6.84260685540146,-0.368041531022705,1.9656225997153,-49.7379565031678
102.3,54.5364238261277,49.4177851734122,55.0022870045012,5.58450183108901,57.3446126680203,55.378225395685,-0.841801569557298,-5.96044022227284,-0.37593839118383,1.96638727233531,-49.793723564596
102.320857773596,54.6616005123761,49.4884046387114,53.9062555398249,4.41785090111345,56.2447292881728,54.2748037620224,0.38679675035371,-4.78639912331096,-0.368548222197511,1.96992552615048,-49.8569528609089
102.355856787992,54.874054066371,49.6085707945283,57.06003209733,7.45146130280171,59.4237792002636,57.4479165401405,-2.57386247376946,-7.83934574561217,-0.38788444281046,1.97586266012311,-49.9964552373387
102.4,55.1409893492664,49.7631774348333,56.1447747168515,6.38159728201828,58.4710889851163,56.4877379951589,-1.34674864589242,-6.72456056032561,-0.342963278307323,1.98335098995745,-50.1061407131406
102.464076779484,55.527408837529,49.9932112596706,55.6785574642226,5.685346204552,58.0003446322724,56.0199784786438,-0.492569641114819,-6.02676721897316,-0.341421014421158,1.98036615362859,-50.3346322740918
102.5,55.7353602076707,50.124926919674,55.7807706659292,5.65584374625521,58.0861985002696,56.1075057287071,-0.372145521036423,-5.98257880903311,-0.3267350627779,1.97869277156241,-50.4516619824519
102.544842051421,55.9913598917956,50.2917831831965,55.5736823615024,5.28189917830582,57.8610358021548,55.8818436115562,0.109516280239411,-5.59006042835963,-0.308161250053807,1.9791921905986,-50.5999444332503
102.6,56.2965677816438,50.5004081425249,55.1813049472312,4.68089680470633,57.4522111122849,55.4724046114876,0.824163170156275,-4.97199646896265,-0.291099664256322,1.9798065007973,-50.7915078067812
102.671049190964,56.690390084895,50.773999860614,57.3533870323094,6.57938717169538,59.675545224401,57.697585357863,-1.00719527296796,-6.92358549724896,-0.344198325553577,1.97795986653803,-51.1181981861676
102.7,56.8616806911282,50.8872399438582,57.6961575906197,6.80891764676152,60.037976142023,58.0607687338181,-1.19908804268982,-7.17352878995984,-0.364611143198317,1.97720740820493,-51.2518510870565
102.746724406759,57.1431722361992,51.0723998169857,57.3138170599168,6.24141724293106,59.6562549266229,57.6793325399362,-0.536160303736985,-6.60693272295049,-0.365515480019425,1.97692238668674,-51.4379152970051
102.8,57.4548909129532,51.2869625431479,55.9331453958557,4.64618285270772,58.2311025667242,56.2545051641629,1.20038574879037,-4.96754262101494,-0.321359768307218,1.97659740256129,-51.6083223114552
102.866527483117,57.8332527665479,51.5592438032203,55.941605905106,4.3823621018857,58.2424931299156,56.2639993601551,1.56925340639278,-4.70475555693481,-0.322393455049117,1.97849376976051,-51.8816372582694
102.9,58.0194942994697,51.6979591067939,55.918237069909,4.22027796311508,58.1854166719134,56.2059687674086,1.81352553206109,-4.50800966061469,-0.287731697499609,1.97944790450481,-51.9856908042935
102.954122532137,58.2933588774536,51.9239894427773,57.4984479676683,5.57445852489101,59.7296276422216,57.7491505511464,0.544208326307206,-5.82516110836909,-0.250702583478088,1.98047709107521,-52.1746920262554
103,58.5124456947494,52.1167050738462,59.2267365312844,7.11003145743823,61.4056318698838,59.4242823792378,-0.911836684488442,-7.30757730539162,-0.197545847953386,1.98134949064605,-52.3142509217996
103.065695740849,58.7944436550476,52.3933709969257,57.9919833891284,5.5986123922027,60.1398921802051,58.1548821236112,0.639561531436442,-5.76151112668551,-0.162898734482816,1.98501005659394,-52.5562697314085
103.1,58.9329489985812,52.5378094103309,58.1646343887714,5.62682497844055,60.258164321332,58.2712428318005,0.661706166780675,-5.73343342146963,-0.106608443029081,1.98692148953152,-52.6444178533599
103.144574361548,59.0908968709611,52.7249743650183,56.7190248755562,3.9940505105379,58.7677108502406,56.7738131263533,2.31708374460778,-4.04883876133496,-0.054788250797067,1.99389772388734,-52.7797626158154
103.2,59.2560439685196,52.9559914684551,59.2224965503625,6.2665050819074,61.2288024911994,59.2262302237016,0.0298137448180569,-6.27023875524648,-0.00373367333908448,2.00257226749781,-52.9597251417942
103.280839106004,59.4663390431311,53.2879292343633,57.6068095941066,4.31888035974332,59.5882808125635,57.5899019865681,1.87643705656292,-4.30197275220484,0.016907607538478,1.9983788259954,-53.2710216268248
103.3,59.5123599486193,53.3656211574924,57.3993756846207,4.03375452712832,59.3637050152601,57.3663201399907,2.14603980862853,-4.0006989824983,0.0330555446300167,1.99738487526936,-53.3325656128624
103.330562451877,59.578017274952,53.4886596105665,58.5408012528262,5.05214164225966,60.4712999357477,58.4720338710312,1.1059834039208,-4.98337426046468,0.0687673817949843,1.99926606471654,-53.4198922287715
103.376952031853,59.6552955551749,53.6729036351042,58.4970998012181,4.82419616611385,60.4042149204782,58.4020934700531,1.25320208512186,-4.72918983494883,0.0950063311650169,2.00212145042508,-53.5778973039392
103.4,59.6900731719803,53.7632092379731,57.8112475844228,4.04803834644979,59.6825444341999,57.6790043281437,2.0110688438366,-3.91579509017066,0.132243256279132,2.00354010605624,-53.6309659816939
103.439164195737,59.7404869801814,53.914620995108,59.6581363139741,5.74351531886611,61.5239991906428,59.5189743823262,0.221512597855231,-5.60435338721823,0.139161931647884,2.00502480831663,-53.7754590634601
103.5,59.7948874240896,54.1443571589242,59.4503474749517,5.30599031602753,61.2743165271934,59.2669854527987,0.527901971290873,-5.12262829387453,0.183362022152991,2.00733107439467,-53.9609951367712
103.585676318237,59.8211288649361,54.4550443322293,58.7184491094834,4.26340477725405,60.5049014838786,58.4852642699533,1.33586459498289,-4.03021993772396,0.233184839530097,2.01963721392538,-54.2218594926992
103.6,59.8232391311155,54.5053901251846,58.5085208738964,4.00313074871184,60.2687579803298,58.2470633807698,1.57617575034568,-3.74167325558519,0.261457493126649,2.02169459956004,-54.2439326320579
103.62302722833,59.8188998520251,54.585327709123,59.695052386114,5.10972467699105,61.4225237461863,59.4035861268283,0.415313725196768,-4.81825841770533,0.29146625928572,2.01893761935802,-54.2938614498373
103.660614067322,59.7930826479412,54.7128921174593,59.5227044706891,4.80981235322984,61.1925606430098,59.1781231818764,0.614959466064789,-4.46523106441715,0.344581288812691,2.0144374611334,-54.3683108286466
103.7,59.7481779403123,54.842297905517,58.3583967466037,3.51609884108669,60.0002994114721,57.9905775085932,1.75760043171907,-3.14827960307625,0.367819238010433,2.00972190287887,-54.4744786675065
103.752596998292,59.6645614240876,55.0078069470703,57.6386439698606,2.6308370227903,59.2321034716838,57.2303874373023,2.43417398678531,-2.22258049023199,0.408256532558305,2.00171603438151,-54.599550414512
103.8,59.5556687802891,55.1492225796877,57.3824811938588,2.23325861417108,58.9041254076171,56.9096246556733,2.64604412461578,-1.76040207598558,0.472856538185503,1.9945007519438,-54.6763660415022
103.852463525092,59.3899243497019,55.2960252366977,58.5932267224652,3.29720148576741,60.0447347870373,58.0556603854233,1.33426396427864,-2.75963514872552,0.537566337041888,1.989074401614,-54.7584588996559
103.9,59.2155415732318,55.4194654272746,57.7494389217767,2.32997349450206,59.1500210548567,57.1658633942707,2.04967817896112,-1.74639796699604,0.583575527506014,1.98415766058596,-54.8358898997686
103.973960390661,58.8902318029647,55.5921176378854,58.3395807779015,2.74746314001607,59.7177494559665,57.728458164731,1.16177363823373,-2.13634052684559,0.611122613170487,1.98929129123553,-54.9809950247149
104,58.7722338857215,55.6471481771584,58.4409008631764,2.79375268601794,59.7915014483908,57.8004027338113,0.971831151910187,-2.15325455665291,0.640498129365028,1.99109871457947,-55.0066500477934
104.035798303761,58.597329531314,55.7178718261319,57.9871471428051,2.26927531667321,59.3201961831659,57.3307364162959,1.2665931150181,-1.61286459016398,0.656410726509229,1.98945976687,-55.0614610996227
104.087584758437,58.3226334619312,55.8098229093846,57.1185402383032,1.30871732891861,58.3789348485252,56.3918460121843,1.93078744974697,-0.582023102799688,0.726694226118923,1.98708883634099,-55.0831286832656
104.1,58.2499305706304,55.829969419561,56.922040331279,1.09207091171805,58.1795187097674,56.192998278339,2.05693229229145,-0.363028858778023,0.729042052940031,1.98652043142837,-55.1009273666209
104.120993507201,58.1252353849416,55.8623100938752,58.2267885984728,2.36447850459759,59.4796624384617,57.4945377531515,0.630697631790149,-1.6322276592763,0.732250845321289,1.98512468531022,-55.1300592485539
104.158789002046,57.8939604370936,55.9150565254416,57.4196960076289,1.50463948218725,58.6578467519298,56.6752348871172,1.2187255499764,-0.760178361675607,0.744461120511644,1.98261186481258,-55.17059540493
104.2,57.6333840058102,55.9645038640519,57.1776823866293,1.21317852257749,58.4107127560479,56.4308407902845,1.20254321552567,-0.466336926232685,0.746841596344801,1.9798719657634,-55.2176622677071
104.289363733309,57.047694802904,56.043130193551,56.5356325393838,0.492502345832811,57.7340612127441,55.7719441633498,1.2757506395542,0.271186030201171,0.763688376033983,1.9621170493943,-55.279441817517
104.3,56.9738312086468,56.0498778265976,56.6456396176115,0.595761791013921,57.8448347777669,55.8848309572922,1.08900025135459,0.165046869305385,0.760808660319306,1.96000382047475,-55.2890691662783
104.323350260613,56.8087979365352,56.0627107757544,58.2510375747781,2.18832679902368,59.4314462895708,57.4728100480094,-0.664012111474172,-1.41009927225498,0.778227526768703,1.95863624156144,-55.2844832489857
104.367903593237,56.4832346865331,56.0795559647458,58.629330289286,2.54977432454022,59.817633157038,57.861606316683,-1.37837163014994,-1.78205035193719,0.767723972603029,1.95602684035503,-55.3118319921428
104.4,56.2553912151471,56.0855876768025,56.1726493158031,0.0870616390006589,57.3949058070189,55.4407587901831,0.814632424963996,0.644828886619351,0.73189052562001,1.95414701683579,-55.3536971511825
104.469487482627,55.7789479120565,56.0823307907418,56.4020196373232,0.319688846581371,57.6991302772114,55.7498882961345,0.0290596159220513,0.332442494607335,0.652131341188706,1.94924198107692,-55.4301994495531
104.5,55.5886543156063,56.0743873330918,55.7401247745831,-0.334262558508655,57.08371973514,55.1366315950593,0.452022720547014,0.937755738032507,0.603493179523852,1.94708814008073,-55.4708941535679
104.53523307357,55.3823274294824,56.060867321466,55.2139968123266,-0.846870509139428,56.5873584649262,54.6433776128498,0.738949816632683,1.41748970861625,0.570619199476823,1.94398085207641,-55.4902481219892
104.6,55.0106988609012,56.0247219656789,56.6741319153905,0.649409949711632,58.0721581815108,56.133889277703,-1.12319041680178,-0.10916731202407,0.540242637687562,1.93826890380778,-55.4844793279914
104.7,54.4980382753169,55.9430176987986,54.1632337580045,-1.7797839407941,55.7279203754119,53.7779973519156,0.720040923401292,2.165020346883,0.385236406088893,1.94992302349637,-55.5577812927097
104.785784433248,54.1328998663209,55.853590140429,55.1897120506702,-0.663878089758761,56.777822390307,54.820161825881,-0.68726195956004,1.03342831454798,0.369550224789215,1.95766056442605,-55.4840399156397
104.8,54.0752100958649,55.8373027051194,53.1345377603443,-2.7027649447751,54.7271863164224,52.7682435434952,1.30696655236979,3.06905916162424,0.366294216849141,1.95894277292725,-55.4710084882703
104.827096915296,53.9694381920945,55.8052143314022,53.5214242022727,-2.28379012912942,55.1477327535778,53.1922791784808,0.777159013613705,2.61293515292133,0.329145023791909,1.95545357509702,-55.4760693076102
104.869343616433,53.8166560541648,55.752742570633,53.1034259105722,-2.64931666006081,54.7704654265434,52.8204518469711,0.996204207193728,2.93229072366193,0.282974063601117,1.9500135795723,-55.4697685070319
104.9,53.7120269798343,55.7130403602699,53.7108492946245,-2.00219106564533,55.3691497846056,53.4230837461412,0.288943233693047,2.28995661412863,0.2877655484833,1.94606603846442,-55.4252748117866
104.951359290999,53.5369221068368,55.643587473804,54.031253713159,-1.61233376064494,55.7172788920146,53.77120185558,-0.234279748743226,1.87238561822393,0.260051857578986,1.94607703643457,-55.383535616225
105,53.3794215917462,55.5747337162817,53.4737539879459,-2.10097972833574,55.1640880168244,53.218000564571,0.161421027175116,2.35673315171061,0.25575342337487,1.9460874522533,-55.3189802929068
105.07068168793,53.1520615209678,55.4696986621084,52.990809910156,-2.4788887519524,54.7249311367556,52.7795129488724,0.372548572095454,2.69018571323598,0.21129696128358,1.94541818788318,-55.2584017008248
105.1,53.0676638177808,55.4246093953523,54.611358325678,-0.813251069674294,56.3535224738916,54.4083818925885,-1.34071807480768,1.01622750276376,0.202976433089468,1.94514058130311,-55.2216329622628
105.137043979014,52.9666178002509,55.3666430013862,53.793822294007,-1.57282070737921,55.5281245659525,53.5830666439753,-0.616448843724342,1.78357635741092,0.210755650031707,1.94505792197726,-55.1558873513545
105.188453068479,52.7945180296853,55.2840769140526,51.9237672946838,-3.36030961936882,53.5658502884284,51.6209070798483,1.17361094983693,3.6631698342043,0.302860214835484,1.94494320858007,-54.9812166992171
105.2,52.7502083342246,55.2650678207229,52.1475278620606,-3.11753995866225,53.7820768937986,51.8371594508517,0.913048883372952,3.42790836987123,0.310368411208977,1.94491744294688,-54.9546994095139
105.225001532141,52.6522411405032,55.2232414098526,51.454524425206,-3.76871698464668,53.0738531656093,51.1239317795647,1.52830936093848,4.09930963028792,0.330592645641239,1.94992138604454,-54.8926487642114
105.254230389429,52.5333940375947,55.1731461258836,52.9920176018933,-2.1811285239903,54.5994563222311,52.6436849131617,-0.110290875567031,2.52946121272194,0.348332688731645,1.95577140906941,-54.824813437152
105.3,52.3367907569408,55.091963264125,51.7369430686961,-3.35502019542894,53.2969416224891,51.3320096337558,1.00478112318501,3.75995363036927,0.404933434940332,1.96493198873338,-54.6870298291847
105.359860722332,52.047412756933,54.9799395717788,49.9026097143114,-5.07732985746742,51.4691364380917,49.5038081531254,2.54360460380759,5.47613141865345,0.398801561186033,1.96532828496633,-54.5811380105928
105.4,51.8550983872848,54.9010221029392,51.1499903281597,-3.75103177477951,52.6803223148509,50.7147282956283,1.14037009165659,4.18629380731093,0.435262032531426,1.96559401922269,-54.4657600704078
105.45466878126,51.578199411565,54.7885018691333,51.2797366577796,-3.50876521135376,52.8104517955302,50.8560308908034,0.722168520761571,3.93247097832987,0.423705766976113,1.95442090472677,-54.3647961021572
105.5,51.3401402378286,54.6906699129744,49.9978196557128,-4.69285025726157,51.5247646489921,49.5796084632794,1.76053177454921,5.11106144969494,0.418211192433375,1.94515618571271,-54.272458720541
105.550488370612,51.0708253084641,54.5768260745955,50.8611650936128,-3.71566098098264,52.346620337057,50.403937650562,0.66688765790218,4.17288842403353,0.45722744305089,1.942682686495,-54.1195986315446
105.6,50.7760211030172,54.4598166441617,50.8747237553145,-3.58509288884715,52.2793621496038,50.3391051103435,0.436915992673725,4.12071153381821,0.535618644971059,1.94025703926032,-53.9241979991906
105.656022799002,50.4015358338947,54.3197394450361,50.7131181111828,-3.60662133385338,52.09856910357,50.1532721877029,0.248263646191774,4.1664672573332,0.559845923479827,1.94529691586706,-53.7598935215563
105.7,50.0973595303414,54.203690198631,48.3957511861967,-5.8079390124343,49.735636698315,47.7863835419444,2.31097598839705,6.41730665668659,0.609367644252295,1.94925315637065,-53.5943225543787
105.75686499766,49.674104063523,54.0451231162407,47.2349812172374,-6.81014189900333,48.5503205594534,46.5955377020112,3.0785663615118,7.44958541422948,0.639443515226148,1.95478285744212,-53.4056796010146
105.8,49.3369861283391,53.9181187145066,48.2305433221922,-5.68757539231434,49.5172353929045,47.5582579750391,1.77872815329994,6.35986073946746,0.672285347153121,1.9589774178654,-53.2458333673535
105.849348406704,48.9454414647726,53.7654775103049,46.2871306445925,-7.47834686571237,47.5812343784092,45.6188143826574,3.32662708211523,8.14666312764748,0.668316261935111,1.96241999575179,-53.0971612483698
105.9,48.536230340453,53.6008502407918,46.8137449638344,-6.78710527695743,48.0374234876507,46.0714700028435,2.46476033760955,7.52938023794835,0.742274960990919,1.96595348480728,-52.8585752798009
105.95347320843,48.0599789639569,53.4175736293637,46.2668562515177,-7.15071737784601,47.4375379280279,45.4684206301332,2.59155833382364,7.94915299923045,0.798435621384435,1.96911729789471,-52.6191380079792
106,47.6318733742929,53.2495545141887,45.8830636737767,-7.36649084041202,47.0796109136889,45.107740796646,2.52413257764689,8.1418137175427,0.775322877130684,1.97187011704292,-52.474231637058
106.050542994401,47.1680059158086,53.0582159137834,47.6329133825305,-5.42530253125283,48.8027598315045,46.8414324667805,0.326573449028039,6.21678344700283,0.791480915750007,1.96132736472396,-52.2667349980333
106.1,46.6924999579932,52.8620742705611,44.9951694747932,-7.86690479576795,46.1064768623029,44.1554657237273,2.5370342342659,8.70660854683381,0.839703751065855,1.95101113857555,-52.0223705194953
106.155733219297,46.1304704389771,52.6298060154412,43.3684061917315,-9.26139982370974,44.4565141725231,42.5058602871981,3.62461015177894,10.1239457282431,0.862545904533363,1.95065388532495,-51.7672601109079
106.2,45.667139146608,52.4365811401087,46.3346085348428,-6.10197260526591,47.4156619845066,45.4652918518789,0.201847294729127,6.97128928822985,0.869316682963941,1.95037013262774,-51.5672644571448
106.260030137479,45.0278861529057,52.1620236650401,43.5109739165741,-8.65104974846601,44.5786347679721,42.6327401054393,2.39514604746638,9.52928355960085,0.878233811134841,1.94589466253277,-51.2837898539053
106.3,44.5998457263977,51.9712679363508,42.7251060187224,-9.24616191762843,43.8132690486366,41.8703542880651,2.72949143833257,10.1009136482857,0.854751730657277,1.94291476057145,-51.1165162056935
106.361425383298,43.9396922519753,51.6661853178818,43.6443362226494,-8.02184909523243,44.7175537138014,42.7715050888286,1.16818716314668,8.89468022905317,0.872831133820739,1.9460486249728,-50.7933541840611
106.4,43.5190568749994,51.4672714955312,41.8255183206981,-9.64175317483313,42.8950941859568,40.9470775208744,2.57197935412506,10.5201939746568,0.878440799823721,1.94801666508241,-50.5888306957075
106.447847715045,42.9935660545537,51.2127495187216,43.2219054685032,-7.99084405021845,44.3094091471469,42.3563557506913,0.637210303862375,8.85639376803027,0.865549717811824,1.95305339645553,-50.3471998009098
106.5,42.4152179685579,50.9257670289623,43.0829026581218,-7.8428643708405,44.1276480753701,42.1691048232431,0.246113145314858,8.75666220571922,0.913797834878721,1.95854325212709,-50.0119691940836
106.554391442084,41.8024795872512,50.6156788738749,42.424031122544,-8.19164775133095,43.5420658311785,41.5875419721768,0.214937615074355,9.02813690169809,0.836489150367143,1.95452385900165,-49.7791897235078
106.6,41.3099527442225,50.347823805288,41.9797594353365,-8.36806436995157,43.1145768843211,41.1634233850144,0.146529359208124,9.18440042027364,0.816336050322072,1.95115349930671,-49.531487754966
106.654691470272,40.7264128181285,50.017992454647,40.0266205201001,-9.99137193454684,41.1966667773167,39.2486143211108,1.47779849701769,10.7693781335361,0.778006198989289,1.94805245620584,-49.2399862556577
106.7,40.2619074284201,49.738174560252,40.9415835429871,-8.79659101726494,42.1785325747987,40.2330491426624,0.0288582857576642,9.5051254175896,0.708534400324659,1.94548343213634,-49.0296401599273
106.753613800558,39.738044894074,49.4005789027955,42.0515616319484,-7.34901727084709,43.2983925587832,41.3501094119632,-1.61206451788921,8.05046949083227,0.701452219985178,1.94828314682005,-48.6991266828103
106.8,39.2941799888064,49.1033888405668,39.4971474660419,-9.60624137452493,40.777512013153,38.8268065772516,0.467373411554775,10.2765822633152,0.670340888790285,1.95070543590136,-48.4330479517766
106.851736814493,38.8035199476615,48.7668418796888,41.2838009228281,-7.48304095686079,42.5729695832351,40.618061221196,-1.81454127353447,8.14878065849287,0.665739701632084,1.95490836203917,-48.1011021780568
106.9,38.3491098324715,48.4482732548324,40.438775082645,-8.00949817218741,41.7527272448431,39.7938981426918,-1.44478831022021,8.65437511214064,0.644876939953228,1.95882910215138,-47.8033963148792
106.971296028246,37.6965101053335,47.97026727436,39.9333282534392,-8.03693902092083,41.3217869603092,39.3610356996089,-1.66452559427535,8.60923157475111,0.57229255383028,1.96075126070037,-47.3979747205297
107,37.4511597955124,47.7757541556805,38.1621813787544,-9.61357277692613,39.5732272409053,37.6117021140296,-0.160542318517187,10.1640520416509,0.550479264724778,1.96152512687571,-47.2252748909557
107.043458276171,37.0859073343104,47.4795218681155,37.420789758725,-10.0587321093905,38.8695586656945,36.9070115906389,0.178895743671518,10.5725102774766,0.51377816808612,1.96254707505561,-46.9657437000294
107.1,36.6458751333477,47.0917633835446,38.3522128073056,-8.73955057623897,39.8831904018144,37.9193137132342,-1.27343857988652,9.17244967031042,0.432899094071452,1.96387668858027,-46.6588642894731
107.1646114448,36.1642348669527,46.6469952130024,37.9178470869201,-8.72914812608231,39.435026797799,37.4710464676611,-1.30681160070839,9.17594874534131,0.446800619258994,1.96398033013782,-46.2001945937434
107.2,35.8984407903859,46.4026668758725,36.3107354705084,-10.0919314053641,37.8320690173122,35.8680319213028,0.0304088690831819,10.5346349545697,0.442703549205596,1.96403709600943,-45.9599633266669
107.250649726998,35.5216253938977,46.0521498647088,34.6110672488571,-11.4410826158517,36.1536095295774,34.1882662472044,1.3333591466933,11.8638836175045,0.422801001652715,1.96534328237303,-45.6293488630561
107.3,35.1642430663952,45.7099672131913,35.3863428969149,-10.3236243162764,36.9443363013097,34.9777203436933,0.186522722701937,10.732246869498,0.408622553221605,1.96661595761642,-45.3013446599697
107.369859992419,34.6787021203359,45.2250361233414,37.191352769473,-8.03368335386831,38.8271973185679,36.8656598926036,-2.1869577722677,8.35937623073773,0.325692876869425,1.96153742596425,-44.8993432464719
107.4,34.4846143411462,45.0160450793167,34.9874531408099,-10.0285919385068,36.6333565839316,34.6740102114902,-0.189395870344015,10.3420348678264,0.31344292931967,1.95934637244135,-44.702602149997
107.454437737841,34.1389985609492,44.6393906230043,37.1216711943154,-7.51771942868886,38.7768812334043,36.8040108251274,-2.66501226417826,7.83537979787681,0.317660369187948,1.9728704082769,-44.3217302538163
107.5,33.8622459308305,44.3251222652784,33.0566336139714,-11.2684886513069,34.769141055328,32.7849515568274,1.07729437400306,11.540170708451,0.271682057144019,1.98418949850056,-44.0534402081344
107.562418848667,33.5173817927267,43.8970312041087,34.1551322117328,-9.74189899237587,35.9216275689751,33.9388740986874,-0.42149230596069,9.95815710542129,0.21625811304542,1.98275347028774,-43.6807730910632
107.6,33.325051886247,43.6411589541641,33.3369527536677,-10.3042062004964,35.1214931445268,33.1396042783568,0.185447607890197,10.5015546758073,0.197348475310839,1.98188886616995,-43.4438104788533
107.657826342183,33.0478588027094,43.2507163898976,33.920318906569,-9.33039748332855,35.7728071159833,33.7810708694986,-0.733212066789214,9.46964552039898,0.139248037070431,1.99173624648468,-43.1114683528272
107.7,32.8650049707704,42.9689857779806,33.5072736629263,-9.46171211505424,35.3635476924893,33.3646295971775,-0.499624626407055,9.60435618080313,0.14264406574889,1.99891809531181,-42.8263417122317
107.771048922828,32.5647139839469,42.5006455134442,34.1091127648311,-8.39153274861306,35.9399893720892,33.9355326141109,-1.37081863016393,8.5651128993333,0.173580150720241,2.0044567579783,-42.3270653627239
107.8,32.4373688981365,42.3119610415437,31.590242386396,-10.7217186551477,33.447065667704,31.4403520106215,0.997016887515056,10.8716090309222,0.1498903757745,2.00671365708253,-42.1620706657692
107.833895669917,32.2919705494783,42.0925813583432,32.9673095207977,-9.12527183754547,34.8134544332225,32.8076125405569,-0.51564199107861,9.28496881778628,0.15969698024081,2.0058418926656,-41.9328843781024
107.9,32.0212575622158,41.669512613673,32.4568846870794,-9.21262792659362,34.3628148927152,32.3586731405959,-0.337415578380082,9.31083947307709,0.0982115464834692,2.00414175211928,-41.5713010671895
107.968716112179,31.752720430485,41.2372082327177,31.1477529174999,-10.0894553152178,32.9842023273772,30.9790825760111,0.773637854473883,10.2581256567066,0.168670341488756,2.0051197513661,-41.0685378912289
108,31.6209343012263,41.0426250737552,31.411863066697,-9.63076200705819,33.2728458421293,31.2672808441135,0.353653457112728,9.77534422964167,0.144582222583484,2.00556499801578,-40.8980428511717
108.1,31.2084054128214,40.429326072271,29.9148226537582,-10.5145034185128,31.7861228726954,29.775035204299,1.43337020852235,10.654290867972,0.139787449459178,2.01108766839633,-40.2895386228118
108.2,30.7859759821288,39.8287759266264,30.8301719636827,-8.99860396294369,32.6454365973613,30.6351549888944,0.150820993234404,9.19362093773204,0.195016974788349,2.01028160846691,-39.633758951838
108.3,30.3366744449519,39.2382805844598,31.3907067664465,-7.84757381801328,33.2587480877438,31.2368517329111,-0.900177287959146,8.00142885154871,0.153855033535429,2.02189635483269,-39.0844255509244
108.4,29.9089921797706,38.6580061095152,30.0282082570036,-8.6297978525116,31.8557797783173,29.818792630205,0.0901995495655399,8.83921347931023,0.209415626798631,2.03698714811226,-38.4485904827166
108.5,29.4742020303016,38.0868408880189,28.0636873425291,-10.0231535454899,29.9303925377389,27.9044734885524,1.56972854174926,10.1823673994665,0.159213853976684,2.02591904918654,-37.9276270340422
108.587440826999,29.1081627524279,37.5952977475485,28.3888087313842,-9.20648901616436,30.1652792979804,28.1409786129652,0.967184139462642,9.45431913458334,0.247830118418978,2.0243006850152,-37.3474676291296
108.6,29.0480128602946,37.5252094938235,28.4944059694017,-9.03080352442178,30.2646595611578,28.2405913226587,0.807421537635825,9.28461817116475,0.25381464674297,2.02406823849902,-37.2713948470805
108.62328832761,28.936935667698,37.3954631904807,28.5009880328206,-8.89447515766005,30.2684149904237,28.2413634043825,0.695572263315462,9.15409978609817,0.259624628438118,2.02705158604117,-37.1358385620425
108.655026035735,28.7859394996303,37.2190925931618,28.9827945233886,-8.23629806977322,30.7689589963138,28.7378416561699,0.0480978434604609,8.48125093699195,0.244952867218736,2.03111734014391,-36.9741397259431
108.7,28.5728593174482,36.97009573943,27.7297709433218,-9.24032479610817,29.5153202141207,27.478441491365,1.09441782608318,9.49165424806498,0.251329451956803,2.03687872275564,-36.7187662874732
108.756080705623,28.3027260421722,36.660997827551,27.7286713971875,-8.93232643036351,29.5002943313528,27.4701270735547,0.83259896861756,9.19087075399635,0.258544323632844,2.03016725779818,-36.4024535039182
108.8,28.0965154896604,36.4199686072217,28.5786427118847,-7.84132589533699,30.3622228480418,28.337311636898,-0.240796147237635,8.08265697032362,0.241331074986633,2.0249112111438,-36.178637532235
108.850608266568,27.8602350757694,36.1434715250537,27.2698956383992,-8.87357588665449,29.085066225759,27.0671156109627,0.793119464806658,9.07635591409092,0.202780027436432,2.01795061479625,-35.9406914976172
108.9,27.6381451238967,35.8750759556408,29.3629917652417,-6.51208419039904,31.1680264933939,29.1568691545314,-1.51872403063465,6.71820680110939,0.206122610710345,2.01115733886252,-35.6689533449304
108.965779685607,27.3375047254469,35.5199103227613,27.8326685483417,-7.68724177441957,29.5872237841868,27.5781433816725,-0.240638656225602,7.94176694108878,0.254525166669211,2.00908040251429,-35.2653851560921
109,27.1728973196977,35.3358861032437,27.3427538563144,-7.99313224692927,29.1242954307022,27.116295504845,0.056601814852641,8.21959059839867,0.226458351469397,2.00799992585716,-35.1094277517743
109.048786740303,26.9472401238696,35.0744164577501,27.1864223059677,-7.8879941517824,29.0007043392655,26.9954019834893,-0.0481618596197677,8.07901447426074,0.191020322478341,2.00530235577615,-34.8833961352717
109.1,26.716436100846,34.8013313712115,27.0490356363717,-7.75229573483979,28.8410194656152,26.8385488496981,-0.122112748852071,7.96278252151344,0.210486786673652,2.00247061591714,-34.5908445845378
109.168254735538,26.4110850238881,34.4394819846363,27.0242553404451,-7.41522664419119,28.8429104563162,26.8364005431544,-0.42531551926626,7.60308144148198,0.187854797290786,2.00650991316189,-34.2516271873455
109.2,26.278137514837,34.272144401256,26.1793594684526,-8.09278493280343,28.0287925495426,26.0204039600037,0.257733554833301,8.25174044125225,0.158955508448827,2.00838858953891,-34.1131888928072
109.24175850203,26.1206698016755,34.0533131129318,25.5489961971086,-8.50431691582321,27.4489136606526,25.4380012826902,0.682668518985238,8.61531183024155,0.110994914418342,2.01091237796237,-33.9423181985134
109.293280027961,25.9495733581817,33.7860450746309,28.6523593166436,-5.13368575798728,30.5489619055439,28.534935684307,-2.58536232612529,5.25110939032396,0.117423632336685,2.01402622123692,-33.6686214422942
109.3,25.9263551247443,33.7514228571725,25.7823025588024,-7.9691202983701,27.6826613162884,25.6682289553,0.258126169444331,8.08319390187258,0.114073603502483,2.01443236098844,-33.6373492536701
109.311450505517,25.8868159084107,33.6925441531503,27.5532452482413,-6.13929890490896,29.4549460794762,27.4415634633335,-1.55474755492287,6.25098068981676,0.111681784907798,2.01338261614265,-33.5808623682425
109.332378883679,25.8158609739449,33.5853104235245,26.163371255798,-7.42193916772642,28.0815595584579,26.0700955874855,-0.254234613540611,7.51521483603899,0.0932756683125682,2.01146397097239,-33.4920347552119
109.362430856761,25.7202750262905,33.4322579744347,25.5169546319945,-7.91530334244022,27.4399107665057,25.4312018620064,0.289073164284105,8.0010561124284,0.0857527699881757,2.00870890449932,-33.3465052044466
109.4,25.6068963975795,33.2425552702747,27.3636891993765,-5.87886607089827,29.3225820856711,27.3173173971864,-1.7104209996069,5.92523787308835,0.0463718021900767,2.00526468848476,-33.1961834680847
109.478568498032,25.412704863644,32.852649567296,26.884131192753,-5.96851837454304,28.9210322172224,26.9258619222198,-1.51315705857576,5.92678764507623,-0.0417307294668134,1.99517029500262,-32.8943802967628
109.5,25.3712477358162,32.748181714415,26.6804204794582,-6.06776123495677,28.739865617642,26.7474488182413,-1.37620108242514,6.00073289617371,-0.0670283387830644,1.99241679940065,-32.8152100531981
109.572058614916,25.2558977491094,32.4036836620103,24.5451636223379,-7.85852003967233,26.6944949445531,24.7007428907011,0.555154858408361,7.70294077130919,-0.155579268363134,1.99375205385202,-32.5592629303734
109.6,25.2297611711563,32.27325475394,24.5778757959955,-7.69537895794454,26.6960345100291,24.7017646990864,0.527996472069905,7.57149005485358,-0.123888903090958,1.99426981094261,-32.397143657031
109.632928132412,25.196874818508,32.1219318662442,24.9401397066048,-7.18179215963939,27.0735748499031,25.0786833076698,0.118191510838162,7.04324855857435,-0.138543601065042,1.99489154223325,-32.2604754673092
109.672598616355,25.1619170354884,31.9430880964211,24.6771437441876,-7.26594435223349,26.7840610583732,24.788420479393,0.373496556095343,7.15466761702805,-0.11127673520544,1.99564057898014,-32.0543648316265
109.7,25.1327800587921,31.8216638935382,25.689177026921,-6.13248686661722,27.8000789571157,25.8039209999434,-0.671140941151297,6.01774289359487,-0.114743973022346,1.99615795717231,-31.9364078665606
109.734522685646,25.0997325873222,31.6710529959327,25.8338716599006,-5.83718133603208,27.9833657890559,25.9867366243847,-0.887004037062454,5.68431637154804,-0.152864964484039,1.99662916467128,-31.8239179604167
109.775947337817,25.0781168362894,31.4940596917741,26.4727506546125,-5.02130903716159,28.653317228369,26.6561226497856,-1.57800581349626,4.83793704198846,-0.183371995173129,1.99719457858334,-31.6774316869472
109.8,25.0711637862825,31.39326818874,26.1758322168082,-5.21743597193186,28.363413308749,26.3658904302499,-1.2947266439674,5.02737775849016,-0.190058213441706,1.99752287849914,-31.5833264021817
109.83331442279,25.0660313211626,31.2561487564864,25.5344235204567,-5.72172523602967,27.7124083115711,25.717643646381,-0.65161232521843,5.53850511010535,-0.183220125924318,1.9947646651901,-31.4393688824107
109.874045805875,25.0595716409934,31.0923579816385,25.8114619564858,-5.28089602515269,28.0058939419607,26.0145015652125,-0.954929924219105,5.07785641642601,-0.20303960872668,1.99139237674821,-31.2953975903652
109.9,25.0576221367625,30.9901991255554,25.5841121159817,-5.40608700957369,27.7755276006685,25.7862840590994,-0.72866192233683,5.20391506645598,-0.202171943117705,1.98924354156913,-31.1923710686731
109.946843980659,25.0644781063337,30.8102091841882,25.4042843646857,-5.40592481950251,27.621743120784,25.6269333016791,-0.562455195345425,5.1832758825091,-0.222648936993409,1.99480981910489,-31.0328581211817
110,25.0843083352932,30.6130601405949,25.4323212381822,-5.18073890241271,27.6597813091154,25.6586551788818,-0.574346843588582,4.95440496171315,-0.226333940699558,2.00112613023365,-30.8393940812945
110.064059337815,25.1115525995186,30.38537648871,25.5510591650773,-4.83431732363271,27.8239962407391,25.8241170720232,-0.712564472504521,4.56125941668687,-0.273057906945844,1.99987916871594,-30.6584343956559
110.1,25.1460013341273,30.2625367267326,25.2523470659483,-5.01018966078426,27.5176239340622,25.5184443764286,-0.372443042301324,4.74409235030397,-0.266097310480291,1.99917955763354,-30.5286340372129
110.152080585626,25.2038831539183,30.0910816810154,24.3452052410066,-5.74587644000884,26.6624193352513,24.6662699733427,0.537613180575566,5.42481170767274,-0.321064732336097,1.99614936190862,-30.4121464133515
110.2,25.2763456614483,29.9404871491576,25.7838285808862,-4.15665856827144,28.1471766396989,26.1538153648064,-0.877469703358138,3.78667178435119,-0.36998678392025,1.99336127489247,-30.3104739330779
110.248754761947,25.3754586743464,29.7947836270732,25.7124215282291,-4.08236209884405,28.097847349176,26.1084501927111,-0.732991518364773,3.68633343436206,-0.396028664481996,1.98939715646491,-30.1908122915552
110.3,25.4950175186649,29.6502522830287,25.8493687665703,-3.80088351645836,28.2262947348639,26.2410641907334,-0.746046672068537,3.40918809229525,-0.39169542416311,1.98523054413047,-30.0419477071918
110.368362465189,25.6474348936615,29.47091231018,26.4217038760059,-3.04920843417419,28.7723740004404,26.7840639376262,-1.13662904396469,2.68684837255384,-0.362360061620343,1.98831006281416,-29.8332723718004
110.4,25.7184086024384,29.3928801852833,24.8085235704454,-4.58435661483789,27.1439743145297,25.154239078131,0.564169524307339,4.23864110715226,-0.345715507685636,1.98973523639863,-29.7385956929689
110.435282534795,25.7861164581633,29.3093674477933,25.0815261652043,-4.22784128258898,27.3774454692232,25.3853588532215,0.400757604941781,3.92400859457175,-0.303832688017231,1.99208661600174,-29.6132001358105
110.483155291175,25.8709697801513,29.2014631227967,24.5703642077153,-4.63109891508144,26.844889393759,24.849612331732,1.02135744841924,4.35185079106471,-0.279248124016725,1.99527706202697,-29.4807112468135
110.5,25.8958631804578,29.1648965304828,25.5259689446748,-3.63892758580798,27.7807622484401,25.7843625826949,0.111500597762976,3.38053394778791,-0.258393638020067,1.99639966574526,-29.4232901685028
110.544357529508,25.9535350613168,29.0717563913442,25.6453267273057,-3.42642966403852,27.8378291418893,25.8415166285934,0.112018432723417,3.2302397627508,-0.196189901287717,1.99631251329589,-29.2679462926319
110.590882943455,25.9968884044907,28.9783796071552,25.9868099980011,-2.99156960915412,28.1959276658092,26.1997065643621,-0.202818159871388,2.77867304279306,-0.212896566361053,1.99622110144703,-29.1912761735162
110.6,26.0064421983375,28.9605774630424,25.65428014017,-3.30629732287234,27.8643641133246,25.8681609248185,0.138281273518942,3.09241653822384,-0.213880784648492,1.99620318850604,-29.1744582476909
110.615476023713,26.0225565525734,28.9307328664501,26.2766898812676,-2.6540429851825,28.4811260456788,26.481247573109,-0.458691020535582,2.44948529334104,-0.204557691841458,1.99987847256976,-29.1352905582915
110.653537426586,26.063935900739,28.8593167400217,26.227805466186,-2.63151127383573,28.4360016404385,26.427084252575,-0.363148351836038,2.43223248744669,-0.199278786389037,2.00891738786347,-29.0585955264108
110.7,26.1102896275681,28.7758896249698,26.8541135976904,-1.92177602727938,29.0285940919519,27.0086426582122,-0.898353030644124,1.76724696675758,-0.154529060521803,2.01995143373967,-28.9304186854916
110.786270112406,26.1723071089599,28.6305959007955,26.5536956502766,-2.07690025051891,28.7111730695303,26.7041867581198,-0.531879649159876,1.92640914267567,-0.150491107843241,2.00698631141054,-28.7810870086387
110.8,26.1815718306251,28.6085322033427,24.9060432298391,-3.7024889735036,27.054821001984,25.0498980896727,1.13167374095236,3.55863411367002,-0.143854859833574,2.00492291231131,-28.7523870631763
110.824718811986,26.1976910624285,28.5695092614531,25.3397112499195,-3.22979801153362,27.4934523304093,25.4891872782725,0.708503784155965,3.08032198318063,-0.149476028352989,2.00426505213682,-28.7189852898061
110.859151643426,26.2209055015177,28.5166423296627,25.4669809943687,-3.04966133529404,27.6202638736721,25.6169152081525,0.603990293365122,2.89972712151016,-0.149934213783879,2.00334866551956,-28.6665765434466
110.9,26.2521370185306,28.4561626888926,25.9907401432324,-2.46542254566029,28.1520667384817,26.1498052007335,0.102331817797129,2.30635748815919,-0.159065057501099,2.00226153774828,-28.6152277463937
110.964417054895,26.2834272374159,28.3654758005666,25.2341827331167,-3.13129306744985,27.3452187807424,25.3346537801595,0.948773457256454,3.03082202040708,-0.10047104704277,2.0105650005829,-28.4659468476093
111,26.299753854111,28.3174845831187,26.7995605966623,-1.51792398645634,28.9147450429865,26.8995933430783,-0.599839488967309,1.41789124004035,-0.100032746415991,2.01515169990814,-28.4175173295347
111.059378076111,26.3329734199556,28.2407754428262,26.6083054854644,-1.63246995736185,28.7324624490309,26.7210244586634,-0.388051038707772,1.51975098416285,-0.112718973198998,2.01143799036756,-28.3534944160252
111.1,26.3580761082429,28.1907750631449,25.5557996657204,-2.6349753974245,27.6985219463209,25.6896245910864,0.66845151715653,2.50115047205851,-0.133824925366,2.0088973552345,-28.3245999885109
111.156169289525,26.3877463342689,28.1249098235254,25.4924219566424,-2.63248786688303,27.5792478669822,25.566956403461,0.820789930807909,2.55795342006445,-0.0745344468185749,2.01229146352118,-28.199444270344
111.2,26.4036241829899,28.075708394581,26.415273479929,-1.66043491465203,28.5553236494097,26.5403836535875,-0.136759470597568,1.53532474099353,-0.125110173658495,2.01493999582222,-28.2008185682395
111.245044860542,26.4389840923597,28.027407826035,25.7068516786135,-2.32055614742145,27.8362352605994,25.824634328631,0.614349763728782,2.20277349740401,-0.117782650017439,2.01160093196844,-28.1451904760524
111.3,26.4923630894766,27.9718374991479,26.310351030984,-1.66148646816393,28.5109041301984,26.5033768864939,-0.0110137970173483,1.46846061265396,-0.193025855509969,2.00752724370446,-28.1648633546579
111.367542770764,26.5929032889466,27.9095867487529,26.9207276138158,-0.988859134937066,29.1870925855243,27.1719678421414,-0.579064553194733,0.73761890661153,-0.251240228325535,2.01512474338297,-28.1608269770784
111.4,26.6624857789412,27.8825004429403,25.6578307276247,-2.22466971531564,27.9334436770569,25.9146680057376,0.747817773203597,1.96783243720277,-0.256837278112876,2.01877567131935,-28.1393377210532
111.450570019791,26.7743929686336,27.8443904879381,26.5111370913822,-1.33325339655588,28.8010379573334,26.7836205638006,-0.00922759516693361,1.06076992413749,-0.272483472418386,2.01741739353282,-28.1168739603565
111.5,26.8996987936483,27.8121511908843,27.4714667955349,-0.340684395349392,29.7587600140824,27.7426702776156,-0.842971483967354,0.0694809132687055,-0.271203482080686,2.01608973646676,-28.083354672965
111.55282993414,27.0369243849596,27.783271113852,26.2797746724848,-1.50349644136728,28.6099173931519,26.5959196636906,0.441004721269003,1.18735145016141,-0.316144991205874,2.01399772946125,-28.0994161050579
111.6,27.1766797398892,27.7625903127462,28.0024495075739,0.239859194827662,30.3471950181947,28.3350651712102,-1.15838543132103,-0.572474858464027,-0.332615663636364,2.01212984698445,-28.0952059763826
111.660745439105,27.3698916586749,27.7433908274612,27.1960190179433,-0.547371809517823,29.5724779018209,27.564352704979,-0.19446104630412,0.179038122482122,-0.368333687035701,2.00812519684189,-28.1117245144969
111.7,27.5083035962712,27.735616329103,28.9802085662465,1.2445922371435,31.3759589807453,29.3704216453989,-1.86211804912775,-1.63480531629588,-0.390213079152378,2.00553733534638,-28.1258294082554
111.779675562115,27.7979326438284,27.7315911581238,28.2219753459472,0.490384187823373,30.5717958553474,28.5651942951262,-0.76726165129778,-0.833603137002338,-0.343218949178965,2.00660156022124,-28.0748101073028
111.8,27.8640317415226,27.7329150365077,26.2963192058856,-1.43659583062213,28.6315669374725,26.6246939041447,1.23933783737799,1.10822113236305,-0.328374698259083,2.0068730333278,-28.0612897347668
111.829104958142,27.9554284795128,27.7362747800574,28.6823953602525,0.946120580195061,31.00505217659,28.9917721182371,-1.03634363872428,-1.25549733817963,-0.30937675798457,2.01328005835293,-28.045651538042
111.875019884523,28.1010262754864,27.7449456943957,27.5335643123371,-0.21138138205864,29.8753570566296,27.8519695079684,0.249056767517917,-0.107023813572741,-0.318405195631382,2.0233875486612,-28.0633508900271
111.9,28.1815964347192,27.7514164480423,27.5277897642466,-0.223626683795686,29.8402040754085,27.8113175246802,0.370278910039019,-0.0599010766378534,-0.28352776043354,2.02888655072837,-28.0349442084759
111.930839621667,28.2779332032108,27.7610187521669,27.7632977300323,0.00227897786533404,30.0900981566277,28.0641207878115,0.213812415399303,-0.30310203564456,-0.300823057779226,2.02597736881621,-28.0618418099462
111.975791925943,28.4216754732074,27.7782022790905,27.9798021215587,0.201599842468212,30.2858051383177,28.2640682375567,0.15760723565068,-0.485865958466171,-0.284266115997958,2.02173690076104,-28.0624683950885
112,28.4950116719354,27.7889513664459,27.5253854858151,-0.2635658806308,29.8232506405921,27.8037973505684,0.691214321366964,-0.0148459841225126,-0.278411864753313,2.01945329002363,-28.0673632311992
112.034729319753,28.6000442185862,27.8060844229623,27.6410234492478,-0.165060973714464,29.9408675070873,27.9177131349854,0.68233108360079,-0.111628712023087,-0.276689685737551,2.02315437210193,-28.0827741086998
112.084189201607,28.7422222491662,27.8338341253404,26.189184186869,-1.64464993847141,28.4593570594749,26.4309317784228,2.31129047074344,1.40290234691762,-0.241747591553793,2.02842528105215,-28.0755817168942
112.1,28.7851026660139,27.843459327462,28.4332434330555,0.589784105593449,30.6822206555802,28.652110427544,0.132992238469921,-0.808651100081907,-0.218866994488458,2.03011022803621,-28.0623263219505
112.122071340554,28.8414136047584,27.8574431512646,27.9164044030784,0.0589612518137734,30.1620106146617,28.1348927962122,0.706520808546188,-0.277449644947556,-0.218488393133782,2.02711781844951,-28.0759315443984
112.150674943993,28.915300061513,27.8764761020664,29.3201309749377,1.44365487287126,31.5663768403166,29.543137068918,-0.627837007405052,-1.66666096685161,-0.223006093980356,2.02323977139859,-28.0994821960468
112.2,29.0358215411036,27.9116798442018,27.3796187008395,-0.53206114336226,29.5426847539554,27.5261324227737,1.50968911832993,0.385547421428114,-0.146513721934145,2.01655233118168,-28.0581935661359
112.251467990594,29.1354848968596,27.9507462133388,29.8019700574907,1.85122384415191,31.9701377044508,29.9556198806464,-0.820134983786794,-2.00487366730765,-0.153649823155735,2.01451782380438,-28.1043960364945
112.3,29.2206988950888,27.9893899364675,29.1938713764087,1.20448143994126,31.3142722960208,29.3016729215289,-0.0809740264400887,-1.31228298506143,-0.107801545120168,2.01259937449189,-28.0971914815876
112.362786265241,29.2932664906043,28.0408093148482,28.5823780107339,0.541568695885754,30.6645447141941,28.6566671002516,0.636599390352718,-0.615857785403421,-0.0742890895176664,2.00787761394251,-28.1150984043659
112.4,29.3258965264212,28.0715301515436,29.4289169399211,1.35738678837746,31.4707530773441,29.4656740745948,-0.139777548173569,-1.39414392305115,-0.0367571346736888,2.00507900274936,-28.1082872862173
112.456087330712,29.3599710540186,28.1176052593252,25.9625482686068,-2.1550569907184,28.0064605834301,25.9968867134436,3.36308434057503,2.12071854588164,-0.0343384448367559,2.00957386998656,-28.151943704162
112.5,29.3911556368469,28.1534270248216,30.3409366658515,2.18750964102994,32.3826537805416,30.3695607268825,-0.978405090035572,-2.21613370206085,-0.0286240610309143,2.01309305365918,-28.1820510858525
112.5566273387,29.4268391658583,28.1994404360506,28.9907303636464,0.791289927595844,30.9735380567848,28.9653955279174,0.461443637940949,-0.765955091866779,0.0253348357290655,2.00814252886744,-28.1741056003215
112.6,29.4283082683145,28.2340136456729,29.4199002934654,1.18588664779249,31.3787060248657,29.3743552587754,0.0539530095391534,-1.14034161310244,0.0455450346900435,2.00435076609029,-28.1884686109829
112.658411553351,29.4304361300719,28.2790423137449,30.2027101571764,1.92366784343155,32.1873168874902,30.1861394355261,-0.755703305454176,-1.90709712178118,0.0165707216503677,2.00117745196408,-28.2624715920945
112.7,29.4364479893042,28.3102049235416,28.5793190521327,0.269114128591116,30.5549300552747,28.556011971495,0.880436017809238,-0.245807047953399,0.0233070806377178,1.99891808377976,-28.2868978429039
112.75017056153,29.433299627139,28.3467486536207,32.5056981472825,4.15894949366176,34.4570957068817,32.4552920391646,-3.02199241202564,-4.10854338554386,0.0504061081178975,2.00180366771712,-28.2963425455028
112.8,29.4235757039484,28.381618065958,27.7804191076858,-0.601198958272203,29.7612073491145,27.7565377173166,1.66703798663175,0.625080348641351,0.0238813903691479,2.00466963179792,-28.3577366755888
112.853987138857,29.4263802988529,28.4179990862777,29.5924024729721,1.17440338669438,31.5950139426504,29.5786838153036,-0.152303516450662,-1.1606847290259,0.0137186576684805,2.01633012734684,-28.4042804286092
112.9,29.4281559768575,28.448154290517,31.8752006020832,3.42704631156615,33.8324034901641,31.8061352039535,-2.377979227096,-3.35798091343647,0.0690653981296734,2.02626828621057,-28.3790888923874
112.989639801034,29.4126145366005,28.5039161556322,30.1201987909272,1.61628263529499,32.062189783415,30.0493037317971,-0.636689195196634,-1.54538757616492,0.0708950591300628,2.0128860516179,-28.4330210965021
113,29.4090822911537,28.5100770099116,30.4624278468005,1.95235083688888,32.4057940912397,30.3944547031729,-0.985372412019164,-1.88437769326131,0.0679731436275688,2.01133938806675,-28.442103866284
113.023150889034,29.4030260433471,28.5236211463942,29.4019226795022,0.878301533107965,31.3421477923586,29.3342614565199,0.0687645868271893,-0.810640310125734,0.0676612229822311,2.00788633583862,-28.455959923412
113.051309380051,29.3964878465236,28.5396992662605,29.6083759556456,1.06867668938513,31.5539333797063,29.5502470009408,-0.153759154417155,-1.01054773468031,0.0581289547048236,2.00368637876546,-28.4815703115557
113.085222798786,29.3851023729353,28.55848356297,29.0322810583849,0.473797495414864,30.976914549246,28.9782864991675,0.406815873767854,-0.419802936197488,0.0539945592173758,1.99862805007853,-28.5044890037526
113.1,29.3808204048764,28.5664601288442,29.4947660628405,0.92830593399631,31.443795977772,29.4473720092518,-0.066551604375384,-0.880911880407613,0.0473940535886967,1.9964239685202,-28.5190660752555
113.122963356437,29.3765257451877,28.5786329718524,31.408000599921,2.82936762806864,33.3750681817371,31.3785927257402,-2.00206698055252,-2.79995975388782,0.0294078741808228,1.99647545599687,-28.5492250976716
113.15608188548,29.3713858443852,28.5957733727575,28.9472067691599,0.351433396402406,30.9216207291417,28.9250710161652,0.446314828220064,-0.329297643407692,0.0221357529947142,1.99654971297651,-28.5736376197628
113.2,29.3679407758607,28.6178356621464,30.3101815120198,1.69234584987338,32.268116404044,30.2714682197094,-0.90352744384861,-1.65363255756296,0.0387132923104154,1.99664818433469,-28.579122369836
113.266739874608,29.3609436068615,28.6498734700718,30.3998410224534,1.74996755238159,32.3895020054195,30.3874903276306,-1.02654672076909,-1.73761685755878,0.012350694822814,2.00201167778894,-28.637522775249
113.3,29.3705782574679,28.6653429825351,28.4999534728409,-0.165389509694247,30.5289290074974,28.5242444079225,0.846333849545339,0.141098574612599,-0.0242909350816483,2.00468459957485,-28.6896339176168
113.350367744709,29.3940531922612,28.6886946646895,31.1921151429799,2.50342047829038,33.2234480039793,31.2136838076373,-1.81963061537612,-2.52498914294779,-0.0215686646574085,2.00976419634196,-28.7102633293469
113.4,29.4217882913019,28.7117891151171,29.0050181462516,0.293229031134505,31.0385931454024,29.023823526543,0.397964764758886,-0.312034411425959,-0.0188053802914538,2.01476961885935,-28.7305944954085
113.458239730647,29.4557441549305,28.7390694706743,30.6289502328335,1.88988076215922,32.6835019855921,30.664546440867,-1.20880228593657,-1.92547697019272,-0.0355962080335033,2.0189555447251,-28.7746656787078
113.5,29.4926039708781,28.7589554938249,31.3414095741237,2.58245408029879,33.4258764668646,31.4039194420553,-1.91131547117713,-2.64496394823041,-0.0625098679316167,2.0219570248093,-28.8214653617565
113.546729404648,29.5442831994936,28.7819147544833,31.1046779694445,2.3227632149612,33.228523923427,31.2073446190732,-1.66306141957963,-2.42542986458994,-0.102666649628741,2.02117930435381,-28.884581404112
113.6,29.6251853829975,28.8094688051335,31.2109918877331,2.40152308259962,33.4186344660183,31.3983417475732,-1.77315636457573,-2.5888729424397,-0.187349859840083,2.02029271844513,-28.9968186649736
113.651524118319,29.7413966097925,28.8385601452204,29.1823178438221,0.343757698601724,31.4299296585623,29.4028769949572,0.338519614835338,-0.564316849736763,-0.220559151135038,2.02705266360508,-29.0591192963555
113.7,29.8685898307279,28.8688976318455,32.1768003325921,3.30790270074659,34.4231343702866,32.3897216890348,-2.52113185830685,-3.52082405718925,-0.212921356442656,2.03341268125183,-29.0818189882882
113.756190983995,30.0176189566327,28.9078759507628,30.2921531130691,1.38427716230639,32.5615710272972,30.5242598756687,-0.506640919035956,-1.61638392490594,-0.23210676259955,2.0373111516285,-29.1399827133623
113.8,30.1409647901048,28.9411683483709,28.8181461006398,-0.123022247731118,31.0828667803222,29.0425162060144,1.09844858409041,-0.101347857643493,-0.224370105374611,2.0403505743078,-29.1655384537455
113.870938718203,30.3189539159683,29.0000557912498,31.7019978331086,2.70194204185885,33.9323648973668,31.8912490764827,-1.57229516051436,-2.89119328523291,-0.189251243374056,2.04111582088415,-29.1893070346238
113.9,30.3923695820354,29.0257301269038,28.3626041401863,-0.663125986717493,30.5903000361411,28.5488707186649,1.84349886337057,0.476859408238948,-0.186266578478545,2.04142931747619,-29.2119967053824
113.942195768348,30.4904169065551,29.0645259601417,30.7448752029544,1.68034924281276,32.9349708395158,30.8930458435733,-0.402628937018214,-1.82851988343165,-0.148170640618883,2.04192499594252,-29.2126966007606
114,30.6146064180445,29.1200217696426,30.4901195755597,1.37009780591715,32.7039408895024,30.6613368607086,-0.0467304426641277,-1.54131509106606,-0.171217285148913,2.04260402879379,-29.2912390547915
114.072520950432,30.8001890427907,29.1939487679667,29.8581441930972,0.664195425130472,32.0798422512052,30.0342717370211,0.765917305769602,-0.840322969054423,-0.17612754392395,2.04557051418404,-29.3700763118907
114.1,30.8663038476977,29.2233269075435,31.317301791841,2.09397488429752,33.5271953767718,31.4805008260356,-0.614196978337915,-2.25717391849218,-0.163199034194662,2.04669455073617,-29.3865259417381
114.138606796253,30.9578000821658,29.2656947565496,29.9375663800288,0.671871623479152,32.1389090169825,30.0897118353708,0.868088246795089,-0.824017078821122,-0.152145455341969,2.04919718161172,-29.4178402118916
114.2,31.077877642838,29.3351676516993,28.9719708219218,-0.363196829777493,31.1265827653726,29.0734058562994,2.00447178653858,0.261761795399934,-0.101435034377559,2.05317690907317,-29.4366026860769
114.3,31.2222981595014,29.4512353499224,29.2997384251879,-0.151496924734467,31.3553319964362,29.2849946608138,1.93730349868756,0.166240689108587,0.0147437643741206,2.0703373356224,-29.4364915855483
114.4,31.3065220677777,29.5668640441186,30.0996407126736,0.532776668554998,32.1070008502784,30.0404167540503,1.26610531372744,-0.473552709931738,0.0592239586232601,2.06658409622809,-29.5076400854953
114.5,31.3094520616809,29.6779726728848,31.1356439932277,1.45767132034295,33.1103550060004,31.0456370159656,0.263815045715265,-1.36766434308083,0.0900069772621208,2.06471799003483,-29.5879656956226
114.6,31.276405048115,29.7813022504928,29.1641381389612,-0.617164111531523,31.0443462289942,28.9809530368596,2.29545201125537,0.800349213633176,0.183185102101653,2.06339319213466,-29.5981171483911
114.7,31.1162646083763,29.8722927970897,31.1267027945177,1.25440999742803,32.8171031465233,30.7590148998779,0.357249708498415,-0.886722102788255,0.367687894639779,2.05808824664533,-29.5046049024499
114.789935426102,30.81970595785,29.9357634938152,29.7642796672505,-0.171483826564689,31.3425621918417,29.2889657017913,1.53074025605871,0.646797792023886,0.475313965459197,2.05359649005043,-29.460449528356
114.8,30.7789870430289,29.9414630432027,31.5972084735055,1.65574543030274,33.1720003205375,31.1189064979913,-0.339919454962423,-1.17744345478857,0.478301975514174,2.05309382254622,-29.4631610676885
114.815272010819,30.7155512680524,29.9495209381441,29.0612778427001,-0.888243095444043,30.6201794808691,28.5673750200181,2.14817624803435,1.38214591812607,0.493902822682031,2.05280446085107,-29.4556181154621
114.838429826418,30.6179902145319,29.9603609011306,31.0498375902033,1.08947668907265,32.6239677474493,30.5716020621371,0.0463881523947833,-0.611241161006479,0.478235528066175,2.05236568531215,-29.4821253730645
114.870103465282,30.4836435515157,29.9725387838802,31.2385820231309,1.26604323925071,32.8074876327853,30.7557220739359,-0.272078522420266,-0.783183290055792,0.482859949194914,2.0517655588493,-29.4896788346852
114.9,30.3530259768219,29.9812278278254,31.0249055225576,1.04367769473223,32.5777373972699,30.526538293753,-0.173512316931092,-0.545310465927656,0.498367228804572,2.0511991035169,-29.4828605990208
114.944848945468,30.1504633083236,29.9891004124623,32.1605827201261,2.17148230766381,33.6963801164173,31.6371722188765,-1.48670891055294,-1.64807180641428,0.523410501249536,2.05920789754071,-29.4656899112127
115,29.8848667564132,29.9901464398771,27.615931741757,-2.37421469812001,29.1323896944814,27.0633333282347,2.82153342817849,2.92681311164236,0.55259841352235,2.06905636624667,-29.4375480263547
115.077305856385,29.4794935300837,29.974940877209,31.0132717772225,1.03833090001346,32.4830781035605,30.4000032327779,-0.920509702694247,-0.42506235556894,0.613268544444523,2.08307487078257,-29.3616723327645
115.1,29.3538952617237,29.9666635499974,29.2291558683814,-0.737507681615966,30.7065090601031,28.619318874258,0.734576387465758,1.34734467573942,0.609836994123455,2.0871901858451,-29.356826555874
115.133685187568,29.1662452411926,29.9511775482946,28.394393117943,-1.55678443035162,29.8553566560996,27.770884215063,1.39536102612957,2.18029333323161,0.623508902879991,2.0844724410366,-29.3276686454146
115.172096261905,28.9504912013816,29.9288660957014,29.2173026286109,-0.711563467090496,30.7080448255697,28.6266714172357,0.323819784145904,1.30219467846565,0.590631211375154,2.08137340833398,-29.3382348843262
115.2,28.7987798104701,29.909672822956,28.3627490854517,-1.54692373750434,29.8806988174067,27.8015767024399,0.997203108030178,2.10809612051608,0.561172383011744,2.0791221149668,-29.3485004399443
115.240821406983,28.5892019449239,29.8773861784548,30.804061560853,0.926675382398159,32.3934559496617,30.3130552531457,-1.72385330822173,-0.43566907469085,0.491006307707309,2.08040069651598,-29.3863798707475
115.291197872633,28.3531245934119,29.8315131760801,30.3700848457435,0.538571669663408,31.9760416611204,29.8940631057246,-1.54093851231266,-0.0625499296444971,0.476021740018911,2.08197855539578,-29.3554914360612
115.3,28.3127152734818,29.8228589396041,29.0521969267881,-0.770662012815933,30.671285499091,28.5890312491889,-0.276315975707067,1.23382769041515,0.463165677599221,2.0822542499021,-29.3596932620048
115.344010636836,28.1130478146625,29.7768922636019,28.0105616935089,-1.766330570093,29.6387252190059,27.5663603927095,0.546687421952956,2.21053187089234,0.444201300799335,2.07236482629638,-29.3326909628025
115.4,27.8857565456676,29.7124523049574,30.3563413928932,0.643889087935754,32.0711942745141,30.0114105551853,-2.12565400951765,-0.298958250227855,0.344930837707899,2.05978371932881,-29.3675214672495
115.5,27.5749462123047,29.5855822995803,28.4525112269054,-1.13307107267483,30.2835193834781,28.2073570936327,-0.632410881327964,1.37822520594757,0.245154133272738,2.0761622898454,-29.3404281663075
115.6,27.3360001008946,29.4493013533703,27.2003569823358,-2.24894437103457,29.1404977327333,27.0625835585028,0.27341654239185,2.38671779486758,0.137773423833004,2.07791417423054,-29.3115279295373
115.7,27.2242975116373,29.3103105317092,29.4258865685505,0.115576036841283,31.5281308757632,29.4525871990611,-2.22828968742376,-0.142276667351826,-0.0267006305105433,2.07554367670217,-29.3370111622198
115.8,27.2530773024608,29.177852493354,27.2537763976571,-1.9240760956969,29.4587015946675,27.3752774162582,-0.122200113797373,1.80257507709575,-0.121501018601144,2.08342417840933,-29.2993535119551
115.9,27.3668946330852,29.058558834042,27.3555107789902,-1.70304805505185,29.6206784511929,27.5382492934019,-0.171354660316634,1.52030954064013,-0.182738514411717,2.08242915779102,-29.2412973484537
116,27.5139154456552,28.9554846587247,26.11597156477,-2.83951309395477,28.3822372081007,26.2776687139606,1.23624673169458,2.67781594476417,-0.161697149190609,2.10456849414014,-29.1171818079154
116.1,27.6087958677297,28.8674870743135,27.1842235683544,-1.68326350595905,29.3041514810394,27.2071508036019,0.401645064127756,1.66033627071155,-0.0229272352474936,2.09700067743751,-28.890414309561
116.2,27.6473188352914,28.7882908702005,25.4766088906676,-3.31168197953286,27.6547082832247,25.5636793122383,2.0836395230531,3.22461155796214,-0.0870704215707185,2.09102897098634,-28.8753612917712
116.3,27.6926053989179,28.7170954622655,27.2192931423171,-1.49780231994836,29.37951365024,27.2743451616377,0.418260237280236,1.44275030062784,-0.0550520193205202,2.10516848860231,-28.772147481586
116.4,27.6727243597388,28.6519817307764,27.0334003296282,-1.61858140114816,29.0810962185999,26.9740040604622,0.698720299276644,1.67797767031421,0.0593962691660437,2.10709215813772,-28.5925854616104
116.5,27.5633913073568,28.5869480338591,27.2916472866014,-1.29530074725766,29.2029809091649,27.0785393753606,0.484851931996232,1.50840865849847,0.213107911240812,2.12444153380428,-28.3738401226183
116.6,27.322414167663,28.5147000998904,26.0788895363533,-2.43581056353711,27.8588277477345,25.7335452549619,1.58886891270111,2.7811548449285,0.345344281391391,2.12528249277266,-28.169355818499
116.7,26.9628528473494,28.4275011664424,25.8564146841276,-2.57108648231477,27.597951729294,25.4659444204938,1.49690842685554,2.96155674594856,0.390470263633794,2.13200730880013,-28.0370309028086
116.8,26.5915749995677,28.3224284623343,23.8198409393571,-4.50258752297715,25.5549390368603,23.4255063586334,3.16606864093429,4.89692210370092,0.394334580723772,2.12943267822689,-27.9280938816105
116.9,26.1627091155466,28.1988833549622,24.8754476018544,-3.32343575310783,26.5087454682083,24.3621380782523,1.80057103729427,3.83674527670994,0.513309523602103,2.14660738995605,-27.6855738313601
117,25.6364366838249,28.0524091065322,23.8318455977555,-4.22056350877671,25.4510610066516,23.3282783965475,2.30815828727742,4.72413070998465,0.50356720120794,2.12278261010405,-27.5488419053242
117.1,25.0735753817467,27.8807017647085,24.210495254031,-3.67020651067754,25.794274194887,23.6791911517999,1.39438422994677,4.20151061290861,0.531304102231072,2.11508304308706,-27.3493976624774
117.2,24.4893665780319,27.6830897487569,23.5568692540317,-4.12622049472528,25.1517275359466,23.0318325005074,1.45753407752447,4.6512572482495,0.525036753524216,2.11989503543918,-27.1580529952327
117.3,23.8871474685565,27.4606748012789,24.08385399043,-3.37682081084898,25.6325666708964,23.5029060605664,0.384241407990118,3.95776874071253,0.580947929863555,2.12966061033,-26.8797268714154
117.4,23.2327107769153,27.2122019886829,23.5636418859327,-3.64856010275021,25.1268546531442,22.9975940238908,0.235116753024528,4.2146079647921,0.566047862041891,2.1292606292534,-26.646154126641
117.5,22.5813016007374,26.9377751599343,24.13942190979,-2.7983532501443,25.760250276439,23.624187550244,-1.04288594950659,3.31358760969037,0.515234359546067,2.13606272619498,-26.4225408003883
117.6,21.9751171484822,26.6411021553595,22.6302949616862,-4.01080719367328,24.2330152062826,22.1004533247484,-0.125336176266188,4.54064883061116,0.529841636937878,2.13256188153425,-26.1112605184216
117.7,21.3499110198998,26.3237961883058,23.0964755853092,-3.22732060299663,24.7318312331799,22.593872445226,-1.24396142532623,3.72992374307977,0.502603140083142,2.13795878795387,-25.8211930482227
117.8,20.8032218480923,25.9892741528271,22.6643943169537,-3.32487983587344,24.3537843798293,22.2202790952788,-1.41705724718655,3.7689950575483,0.444115221674863,2.13350528455048,-25.5451589311523
117.9,20.260337872496,25.6410700381626,20.5877317136632,-5.05333832449944,22.4001065876365,20.2435091454944,0.0168287270015668,5.39756089266821,0.344222568168778,2.15659744214211,-25.2968474699939
118,19.8205100167547,25.2843607500424,20.9273791583736,-4.3569815916688,22.7088911578889,20.5504684795032,-0.729958462748431,4.73389227053924,0.376910678870448,2.15842267838572,-24.907450071172
118.1,19.3376274073089,24.9207388830367,19.7565216955928,-5.16421718744383,21.5876888035866,19.4255451132587,-0.0879177059498986,5.49519376977793,0.330976582334099,2.16214369032789,-24.5897623007026
118.2,18.9553254123484,24.5521945301429,18.5642606928222,-5.98793383732073,20.5268879845229,18.3609860143493,0.594339397999093,6.19120851579358,0.203274678472855,2.16590197017358,-24.3489198516701
118.3,18.6274474167992,24.1851578995872,18.2085607409534,-5.97659715863375,20.1893310978943,18.0032691662219,0.624178250577238,6.18188873336526,0.205291574731508,2.18606193167234,-23.9798663248557
118.4,18.3109826328552,23.8211754958888,18.8763963533468,-4.94477914254201,20.8348628686265,18.6481232438262,-0.337140610971005,5.1730522520626,0.22827310952059,2.18673962480022,-23.5929023863682
118.5,17.9735352939882,23.4594635991818,19.1177555490842,-4.34170805009764,21.0726650343049,18.8813205153956,-0.907785221407451,4.57814308378623,0.236435033688593,2.19134451890932,-23.2230285654932
118.6,17.6573385151085,23.0997512933963,18.2571028999216,-4.84264839347474,20.2537347710664,18.0787708688638,-0.421432353755335,5.02098042453249,0.178332031057757,2.17496390220257,-22.9214192623386
118.7,17.3509049493249,22.7433803828007,16.2337400323115,-6.50964035048919,18.2539166908097,16.0960693605062,1.25483558881867,6.64731102229452,0.137670671805335,2.15784733030351,-22.6057097109954
118.8,17.122138654277,22.3919028922484,17.3330503662922,-5.05885252595622,19.4832275251149,17.326382762519,-0.204244108242051,5.06552012972941,0.00666760377318809,2.15684476259588,-22.3852352884753
118.9,16.9778925115663,22.0514450474708,15.0691680041831,-6.98227704328769,17.2586416132006,15.078245049195,1.89964746237131,6.97319999827573,-0.00907704501195639,2.18039656400556,-22.0605220924827
119,16.8205161291525,21.7236048344344,17.112376340372,-4.61122849406242,19.2534412442866,17.0771129005006,-0.256596771348129,4.64649193393383,0.0352634398714144,2.17632834378601,-21.688341394563
119.1,16.6563963914595,21.4060561144653,15.432881059364,-5.9731750551013,17.5987247887986,15.4150560008294,1.24134039063005,5.99100011363587,0.0178250585345729,2.18366878796922,-21.3882310559307
119.2,16.5064985180366,21.0987414033345,15.8185927990351,-5.2801486042994,17.9933379231775,15.8049133660358,0.70158515200084,5.2938280372987,0.0136794329993091,2.18842455714169,-21.0850619703352
119.3,16.3376804093553,20.8013040261227,15.7962180080285,-5.00508601809422,17.8980946585252,15.7109845098812,0.626695899474145,5.09031951624153,0.0852334981473124,2.18711014864399,-20.7160705279754
119.4,16.1315351231594,20.5106531235108,15.2878885056282,-5.22276461788255,17.3517067613788,15.156665639163,0.974869483996324,5.35398748434772,0.131222866465178,2.19504112221581,-20.3794302570456
119.5,15.8691010997523,20.22386358421,16.214085557432,-4.00977802677796,18.191321232042,16.0103890403521,-0.141287940599812,4.21347454385789,0.203696517079926,2.18093219168998,-20.02016706713
119.6,15.529778594857,19.9360570001618,14.1261299435446,-5.80992705661718,16.0288019657982,13.8332210899767,1.69655750488027,6.10283591018511,0.292908853567928,2.19558087582155,-19.6431481465939
119.7,15.161689438877,19.643460989389,15.1006214843503,-4.54283950503872,17.0150480377277,14.8164993591389,0.345190079738117,4.82696163025005,0.284122125211324,2.19854867858873,-19.3593388641777
119.8,14.7442335674301,19.3452062276462,14.4575436019916,-4.88766262565463,16.2513864754165,14.0483416502329,0.695891917197144,5.29686457741331,0.409201951758678,2.2030448251836,-18.9360042758876
119.888004346988,14.2914868505886,19.0737672453446,15.0245719200858,-4.04919532525874,16.763463385985,14.575042114321,-0.283555263732353,4.49872513102356,0.44952980576482,2.18842127166395,-18.6242374395797
119.9,14.2238265816653,19.0359073269188,14.8865383867893,-4.14936894012947,16.6135235703715,14.4270955988095,-0.203269017144201,4.60881172810927,0.459442787979802,2.18642797156195,-18.576464538939
119.921250452689,14.1032887531645,18.9682545871533,12.8636429588709,-6.10461162828241,14.6092735297727,12.4199931233268,1.68329562983773,6.54826146382653,0.44364983554412,2.18928040644593,-18.5246047516092
119.947312415187,13.9614029711377,18.8843289535018,13.8260420280018,-5.05828692550004,15.5906799740375,13.3979012867754,0.56350168436229,5.48642766672636,0.428140741226322,2.19277868726201,-18.4561882122755
119.991348717156,13.7172928314339,18.7402710287541,14.417322378605,-4.32294865014915,16.1618952969523,13.9632056446047,-0.24591281317087,4.77706538414937,0.454116734000227,2.1986896523476,-18.2861542947539
120,13.6683411709865,18.7116229391101,13.9856602944932,-4.72596264461693,15.7216428175777,13.5217919089813,0.1465492620052,5.18983103012881,0.463868385511882,2.19985090859639,-18.2477545535983
120.014375101429,13.5857367999598,18.6637612309614,15.4341906219325,-3.22957060902889,17.1575654250029,14.9581017202822,-1.37236492032243,3.7056595106792,0.476088901650304,2.19946370472065,-18.1876723293111
120.035189034926,13.4634522437569,18.5938641057086,13.5554882461107,-5.03837585959799,15.2754503426235,13.0765472764319,0.38690496732503,5.51731682927677,0.478940969678783,2.19890306619164,-18.1149231360299
120.070835597882,13.2557545685954,18.4725144620548,13.2401685950568,-5.23234586699808,14.969067578419,12.7711246784843,0.48462989011108,5.7013897835705,0.469043916572415,2.19794289993463,-18.0034705454824
120.1,13.0890029663076,18.3717601173834,12.5525225592494,-5.81923755813396,14.3247301435315,12.1275728081085,0.961430158199116,6.24418730927488,0.424949751140925,2.197157335423,-17.9468103662425
120.13853713446,12.8737530706729,18.2368308947122,11.5481717676706,-6.68865912704169,13.2716592547967,11.0723949112504,1.80135815942244,7.16443598346181,0.475776856420122,2.19926434354628,-17.7610540382921
120.178241552137,12.6415468137099,18.0955297633163,13.556890182124,-4.5386395811922,15.2983884212849,13.0969532486994,-0.455406434989499,4.99857651461683,0.459936933424622,2.20143517258551,-17.6355928298916
120.2,12.5171428088042,18.0171205290698,11.5469114146606,-6.47020911440916,13.2957268387104,11.0931020284666,1.42404078033768,6.92401850060324,0.453809386194088,2.20262481024384,-17.5633111428757
120.228121285036,12.3554823807934,17.9148058268621,12.8286481283504,-5.0861576985117,14.5823744052145,12.3834534613817,-0.0279710805882498,5.53135236548044,0.445194666968735,2.19892094383277,-17.4696111598934
120.265928274845,12.1355282173032,17.7755216436771,13.3868976789165,-4.38862396476062,15.1348645115846,12.9409231424574,-0.805394925154186,4.8345985012197,0.445974536459081,2.19394136912725,-17.329547107218
120.3,11.9379976567288,17.6482898859699,12.4206534993449,-5.22763638662506,14.1863389566256,11.9968851889079,-0.0588875321791349,5.65140469706201,0.423768310436948,2.18945376771764,-17.224521575533
120.365165828643,11.5804100301932,17.4009788489806,13.6508344101449,-3.75014443883575,15.4578918413952,13.2679628908349,-1.68755286064163,4.13301595814577,0.382871519310017,2.18992895056035,-17.0181073296706
120.4,11.3943642318143,17.2669731361082,13.3665649479653,-3.90040818814297,15.1955386715472,13.0053557136195,-1.61099148180528,4.26161742248867,0.361209234345708,2.19018295792761,-16.9057639017625
120.443117229155,11.1790442210843,17.0996703551494,12.1506522739008,-4.9490180812486,14.0042205284385,11.8140534705325,-0.635009249448203,5.28561688461688,0.336598803368283,2.19016705790601,-16.7630715517811
120.5,10.8990588960391,16.8770076837026,11.9241721034221,-4.95283558028049,13.7884967795768,11.5983506979094,-0.69929180187024,5.27865698579319,0.325821405512698,2.19014608166744,-16.5511862781899
120.580176289775,10.5104398364529,16.5597300562596,12.461913993177,-4.09781606308255,14.3441565659941,12.1536273451855,-1.64318750873257,4.40610271107408,0.308286647991533,2.19052922080859,-16.251443408268
120.6,10.4189758228613,16.4807449520421,10.6544994936839,-5.82624545835818,12.561322478491,10.370698525944,0.0482772969172842,6.11004642609801,0.283800967739838,2.19062395254701,-16.1969439843022
120.646205816928,10.2237352909969,16.2962229831869,10.7507388765259,-5.54548410666106,12.7285664099387,10.549036533067,-0.32530124207012,5.74718645011989,0.20170234345883,2.17952987687163,-16.0945206397281
120.7,10.0336495706406,16.0816476883307,11.2209282980594,-4.86071939027136,13.2514528448526,11.0848390200621,-1.05118944942149,4.99680866826865,0.136089277997291,2.16661382479048,-15.9455584103334
120.76349551457,9.81916495359314,15.8298077592961,12.1247058174274,-3.70510194186864,14.1343248914092,11.971309539231,-2.15214458563784,3.85849822006509,0.15339627819645,2.16301535217825,-15.6764114810996
120.8,9.6983895299008,15.6856903095816,10.1504194045937,-5.53527090498794,12.2076400402138,10.0466935017453,-0.348303971844453,5.63899680783638,0.103725902848446,2.16094653846858,-15.5819644067332
120.861554033562,9.53017186364967,15.4445134374088,10.667991329799,-4.77652210760979,12.8179761184481,10.6525909238763,-1.12241906022666,4.7919225135325,0.0154004059227155,2.16538519457173,-15.4291130314861
120.9,9.45701309356384,15.2958461622865,10.8454028953817,-4.45044326690475,13.0186566698448,10.8504991399167,-1.39348604635283,4.4453470223698,-0.00509624453495583,2.16815752992809,-15.3009424068214
120.942223845497,9.38567366011898,15.1348643758984,9.95915244153891,-5.17571193435951,12.1482819486144,9.9811759447885,-0.595502284669513,5.15368843110992,-0.022023503249585,2.16710600382593,-15.156887879148
120.990359578139,9.30854332630285,14.9543893451509,11.8234356870565,-3.13095365809435,14.0433247515737,11.8774175011708,-2.56887417486792,3.07697184398008,-0.0539818141142678,2.16590725040296,-15.0083711592651
121,9.2952360804868,14.918650171494,6.83836920610902,-8.08028096538493,9.06199724203939,6.8963300729247,2.3989060075621,8.02232009856926,-0.0579608668156757,2.16566716911469,-14.9766110383096
121.021620467429,9.26561504241655,14.8390134380005,11.1517893606754,-3.68722407732509,13.3808657542394,11.2155193312211,-1.94990428880455,3.62349410677941,-0.0637299705456797,2.16534642301834,-14.9027434085462
121.053396104127,9.2276685528639,14.7233093025469,11.0756368736407,-3.64767242890623,13.2995357934097,11.1346607714591,-1.9069922185952,3.58864853108784,-0.0590238978183883,2.16487502195065,-14.7823332003653
121.088850894636,9.18413378738216,14.5960858465571,10.018606725143,-4.57747912141408,12.2451567801239,10.0808077405873,-0.896673953205191,4.51527810596972,-0.0622010154443693,2.16434903953653,-14.6582868620014
121.1,9.17061170350016,14.5564824713189,8.69429442453784,-5.86218804678108,10.9289931269737,8.76480948774759,0.405802215752564,5.79167298357133,-0.0705150632097542,2.16418363922615,-14.6269975345287
121.120599105177,9.14733939320392,14.4838197159398,11.3372089685716,-3.14661074736827,13.5912580510908,11.4303429191043,-2.28300352590037,3.05347679683555,-0.0931339505327191,2.16091513198656,-14.5769536664726
121.147911717944,9.12126992547344,14.3885479919816,9.04031968262437,-5.34822830935725,11.2917863725509,9.13520499544305,-0.0139350699696106,5.25334299653857,-0.0948853128186826,2.15658137710788,-14.4834333048003
121.2,9.07558384208899,14.210317039173,9.31267574817661,-4.89764129099634,11.5609058248406,9.41258941485307,-0.337005572764083,4.79772762431988,-0.0999136666764606,2.14831640998752,-14.3102307058494
121.267840382938,9.00154466278458,13.9846797417933,8.52109581585805,-5.46358392593521,10.7027045752396,8.54646864731074,0.455076015473837,5.43821109448252,-0.0253728314526924,2.15623592792888,-14.010052573246
121.3,8.95406594933075,13.8798495695487,9.90649872964796,-3.9733508399007,12.0930076540332,9.93301749222061,-0.97895154288986,3.94683207732804,-0.0265187625726551,2.15999016181254,-13.9063683321213
121.356705116073,8.87655183727625,13.6979644933463,8.92892454838173,-4.76903994496456,11.1723028386688,9.01367121518542,-0.137119377909169,4.68429327816087,-0.0847466668036905,2.15863162348334,-13.78271116015
121.4,8.83541480917403,13.5620049653677,9.79600676800951,-3.76599819735823,12.0148657347824,9.85727136795859,-1.02185655878456,3.70473359740915,-0.0612645999490748,2.15759436682385,-13.6232695653168
121.459227807274,8.78735832337638,13.3802814697659,10.0296657430817,-3.35061572668423,12.3366610526703,10.1811878591869,-1.39382953581053,3.19909361057899,-0.151522116105234,2.1554731934834,-13.5318035858711
121.5,8.77945263217827,13.2586163287543,8.64012015214469,-4.61849617660957,10.9296743369337,8.77566135094777,0.00379128123050521,4.48295497780649,-0.135541198803077,2.15401298598591,-13.3941575275573
121.558100791815,8.77468965386297,13.0904346853655,9.71676654089794,-3.37366814446761,12.0619723473646,9.90824868697712,-1.13355903311415,3.18218599838843,-0.191482146079174,2.15372366038748,-13.2819168314447
121.6,8.78909359151836,12.9732872193977,7.51413776000989,-5.45914945938779,9.85844668004201,7.70493166592429,1.08416192559406,5.26835555347339,-0.190793905914405,2.15351501411772,-13.1640811253121
121.651921794817,8.81429854941838,12.8331302516483,8.43578513533835,-4.3973451163099,10.8130020683441,8.65350547528791,0.160793074130465,4.17962477636034,-0.217720339949565,2.15949659305614,-13.0508505915978
121.7,8.85233836892666,12.708534086095,7.05323621170648,-5.65529787438857,9.4847923937025,7.31975701716384,1.53258135176282,5.38877706893121,-0.26652080545736,2.16503537653866,-12.9750548915524
121.74983970814,8.90639860994574,12.5850349561818,8.80892871540966,-3.77610624077215,11.2076869207929,9.03835836692219,-0.13195975697645,3.54667658925962,-0.229429651512534,2.16932855387073,-12.8144646076943
121.8,8.9549762188288,12.4664052852363,9.78027715183512,-2.68612813340122,12.1783084273774,10.0046590811904,-1.04968286236155,2.46174620404599,-0.224381929355234,2.17364934618708,-12.6907872145916
121.858717020628,9.02318982499916,12.3345556743068,9.74643849607849,-2.58811717822829,12.183174211597,10.006579774781,-0.983389949781857,2.32797589952577,-0.260141278702523,2.17659443681599,-12.5946969530093
121.9,9.07680327092881,12.2465826845703,7.97595864034008,-4.27062404423022,10.3760112935735,8.19734621157862,0.879457059350189,4.04923647299168,-0.221387571238541,2.17866508199488,-12.4679702558088
121.953750954405,9.12721022925669,12.1373945936416,6.31267328589163,-5.82472130774999,8.66517020953372,6.48904416248378,2.6381660667729,5.64835043115784,-0.176370876592159,2.17612604704994,-12.3137654702338
122,9.15392367829461,12.0476141552354,6.96674355553938,-5.08087059969601,9.28463758279702,7.11069620287041,2.0432274754242,4.93691795236498,-0.143952647331028,2.1739413799266,-12.1915668025664
122.081285092341,9.12893843195305,11.8968301680888,8.80504436695857,-3.09178580113019,10.9580313210735,8.79478650692344,0.334151925029609,3.10204366116533,0.010257860035134,2.16324481415007,-11.8865723080536
122.1,9.10821009304215,11.8628326397201,7.09581384093548,-4.76701879878462,9.23776734572405,7.07698528624412,2.03122480679803,4.78584735347597,0.0188285546913578,2.16078205947993,-11.8440040850287
122.136890886348,9.06126844361645,11.7962355381047,8.89375189611881,-2.90248364198588,10.9967625370569,8.83339237882305,0.227876064793399,2.96284315928164,0.0603595172957565,2.16337015823387,-11.7358760208089
122.2,8.95277257272456,11.6828618161041,7.88429286044529,-3.79856895565881,9.93857419991853,7.77077658995958,1.18199598276499,3.91208522614453,0.113516270485719,2.16779760995896,-11.5693455456184
122.3,8.72130396569612,11.5018306954359,8.88276204643818,-2.6190686489977,10.886697945497,8.72548694390514,-0.00418297820902858,2.77634375153073,0.157275102533033,2.16121100159185,-11.3445555929028
122.4,8.44369288739282,11.3161185738213,8.60293667630238,-2.71318189751889,10.5607326421256,8.41028850787808,0.0334043795147441,2.90583006594319,0.1926481684243,2.15044413424757,-11.123470405397
122.5,8.16292311836244,11.1240087063561,6.62140850755993,-4.50260019879621,8.61990487876169,6.46758444093226,1.69533867743018,4.65642426542388,0.153824066627669,2.15232043782943,-10.9701846397285
122.6,7.87816346503304,10.9264952352494,7.7172780478567,-3.2092171873927,9.6597516865892,7.52432706157108,0.353836403461956,3.40216817367832,0.192950986285616,2.13542462501812,-10.7335442489638
122.7,7.52361393574388,10.7214824940465,6.50981549270957,-4.21166700133689,8.3814878221232,6.23064073393078,1.2929732018131,4.49084176011568,0.279174758778794,2.15084708819243,-10.4423077352677
122.8,7.10824203485281,10.5046241800258,6.95627560257167,-3.54834857745415,8.80248711766252,6.64637335445855,0.461868680394261,3.85825082556727,0.309902248113122,2.15611376320396,-10.1947219319127
122.9,6.69822755832584,10.2753480147663,8.94242400804884,-1.33292400671749,10.7485723426527,8.59150026878796,-1.89327271046213,1.68384774597836,0.350923739260878,2.15707207386469,-9.92442427550545
123,6.23446696154053,10.0327488423995,6.29911350735078,-3.73363533504872,8.12028342758,5.96023209324977,0.274234868290759,4.07251674914972,0.338881414101006,2.16005133433023,-9.69386742829849
123.1,5.78882128929033,9.77645755643185,6.284161874792,-3.49229568163985,8.13662709626859,5.96228739544167,-0.173466106151335,3.81417016099018,0.321874479350329,2.17433970082692,-9.45458307708152
123.2,5.34056460192078,9.50860027437485,5.26953898345477,-4.23906129092008,7.05866539740684,4.87407205985266,0.466492542068119,4.63452821452219,0.395466923602107,2.18459333755417,-9.11313335077275
123.3,4.87430583362054,9.22779482976823,5.71360099597894,-3.51419383378929,7.598226958494,5.40905253873536,-0.534746705114814,3.81874229103287,0.304548457243578,2.18917441975865,-8.92324637252465
123.4,4.51434693051038,8.93840195849622,4.56661864881188,-4.37178330968434,6.56340672359803,4.37474138182829,0.139605548682088,4.56366057666793,0.191877266983592,2.18866534176974,-8.74652469151263
123.5,4.24763586969275,8.64761546092148,6.75514304829843,-1.89247241262305,8.84496400900418,6.65427523777703,-2.40663936808428,1.99334022314445,0.1008678105214,2.19068877122715,-8.54674765040008
123.6,4.04406187734475,8.36108331456925,5.79699903233244,-2.56408428223681,7.87121639901074,5.67587021308781,-1.63180833574307,2.68521310148144,0.121128819244623,2.19534618592293,-8.23995449532463
123.7,3.85380346962244,8.07938978700485,7.0494109684048,-1.02997881860006,9.2808522728703,7.08626207397843,-3.23245860435598,0.993127713026427,-0.0368511055736302,2.19459019889187,-8.11624089257849
123.789468348556,3.81743477774391,7.83645488670289,5.51013248830782,-2.32632239839507,7.82366188980761,5.61432774017185,-1.79689296242793,2.22212714653104,-0.104195251864032,2.20933414963576,-7.94065013856692
123.8,3.81797679402152,7.80870462630901,4.1891643275063,-3.61954029880271,6.50230542275332,4.29123570794126,-0.473258913919738,3.51746891836775,-0.102071380434956,2.21106971481206,-7.91077600674396
123.816597678184,3.81969205230863,7.76536924679263,5.22661655146629,-2.53875269532634,7.55362325583408,5.34223905715492,-1.52254700484628,2.42313018963771,-0.115622505688628,2.21138419867916,-7.88099175248126
123.855357137364,3.82757462908135,7.6661176591312,7.37776763658188,-0.288350022549322,9.70644905324645,7.4943304612097,-3.66675583212835,0.171787197921494,-0.116562824627828,2.21211859203675,-7.78268048375903
123.9,3.83429033164294,7.55511167258541,7.05583366062553,-0.499278011959873,9.39334974222766,7.18038528127332,-3.34609494963038,0.374726391312086,-0.124551620647788,2.21296446095434,-7.67966329323319
123.947518473507,3.85499108153053,7.44092533004095,4.09011955838358,-3.35080577165737,6.41560813910087,4.20500113026859,-0.350010048738062,3.23592419977236,-0.114881571885012,2.21060700883228,-7.55580690192596
124,3.87526794428866,7.31954216603608,5.18880751206975,-2.13073465396633,7.52481368159038,5.31681034827347,-1.44154240398481,2.00273181776261,-0.128002836203724,2.20800333331691,-7.4475450022398
124.1,3.89732739105803,7.10129975938427,3.48141032644987,-3.61988943293439,5.74985897452887,3.52262596103331,0.374701430024712,3.57867379835095,-0.041215634583442,2.22723301349555,-7.14251539396771
124.2,3.86289003105558,6.89628362230894,4.13748531803151,-2.75879830427743,6.38011415195422,4.14852488228306,-0.285634851227483,2.74775874002587,-0.0110395642515568,2.23158926967115,-6.90732318656049
124.3,3.8320228892591,6.70211327210344,4.34598218111258,-2.35613109099086,6.59133312355871,4.36123677175811,-0.529213882499007,2.34087650034533,-0.015254590645533,2.2300963518006,-6.71736786274897
124.4,3.83473591261534,6.51916024327631,4.57305620308208,-1.94610404019423,6.85076030746867,4.62562741861924,-0.790891506003902,1.89353282465707,-0.0525712155371583,2.22513288884943,-6.57173145881347
124.5,3.82898368504435,6.34799378194626,4.57777513641999,-1.77021864552627,6.88354460350184,4.65963698715633,-0.830653302111976,1.68835679478993,-0.08186185073634,2.22390761634551,-6.4298556326826
124.6,3.86186286938104,6.18868290865391,4.94001592575308,-1.24866698290083,7.2160186110512,5.00314938760345,-1.14128651822241,1.18553352105046,-0.0631334618503683,2.21286922344775,-6.25181637050428
124.7,3.88207191234504,6.04074456045178,3.23428471726986,-2.80645984318192,5.62633357448167,3.4159419238236,0.466129988521441,2.62480263662818,-0.181657206553742,2.21039165065807,-6.22240176700552
124.786617070397,3.97815918644184,5.92390710281005,3.10701155267583,-2.81689555013422,5.46676740196594,3.26619736427418,0.711961822167654,2.65770973853586,-0.159185811598352,2.20057003769176,-6.0830929144084
124.8,3.99031081739161,5.90690434552148,2.97853887145639,-2.92836547406509,5.32519011441272,3.12613758307753,0.864173234314077,2.78076676244395,-0.147598711621139,2.19905253133519,-6.05450305714262
124.819215507065,4.00535798659588,5.88292217515194,2.56689878882281,-3.31602338632913,4.90604992154346,2.70695024836217,1.2984077382337,3.17597192678976,-0.140051459539365,2.19909967318129,-6.0229736346913
124.857919896046,4.02545314178841,5.8360173427022,3.32058353935621,-2.515433803346,5.59411360832092,3.39491898077062,0.630534161017792,2.44109836193158,-0.0743354414144135,2.1991946275503,-5.91035278411662
124.9,4.03289558261729,5.78668445308356,1.6596362817433,-4.12704817134026,3.91602379382536,1.71672593018675,2.31616965243054,4.06995852289682,-0.057089648443448,2.19929786363861,-5.84377410152701
124.950597591451,4.02919571354057,5.72918180580425,1.8313534097164,-3.89782839608785,4.09840459138569,1.89197222061828,2.13722349292229,3.83720958518597,-0.0606188109018797,2.20643237076741,-5.78980061670613
125,4.01841742353193,5.67470976137243,1.82641230574874,-3.8482974556237,4.04564265015662,1.83224429887772,2.18617312465421,3.84246546249471,-0.00583199312898319,2.2133983512789,-5.68054175450142
125.08638174682,3.9824983993038,5.58210381564902,1.18038756948159,-4.40171624616744,3.41741265291423,1.2102337103958,2.772264688908,4.37187010525322,-0.0298461409142121,2.20717894251843,-5.61194995656324
125.1,3.98024215262754,5.56782592917251,3.96797265653425,-1.59985327263826,6.19780877657108,3.99161033614071,-0.011368183513174,1.5762155930318,-0.0236376796064643,2.20619844043037,-5.59146360877897
125.137340592138,3.96557531668682,5.52915695154176,3.17591118368846,-2.35324576785329,5.36363909771107,3.1611784229674,0.804396893719419,2.36797852857436,0.0147327607210652,2.20246067474367,-5.51442419082069
125.183341803227,3.92178243990756,5.48196831304764,1.50499464647558,-3.97697366657205,3.61908820360905,1.42123221611081,2.50055022379676,4.06073609693683,0.0837624303647773,2.19785598749824,-5.39820588268286
125.2,3.90031527922955,5.46484467983048,4.32340164389526,-1.14144303593521,6.43724871181295,4.24106019750505,-0.340744918275507,1.22378448232543,0.0823414463902106,2.1961885143079,-5.38250323344027
125.227222585292,3.86220108733744,5.43674889632275,2.34427693416755,-3.09247196215519,4.4160634049828,2.2183843128145,1.64381677452294,3.21836458350824,0.12589262135305,2.1976790921683,-5.3108562749697
125.258356789302,3.80624864892624,5.40426731289185,1.39557925237044,-4.00868806052141,3.44355109392223,1.24416724246309,2.56208140646315,4.16010007042875,0.151412009907348,2.19938385145913,-5.2528553029845
125.3,3.71833947450439,5.35992259474173,2.72310127322516,-2.63682132151656,4.73717857618628,2.5355145427666,1.18282493173779,2.82440805197513,0.187586730458565,2.20166403341968,-5.17233586428316
125.36331725256,3.54740200589152,5.28959694165888,2.78275735932141,-2.50683958233747,4.73766580385443,2.52013744510505,1.02726456078647,2.76945949655383,0.262619914216361,2.21752835874938,-5.02697702744252
125.4,3.43590372189933,5.24673998194591,2.0073246011549,-3.23941538079101,3.92885376617229,1.70213443630753,1.7337692855918,3.54460554563838,0.305190164847372,2.22671932986476,-4.94154981709854
125.446975480302,3.27822811633209,5.18925006634253,1.93907145266798,-3.25017861367455,3.8398313859107,1.62031092817584,1.65791718815625,3.56893913816669,0.318760524492144,2.21952045773486,-4.87048954185039
125.5,3.10303421631527,5.12066039216809,1.77105247468923,-3.34960791747886,3.71762865335292,1.50623406755398,1.59680014876128,3.61442632461411,0.264818407135251,2.21139458579894,-4.85584198503284
125.553972147671,2.93877396664677,5.04734136264059,2.9942715075934,-2.05306985504719,4.97203429870384,2.7602262941246,0.178547672522168,2.28711506851598,0.234045213468796,2.21180800457923,-4.81329614917179
125.6,2.79683936120248,4.98239219337267,3.0290740857688,-1.95331810760387,4.94711944330317,2.73495887208743,0.0618804891150537,2.24743332128524,0.294115213681375,2.21216057121575,-4.68827697969129
125.678787912069,2.52038931423719,4.86503097754583,4.04326373040295,-0.821767247142874,5.94320689884441,3.73353820968837,-1.21314889545118,1.13149276785746,0.309725520714583,2.20966868915604,-4.55530545683124
125.7,2.44411221565806,4.83200592439689,-0.344022152398976,-5.17602807679586,1.55939170413529,-0.649606095032998,3.09371831069106,5.48161201942989,0.305583942634022,2.20899779916828,-4.52642198176287
125.730141764101,2.33478298088423,4.78404173613955,3.65577115931772,-1.12827057682183,5.55779581541201,3.34559300382206,-1.01081002293783,1.43844873231749,0.31017815549566,2.21220281158995,-4.47386358064389
125.777056963744,2.1668091677871,4.70699632524708,2.37652013554702,-2.33047618970006,4.32394865374246,2.10675728882447,0.0600518789626263,2.6002390364226,0.269762846722544,2.21719136491799,-4.43723347852453
125.8,2.0901951772508,4.66837071532517,2.53032528576773,-2.13804542955744,4.45805072141608,2.23841979403766,-0.14822461678686,2.42995092128751,0.29190549173007,2.21963092737842,-4.3764652235951
125.834197749674,1.97401547642325,4.60970586321568,1.1130747428393,-3.49663112037637,3.05148946767096,0.830844180779511,1.14317129564374,3.77886168243617,0.282230562059793,2.22064528689145,-4.32747530115588
125.886984183201,1.78841173002055,4.51659787776458,2.47428083876951,-2.04231703899507,4.3913291916685,2.16911817540838,-0.380706445387825,2.34747970235621,0.305162663361139,2.22221101626012,-4.21143521440345
125.9,1.74142555013291,4.49313404888662,2.62845625070928,-1.86467779817734,4.54749708001045,2.32489999397335,-0.583474443840442,2.16823405491327,0.303556256735929,2.2225970860371,-4.18957779215069
125.924984289025,1.65130681915673,4.44753936092964,0.970017405831701,-3.47752195509794,2.87256268579223,0.654707075068842,0.996599744087883,3.7928322858608,0.315310330762859,2.21785561072338,-4.13222903016678
125.955450734895,1.53997022255109,4.39091557875447,2.32543780900754,-2.06547776974693,4.27965372700497,2.06757998587355,-0.527609763322455,2.32333559288092,0.257857823133992,2.21207374113143,-4.13305775562048
125.990891092226,1.42799219950366,4.32389058550558,1.36836427655963,-2.95552630894596,3.35326940345165,1.14792147225743,0.28007072724623,3.17596911324815,0.220442804302193,2.20534793119422,-4.10344778120339
126,1.40033421456259,4.30650458810988,1.72377378912449,-2.58273079898539,3.70708168417232,1.50346242579735,-0.10312821123476,2.80304216231253,0.220311363327136,2.20361925837497,-4.08619322478275
126.01652844491,1.349797654624,4.27480045767211,3.79231702955188,-0.482483428120229,5.76207031542848,3.556178951687,-2.206381297063,0.718621505985111,0.236138077864882,2.20589136374148,-4.03866237980723
126.038688836291,1.28200103388477,4.2319652585639,2.23610974908992,-1.99585550947398,4.22740050719635,2.01846283483613,-0.736461800951359,2.21350242372776,0.217646914253788,2.20893767236022,-4.01431834431011
126.084101151457,1.14942609168127,4.14318452313467,0.31445590388063,-3.82872861925404,2.28513869534366,0.0699583567460158,1.07946773493526,4.07322616638866,0.244497547134615,2.21518033859765,-3.89868697600006
126.1,1.09951872101708,4.11177043103943,-0.486224294990978,-4.59799472603041,1.49735511274282,-0.720010782892562,1.81952950390964,4.83178121393199,0.233786487901584,2.21736589563538,-3.87798394313785
126.123781308199,1.02633445358139,4.06443357939252,0.550310710328866,-3.51412286906366,2.5430805213327,0.323929693194189,0.702404760387197,3.74050388619833,0.226381017134678,2.21915082813851,-3.83805256225784
126.161756876346,0.914035639449686,3.98805804002912,0.735838986612829,-3.25221905341629,2.75518580002751,0.533184673438544,0.380850966011142,3.45487336659057,0.202654313174285,2.22200112658897,-3.78540372685483
126.2,0.812211525934407,3.91039053857935,2.4006969155825,-1.50969362299685,4.43253265571426,2.20766114899901,-1.3954496230646,1.70272938958035,0.193035766583497,2.22487150671526,-3.71735477199585
126.244955666111,0.693915263237535,3.8183843022686,2.04824258670248,-1.77014171556611,4.06383373334444,1.83269553783919,-1.13878027460166,1.9856887644294,0.21554704886329,2.23113819550525,-3.60283725340531
126.3,0.551436428247347,3.70463395481177,2.19306840855486,-1.51156554625691,4.25927784944371,2.02046663427306,-1.46903020602571,1.68416732053871,0.1726017742818,2.23881121517065,-3.53203218052997
126.362569446215,0.4171490469834,3.57464540919382,1.77433797865467,-1.80030743053915,3.88827017312925,1.63996528236072,-1.22281623537732,1.9346801268331,0.134372696293952,2.24830489076853,-3.44027271289987
126.4,0.348538774576023,3.49697394096782,1.34607747995372,-2.1508964610141,3.49371175483531,1.23972751805068,-0.891188743474658,2.25724642291714,0.106349961903036,2.25398423678463,-3.39062397906478
126.45667466594,0.268909979554923,3.38023208295548,1.41401862618962,-1.96621345676586,3.58582274189483,1.33914174650957,-1.07023176695465,2.04109033644591,0.0748768796800512,2.24668099538526,-3.30535520327543
126.5,0.211885666470282,3.2919772925337,1.40561409553653,-1.88636319699717,3.59373181405591,1.35263383125846,-1.14074816478817,1.93934346127525,0.0529802642780779,2.24109798279746,-3.23899702825563
126.56268785605,0.149947221238341,3.16614071377464,2.32455381388992,-0.841586899884716,4.56423565453729,2.32200280974134,-2.172055588503,0.844137904033297,0.002551004148581,2.24223284479595,-3.16358970962605
126.6,0.121963139728777,3.09266712807234,1.04085364580783,-2.05181348226451,3.27181392601938,1.02890560535109,-0.90694246562231,2.06376152272125,0.011948040456746,2.24290832066829,-3.08071908761559
126.650348142963,0.0902389661577183,2.99533177998807,0.862501137115799,-2.13283064287227,3.09825586155766,0.857328444171273,-0.767089478013554,2.1380033358168,0.00517269294452638,2.24092741738639,-2.99015908704354
126.7,0.0548419584982964,2.90137517208179,-0.0875760298038379,-2.98895120188563,2.16818065659268,-0.0707932522674816,0.125635210765778,2.97216842434927,-0.0167827775363564,2.23897390886016,-2.91815794961815
126.77515833384,0.0296359808544114,2.76333169593955,1.31378970328365,-1.4495419926559,3.58912572859496,1.34879135766586,-1.31915537681144,1.41454033827369,-0.0350016543822009,2.24033437092911,-2.79833335032175
126.8,0.0228238020405895,2.71895661682877,0.957343701796628,-1.76161291503214,3.23321710122192,0.992433064330127,-0.969609262289537,1.72652355249864,-0.0350893625334986,2.24078403689179,-2.75404597936227
126.832395466202,0.015484236386084,2.66201400424284,-0.000961192534167044,-2.662975196777,2.28403027528698,0.0438527655199861,-0.0283685291339021,2.61816123872285,-0.0448139580541531,2.240177509767,-2.70682796229699
126.874965706692,0.013665880084806,2.58887656340056,-1.41717173227096,-4.00604829567152,0.872873791264683,-1.3665066932209,1.38017257330571,3.95538325662146,-0.0506650390500574,2.23938048448559,-2.63954160245061
126.9,0.010775555742715,2.5467796807797,-0.297198877581129,-2.84397855836083,2.00932890507692,-0.229582872527064,0.240358428269779,2.77636255330676,-0.0676160050540641,2.23891177760399,-2.61439568583376
126.928221501773,0.0126023137209656,2.50014116676304,0.363549726557865,-2.13659144020518,2.67125351801864,0.431172082914814,-0.418569769193849,2.06896908384823,-0.0676223563569495,2.24008143510383,-2.56776352311999
126.979954920347,0.0247582695733577,2.41704445268897,0.366935165773871,-2.0501092869151,2.697249671559,0.455024113101479,-0.430265843528121,1.96202033958749,-0.0880889473276079,2.24222555845752,-2.50513340001658
127,0.0298763944397641,2.38573371442645,-1.40338541684808,-3.78911913127453,0.931905312051902,-1.31115102706142,1.34102742150118,3.69688474148787,-0.0922343897866651,2.24305633911332,-2.47796810421312
127.028296966541,0.0395724039313804,2.34236441639265,1.9134723415123,-0.428892074880345,4.25526943049118,2.00670739407561,-1.96713499014423,0.335657022317039,-0.0932350525633057,2.24856203641558,-2.43559946895595
127.075693468421,0.0615362835338682,2.27201200864278,-1.33051331647184,-3.60252532511462,1.00646140248561,-1.25132249847729,1.31285878201116,3.52333450712007,-0.0791908179945477,2.2577839009629,-2.35120282663732
127.1,0.0712230538650235,2.23702102398439,0.355497727674188,-1.8815232963102,2.68305012063559,0.420536935169857,-0.349313881304834,1.81648408881453,-0.065039207495669,2.26251318546573,-2.30206023148005
127.128481917244,0.0786543805665739,2.19688083648715,-0.475551841998487,-2.67243267848564,1.86058659484031,-0.40343287815709,0.482087258723664,2.60031371464424,-0.0721189638413967,2.2640194729974,-2.26899980032855
127.162406027144,0.0853265100044202,2.15022306304326,-0.584140647087759,-2.73436371013102,1.71443968038156,-0.551373894583361,0.636700404587781,2.70159695762662,-0.0327667525043989,2.26581357496492,-2.18298981554766
127.2,0.0840934960347743,2.0997735252645,-0.814207944586335,-2.91398146985083,1.45969929768974,-0.808102462694548,0.892195958729322,2.90787598795904,-0.00610548189178728,2.26780176038429,-2.10587900715628
127.247753560884,0.079047913650909,2.03731048442537,-1.36123571664265,-3.39854620106802,0.94453838051404,-1.329147188956,1.40819510260691,3.36645767338137,-0.032088527686648,2.27368556947004,-2.06939901211202
127.3,0.0820026913736254,1.97125260339664,-0.478350014827758,-2.4496026182244,1.783515051222,-0.496607903596354,0.578610594969979,2.467860506993,0.0182578887685964,2.28012295481835,-1.95299471462805
127.364197865545,0.047557094230011,1.89258014914419,0.376664697875749,-1.51591545126844,2.55041007551259,0.271182573661074,-0.223625479431063,1.62139757548311,0.105482124214676,2.27922750185151,-1.78709802492951
127.4,0.0035567237607628,1.8491275272254,-0.694936978944897,-2.54406450617029,1.45301700402368,-0.825711117868003,0.829267841628765,2.6748386450934,0.130774138923105,2.27872812189168,-1.71835338830229
127.463791449021,-0.090635269884743,1.77134446503753,-0.63030035936697,-2.4016448244045,1.51070700783022,-0.771635425352673,0.68100015546793,2.54297989039021,0.141335065985703,2.2823424331829,-1.63000939905183
127.5,-0.149641126409907,1.72684184745978,-0.489677505702637,-2.21651935316242,1.6154436370405,-0.668950308949345,0.519309182539438,2.39579215640913,0.179272803246707,2.28439394598984,-1.54756904421307
127.551332668347,-0.246252579551079,1.66291806458903,-1.14463486653828,-2.80755293112731,0.961625107406706,-1.32690362028781,1.08065104073673,2.98982168487684,0.18226875374953,2.28852872769452,-1.4806493108395
127.6,-0.34473111968172,1.6012326234216,-1.41261369037733,-3.01384631379892,0.668465036583454,-1.62398378330612,1.2792526636244,3.22521640672771,0.211370092928791,2.29244881988957,-1.38986253049281
127.7,-0.613870017833559,1.46914270848365,-0.258718573001703,-1.72786128148536,1.73590782752745,-0.579316999885563,-0.0345530179479959,2.04845970836922,0.320598426883861,2.31522482741301,-1.14854428159979
127.8,-0.935067168309574,1.32634587709929,-2.36931464034875,-3.69566051744804,-0.391963740823295,-2.71802857475444,1.78296140644486,4.04437445185372,0.348713934405686,2.32606483393114,-0.977631942693601
127.9,-1.29006091562941,1.17154036922822,-1.34996778078551,-2.52150815001373,0.502209929425161,-1.83697454576159,0.546913630132171,3.0085149149898,0.487006764976077,2.33918447518675,-0.684533604252142
127.990135560595,-1.71193006873333,1.01763071360558,-2.19674635709652,-3.2143770707021,-0.352181792488241,-2.67887052383409,0.966940455100758,3.69650123743967,0.482124166737574,2.32668873134585,-0.535506546868006
128,-1.75917503455278,0.999819865534402,0.367665587072418,-0.632154278461984,2.21179870929518,-0.113522487338227,-1.64565254721455,1.11334235287263,0.481188074410645,2.3253211966334,-0.518631791123757
128.015149873446,-1.832221157534,0.972093645580863,-1.00202616969165,-1.97411981527252,0.84149742478298,-1.48671344308228,-0.345507714451717,2.45880708866315,0.484687273390631,2.32821086786526,-0.487406372190232
128.046827102957,-1.98751383428134,0.912650522980048,-3.53918168384802,-4.45183220682807,-1.70502291511064,-4.03927586505337,2.05176203077203,4.95192638803342,0.500094181205354,2.33425294994274,-0.412556341774694
128.085391390377,-2.17488947307775,0.837614706460209,-2.13241047218736,-2.97002517864757,-0.273411175465906,-2.61501983780685,0.440130364729098,3.45263454426706,0.482609365619491,2.34160866234094,-0.355005340840718
128.1,-2.2450792528345,0.808462035354864,-1.64563989032164,-2.4541019256765,0.222552649271415,-2.12184244419823,-0.123236808636275,2.93030447955309,0.476202553876587,2.34439509346964,-0.332259481478277
128.121451149721,-2.34590415888194,0.764956656572782,-1.45003418021179,-2.21499083678457,0.44047315450426,-1.90347282325956,-0.442431335622377,2.66842947983234,0.453438643047771,2.34394597776382,-0.311518013525011
128.149060921692,-2.47265413570779,0.707816252429496,-1.48861022014748,-2.19642647257697,0.397360226577569,-1.94600769442063,-0.526646441287161,2.65382394685013,0.457397474273151,2.3433679209982,-0.250418778156345
128.191797682021,-2.66506564761863,0.616944592503756,-0.373026519055228,-0.989971111558984,1.52787131739206,-0.814601838032757,-1.85046380958587,1.43154643053651,0.441575318977529,2.34247315542481,-0.175369273526227
128.2,-2.70206333364065,0.599180762264728,-3.31472917441791,-3.91390993668264,-1.40420782887764,-3.74650925505359,1.04444592141294,4.34569001731832,0.431780080635679,2.34230142617595,-0.167400681629049
128.213323384347,-2.7615436122867,0.570108742651051,-2.1807406174902,-2.75084936014125,-0.265847099374999,-2.60703893649704,-0.154504675789655,3.17714767914809,0.426298319006845,2.34119183712204,-0.143810423644207
128.235819903405,-2.86213144714838,0.520421025070743,-1.34274214503055,-1.86316317010129,0.565962945608387,-1.7733553516797,-1.08877609546868,2.29377637675044,0.430613206649147,2.33931829728808,-0.0898078184215958
128.272225645816,-3.02166647212383,0.438446981505845,-1.3670786704011,-1.80552565190694,0.569429106000733,-1.76685727295298,-1.25480919917084,2.20530425445883,0.399778602551887,2.33628637895372,-0.0386683789539579
128.3,-3.13858250752725,0.374722383724928,-2.52852153656816,-2.90324392029309,-0.567767917792786,-2.90174121182909,-0.236841295698166,3.27646359555402,0.373219675260922,2.3339732940363,-0.00150270846400558
128.341636907811,-3.30684222453385,0.277495423425903,-2.5262383333077,-2.8037337567336,-0.551512628823421,-2.89389496452781,-0.412947260006046,3.17139038795371,0.367656631220107,2.34238233570438,0.0901612077942047
128.4,-3.53943459951195,0.138058840216347,-2.28170273533472,-2.41976157555107,-0.294965225467768,-2.64913464383278,-0.890299955679175,2.78719348404912,0.367431908498055,2.35416941836501,0.229373068281708
128.5,-3.92145544772617,-0.108429201184188,-1.95891601825809,-1.8504868170739,0.0339218332939972,-2.32012955698717,-1.601325890739,2.21170035580298,0.361213538729078,2.35405139028117,0.469642739913266
128.6,-4.3223969058753,-0.363831612129605,-3.85610982226632,-3.49227821013671,-1.91285577796339,-4.26683972213675,-0.0555571837385429,3.90300811000715,0.410729899870435,2.35398394417336,0.77456151200004
128.7,-4.76472424132893,-0.630543208065237,-3.62766901756655,-2.99712580950132,-1.58322831857376,-3.92850811838482,-0.836216122944109,3.29796491031958,0.300839100818265,2.34527979981105,0.931382308883502
128.8,-5.05936573341283,-0.904228766068428,-3.4394591548251,-2.53523038875667,-1.22442931530356,-3.55295634615763,-1.5064093872552,2.6487275800892,0.113497191332531,2.32852703085408,1.01772595740096
128.9,-5.19604402593325,-1.17398563697842,-2.28724619367792,-1.1132605566995,0.0864764998013836,-2.24315329881434,-2.95289072711891,1.06916766183592,-0.0440928948635748,2.32962979861572,1.12989274211484
129,-5.21093743718372,-1.43107375482812,-5.32522667217391,-3.89415291734579,-2.82299725766213,-5.15043923370444,-0.0604982034792885,3.71936547887632,-0.174787438469472,2.3274419760423,1.25628631635865
129.088418389872,-5.13505181409555,-1.64283229734109,-4.14689837636394,-2.50406607902285,-1.55677640965166,-3.86736141207149,-1.26769040202406,2.2245291147304,-0.279536964292447,2.31058500241983,1.36329533304864
129.1,-5.11610302830822,-1.66926986200076,-5.19920392169677,-3.52993405969601,-2.60708622613048,-4.91546319358476,-0.200639834723453,3.24619333158401,-0.283740728112009,2.30837696745428,1.38552913388875
129.128749906887,-5.06450798637384,-1.73338910296463,-4.17092418234296,-2.43753507937833,-1.54556630670019,-3.85566596253742,-1.20884202383642,2.12227685957279,-0.31525821980554,2.31009965583723,1.41813088315909
129.191881001335,-4.93244697205331,-1.86621346681758,-4.88536910001327,-3.01915563319569,-2.27067512202239,-4.58455757978089,-0.347889392272425,2.7183441129633,-0.300811520232383,2.31388245775849,1.5654019465852
129.2,-4.91619492180917,-1.8825055640126,-5.23233139881997,-3.34982583480738,-2.61674723345191,-4.93111617990536,0.0149212580961819,3.04861061589276,-0.301215218914618,2.31436894645345,1.58129034509798
129.213389239916,-4.88948377767653,-1.9089943153945,-4.75261960718557,-2.84362529179107,-2.14879886127883,-4.46211231409349,-0.427371463583037,2.55311799869899,-0.290507293092078,2.31331345281466,1.61848702230243
129.245091436525,-4.8312918455698,-1.96989919267245,-5.64908156003509,-3.67918236736264,-3.08730343834706,-5.39811775998879,0.566825914418998,3.42821856731635,-0.250963800046299,2.31081432164173,1.71893539262615
129.279838554628,-4.77677187500439,-2.03394852596199,-5.35052089348724,-3.31657236752525,-2.80670937628211,-5.11478453107396,0.33801265606957,3.08083600511197,-0.235736362413272,2.30807515479186,1.79821216354872
129.3,-4.74851378931654,-2.06990411012191,-5.24234313989504,-3.17243902977314,-2.70269271086725,-5.00917850902104,0.260664719704496,2.93927439889913,-0.233164630874003,2.30648579815379,1.8367394792479
129.331665003565,-4.70370121973867,-2.12467090285566,-5.3230523177847,-3.19838141492904,-2.78291164702006,-5.08897282680068,0.385271607062008,2.96430192394502,-0.234079490984024,2.30606117978062,1.89059141187164
129.381206848034,-4.63431265864022,-2.20625601416251,-5.98925056477785,-3.78299455061533,-3.45741072862428,-5.76280756685952,1.1284949082193,3.55655155269701,-0.226442997918328,2.30539683823524,1.97981301624419
129.4,-4.60979632547491,-2.23593952969201,-4.54518776823619,-2.30924823854418,-2.02629668589908,-4.33144151350061,-0.278354811974296,2.0955019838086,-0.213746254735575,2.30514482760154,2.02219327495644
129.42858072985,-4.57569746238866,-2.27982783490247,-5.068328551789,-2.78850071688653,-2.58408229423259,-4.88711537361273,0.31141791122407,2.60728753871026,-0.181213178176271,2.30303307938014,2.0986146567262
129.469248432857,-4.53064024028696,-2.33985848302177,-6.42909935700928,-4.08924087398751,-3.93767795546383,-6.23770621481513,1.70706597452817,3.89784773179336,-0.191393142194153,2.3000282593513,2.14846534082762
129.5,-4.50012914318928,-2.38342604836433,-8.46393925442122,-6.08051320605689,-5.99803591038946,-8.29579202457301,3.79566288138373,5.91236597620869,-0.168147229848207,2.29775611418355,2.21527881851612
129.545172083729,-4.47379284727707,-2.44498905729607,-5.91933868906068,-3.4743496317646,-3.4810939070164,-5.76968105170314,1.29588820442607,3.32469199440707,-0.149657637357536,2.28858714468674,2.29533141993854
129.594146479075,-4.45139597668331,-2.5089126047612,-6.29966653599946,-3.79075393123826,-3.89728299618375,-6.17592938321688,1.72453340653356,3.66701677845568,-0.123737152782584,2.27864638703313,2.38517545197862
129.6,-4.44956168577933,-2.51637553305673,-5.42488215674874,-2.908506623692,-3.02763816793688,-5.30509641507511,0.855534729295781,2.78872088201838,-0.119785741673628,2.27745824713824,2.39658979138311
129.612438518131,-4.44592080217262,-2.53211737143333,-6.2848604443658,-3.75274307293248,-3.88037439365814,-6.15812671015959,1.71220590798697,3.62600933872627,-0.12673373420621,2.27775231650145,2.40538363722711
129.629600539692,-4.44048267116557,-2.55357299421812,-4.63277662370001,-2.07920362948189,-2.2476886252299,-4.52584668337187,0.0853640122062993,1.97227368915375,-0.106929940328135,2.27815805814197,2.44664305388998
129.652401443342,-4.43928119275668,-2.58165241347079,-5.01316724385953,-2.43151483038874,-2.65492497633261,-4.9336220896214,0.494340896864723,2.35196967615061,-0.0795451542381294,2.27869711328879,2.50210725923266
129.7,-4.45369389481215,-2.63908567246535,-6.2938780460506,-3.65479237358525,-4.00198330144442,-6.28180573184086,1.8281118370287,3.64272005937551,-0.0120723142097425,2.27982243039644,2.62701335825561
129.750428648976,-4.49585446680597,-2.69893293725736,-6.09355053420479,-3.39461759694743,-3.85445755852066,-6.13235627383959,1.63650180703362,3.43342333658223,0.0388057396347987,2.27789871531893,2.73773867689215
129.8,-4.55593703814182,-2.75755513452696,-5.71707642129092,-2.95952128676396,-3.48942154429543,-5.76542924810975,1.20949220996793,3.00787411358279,0.0483528268188254,2.27600770381432,2.80590796134579
129.865366156009,-4.63683199905943,-2.83499329475257,-6.22965659661556,-3.39466330186299,-4.00036321605129,-6.27356478381145,1.63673278475201,3.43857148905888,0.0439081871958882,2.27320156776015,2.87890148194846
129.9,-4.68329967151446,-2.87610801218574,-6.98072088174085,-4.1046128695551,-4.75777805632362,-7.02949281065844,2.34619313914398,4.1533847984727,0.0487719289175956,2.27171475433482,2.92487994110334
129.946652012225,-4.75247215984551,-2.93174219656155,-5.99313531984216,-3.06139312328061,-3.81925987967327,-6.0926584259581,1.34018626611259,3.16091622939655,0.0995231061159334,2.27339854628483,3.03126530267748
130,-4.86458738096232,-2.99638887400425,-5.84550985860717,-2.84912098460292,-3.7311103254737,-6.00643433880869,1.14184695784637,3.01004546480444,0.160924480201517,2.27532401333499,3.15731335420577
130.069923329534,-5.04837917283241,-3.08436159685724,-5.56360799974814,-2.4792464028909,-3.51277982030526,-5.78015961537882,0.731780442546407,2.69579801852158,0.21655161563068,2.26737979507356,3.30091321248792
130.1,-5.14434959284366,-3.12376084160343,-7.75871845021446,-4.63495760861103,-5.76438925399081,-8.02835194012024,2.88400234727657,4.9045910985168,0.269633489905776,2.26396268612943,3.39339433150921
130.144875676568,-5.30828349363382,-3.18492293264494,-5.95390221310648,-2.76897928046155,-3.97237735199101,-6.23453841872759,0.926254925093778,3.04961548608265,0.280636205621109,2.26216106673659,3.46555913826605
130.191088699788,-5.49433886305339,-3.25123039634105,-5.4647978131257,-2.21356741678465,-3.55427631796572,-5.81458207498437,0.320243211930988,2.56335167864333,0.349784261858678,2.26030575701865,3.60101465819973
130.2,-5.53366181093523,-3.26445780683605,-6.68790851043947,-3.42345070360342,-4.78904305992842,-7.04899105585006,1.51532924491483,3.784533249014,0.361082545410584,2.25994799592164,3.62554035224664
130.215118978357,-5.60273604964123,-3.28725824051084,-8.26455724205931,-4.97729900154847,-6.38312387825175,-8.64376240855352,3.0410263589123,5.35650416804268,0.379205166494213,2.26063853030177,3.66646340700505
130.239832157295,-5.71834504221066,-3.32553792457663,-7.65961724546785,-4.33407932089121,-5.77921717816809,-8.04098444212475,2.32263939991409,4.71544651754811,0.381367196656898,2.26176726395666,3.70690512123353
130.28173105857,-5.91778017192616,-3.39330469296267,-5.79804328898419,-2.40473859602152,-3.92924341732638,-6.19292434443782,0.275144172511659,2.79961965147515,0.394881055453629,2.26368092711144,3.7881857484163
130.3,-6.00653483462884,-3.42399624511613,-7.0232264023713,-3.59923015725517,-5.16209450707027,-7.42660983792567,1.42007500329683,4.00261359280954,0.403383435554368,2.2645153308554,3.8273796806705
130.329386694519,-6.15231778248456,-3.47484540080927,-8.40929445778641,-4.93444905697713,-6.55255423459863,-8.8183877879902,2.66607000550564,5.34354238718093,0.409093330203795,2.26583355339157,3.88393873101307
130.374310952836,-6.3764227843894,-3.5560999343142,-8.14672069666598,-4.59062076235178,-6.29236852146385,-8.56021727835835,2.18379449396895,5.00411734404415,0.413496581692376,2.26784875689451,3.96959651600658
130.4,-6.50545982469746,-3.60445454909968,-7.19140831712653,-3.58695376802685,-5.33247723763501,-7.60147834873129,1.09601852403383,3.99702379963161,0.410070031604753,2.26900111109628,4.01452458070443
130.464065658278,-6.85083242402997,-3.73121741444497,-6.5441118447828,-2.81289443033783,-4.75620146138957,-7.01965389376697,0.168821469737006,3.28843647932201,0.475542048984173,2.2634524323774,4.20675946342914
130.5,-7.06045360639261,-3.80654383024984,-7.94088338513389,-4.13433955488405,-6.1813296820868,-8.44166986801968,1.38121626162707,4.63512603776984,0.500786482885793,2.26034018593288,4.30733031313563
130.548938880427,-7.36497446021176,-3.91443747828745,-7.6399031431973,-3.72546566490985,-5.92883799960884,-8.18661931648916,0.821644856277401,4.27218183820171,0.546716173291859,2.25778131688032,4.46115365157931
130.6,-7.69336670570628,-4.03391797772167,-7.16093827014997,-3.12702029242829,-5.42485466877677,-7.67996615100774,-0.0134005546985376,3.64604817328607,0.519027880857775,2.25511148223097,4.55294585857945
130.7,-8.35940946576875,-4.28821889728061,-8.48143434130258,-4.19321544402196,-6.75830379662128,-9.02096239395861,0.661552928189865,4.732743496678,0.539528052656037,2.26265859733734,4.82774694993665
130.8,-9.04010502916109,-4.56935649020109,-9.80850826144232,-5.23915177124124,-8.06804374100365,-10.3373238566704,1.29721882750927,5.76796736646927,0.528815595228036,2.26928011566671,5.09817208542912
130.9,-9.69005423469675,-4.8753803717432,-8.47108673131551,-3.59570635957231,-6.63441406624281,-8.91548149570545,-0.774572738991298,4.04010112396226,0.444394764389941,2.28106742946265,5.31977513613314
131,-10.2370309047777,-5.19996635801273,-9.23230661446396,-4.03234025645123,-7.29911578300269,-9.59513293628845,-0.641897968489245,4.39516657827572,0.362826321824484,2.29601715328576,5.56279267983721
131.1,-10.6810259897987,-5.53566437387639,-8.1476846316134,-2.61202025773701,-6.08527520289015,-8.3762813329884,-2.3047446568103,2.84061695911201,0.228596701375,2.29100613009825,5.76426107525139
131.2,-11.0069081068382,-5.87403173569553,-9.60542116464168,-3.73138942894616,-7.49868511150926,-9.76491224414137,-1.24199586269683,3.89088050844584,0.159491079499688,2.26622713263211,6.03352281519521
131.3,-11.2723945359384,-6.20972187026708,-9.96956224362323,-3.75984037335615,-7.83042419578656,-10.094097141805,-1.17829739413347,3.88437527153789,0.124534898181738,2.26367294601841,6.33425676844882
131.390868151103,-11.5149652287804,-6.51085345753933,-10.8279409817263,-4.31708752418694,-8.65417980502733,-10.9186827031226,-0.596282525657877,4.40782924558324,0.0907417213962969,2.26450289809524,6.60159517893562
131.4,-11.5385468609062,-6.540899769992,-11.8452243979622,-5.30432462797019,-9.66646405834576,-11.9310503629686,0.392503502062418,5.39015059297665,0.0858259650064532,2.26458630462289,6.62672573499846
131.414726612778,-11.5769606855361,-6.58927313569318,-11.4133691845099,-4.82409604881673,-9.24476371303478,-11.5100504408938,-0.0669102446423757,4.92077730520059,0.0966812563838566,2.26528672785899,6.68595439207704
131.437286003729,-11.6355833130927,-6.66319267045997,-10.7072707950236,-4.04407812456367,-8.52554373086852,-10.7919034224736,-0.843679890619066,4.12871075201364,0.0846326274499702,2.26635969160509,6.74782529790994
131.479222340147,-11.7344178504861,-6.79988663969059,-10.6306557291597,-3.83076908946907,-8.42443764386837,-10.692791900341,-1.04162595014515,3.89290526065038,0.0621361711813115,2.26835425647259,6.8620228108719
131.5,-11.7787416292711,-6.86719523437258,-11.4165988775016,-4.54940364312901,-9.16876002265733,-11.4381025006559,-0.34063912861521,4.57090726628336,0.0215036231543504,2.2693424779986,6.88869885752693
131.528726729441,-11.8289380921726,-6.95963965668441,-10.1719626092256,-3.2123229525412,-7.88818748260035,-10.159561941764,-1.66937615040855,3.19992228507963,-0.01240066746157,2.27137445916369,6.94723898922284
131.565979116396,-11.8795589368819,-7.07818124860527,-9.57483806595458,-2.49665681734931,-7.2457104200717,-9.51971992158508,-2.35983901529683,2.4415386729798,-0.055118144369505,2.27400950151338,7.02306310423577
131.6,-11.9153259481928,-7.18484699576565,-10.7849459744364,-3.60009897867075,-8.47281469516007,-10.7492306590884,-1.16609528910447,3.56438366332272,-0.0357153153480336,2.2764159639283,7.14913168041762
131.645101638274,-11.9682273640524,-7.32391753294997,-10.6059084250107,-3.28199089206072,-8.31336261513673,-10.5926867169885,-1.37554064706385,3.26876918403856,-0.0132217080221668,2.2793241018518,7.3106958249278
131.7,-12.0382726446474,-7.48997109649686,-12.223563940567,-4.73359284407015,-9.90609494416919,-12.1889588732598,0.150686228612329,4.6989877767629,-0.0346050673072558,2.28286392909056,7.4553660291896
131.8,-12.1109671350021,-7.78254787448808,-11.494265495826,-3.71171762133794,-9.0656126111321,-11.3521325629192,-0.758834572082847,3.56958468843116,-0.142132932906788,2.28651995178713,7.64041494158129
131.9,-12.0756876330372,-8.05723160599735,-12.6568771871415,-4.59964558114417,-10.1962807864374,-12.4768340631479,0.401146430110671,4.41960245715055,-0.180043123993618,2.28055327671052,7.87718848200374
132,-12.0361111153974,-8.31179381168415,-12.6633137460095,-4.35151993432536,-10.2020618666911,-12.4801352590222,0.444024143624841,4.16834144733809,-0.183178486987272,2.27807339233117,8.12861532469688
132.1,-11.9531329940855,-8.5465387734741,-14.3846416372626,-5.83810286378852,-11.8907400774729,-14.1713860173352,2.21825302324977,5.62484724386112,-0.2132556199274,2.28064593986229,8.3332831535467
132.2,-11.8501469529357,-8.76045425378033,-12.8520871204177,-4.0916328666374,-10.347946219493,-12.6327855802214,0.782638627285671,3.87233132644104,-0.219301540196362,2.28483936072832,8.54115271358397
132.3,-11.7620412865233,-8.95409875251025,-12.1229171462855,-3.1688183937752,-9.67544367245218,-11.9659242586435,0.20388297212015,3.01182550613324,-0.156992887641966,2.29048058619131,8.79710586486828
132.4,-11.7315074594451,-9.13137791806967,-13.5239704181987,-4.39259250012904,-11.1704518836859,-13.4659140478136,1.7344065883685,4.33453612974394,-0.0580563703850956,2.29546216412776,9.07332154768457
132.5,-11.7798916660541,-9.29803237846623,-13.2308033360172,-3.93277095755097,-10.9863921741388,-13.289969926774,1.51007826071993,3.99193754830775,0.059166590756778,2.30357775263522,9.35719896922301
132.6,-11.9392853425884,-9.46079090166966,-13.2411055821578,-3.78031468048813,-11.0831592491151,-13.3925249807148,1.45323963812639,3.93173407904517,0.151419398557037,2.3093657315997,9.6122103002267
132.7,-12.2240467866709,-9.62696604125511,-12.7933349767072,-3.16636893545207,-10.7545817662865,-13.0681835929941,0.844136806323236,3.44121755173899,0.274848616286921,2.31360182670762,9.90181465754203
132.8,-12.57071939184,-9.80328892289739,-14.1707178681141,-4.3674289452167,-12.1609366505653,-14.474723087723,1.90400369588292,4.67143416482557,0.304005219608863,2.31378643715763,10.1072941425062
132.9,-12.941479377608,-9.99163922947088,-13.8704551478375,-3.8788159183666,-11.8152447368596,-14.1173031611803,1.17582378357222,4.12566393170938,0.246848013342779,2.30205842432067,10.2384872428137
133,-13.306097213972,-10.1907806459077,-15.9633995024405,-5.77261885653278,-13.99818087441,-16.3152391395733,3.00914192560131,6.12445849366558,0.351839637132795,2.31705826516333,10.5426202830405
133.1,-13.7657493578798,-10.403545114796,-15.0846545597404,-4.68110944494445,-13.1931821979281,-15.5232602367267,1.75751087884686,5.1197151219307,0.438605676986246,2.33007803879854,10.8421507917822
133.2,-14.3039131032166,-10.6345531235278,-13.6053218283356,-2.97076870480773,-11.7702114149662,-14.1110874285958,-0.192825674620838,3.47653430506796,0.505765600260229,2.34087601362957,11.1403187237881
133.3,-14.8799215762893,-10.8863903651596,-14.5200163798668,-3.63362601470716,-12.7362425390063,-15.0794428266509,0.199521250361558,4.19305246149124,0.559426446784078,2.34320028764458,11.4458168119437
133.4,-15.4659953872335,-11.1602103779966,-14.9604719037724,-3.80026152577582,-13.0268873967789,-15.37971916174,-0.0862762254934868,4.21950878374338,0.419247257967559,2.35283176496107,11.5794576359642
133.487497056503,-15.90474501294,-11.4131645888446,-16.7120367874132,-5.29887219856854,-14.8498840373642,-17.2155921962589,1.31084718331883,5.80242760741425,0.503555408845713,2.36570815889466,11.9167199976903
133.5,-15.9753911462072,-11.4502508701198,-16.4365481002569,-4.98629723013707,-14.5746595813757,-16.9422077201763,0.966816573969028,5.49195685005645,0.505659619919388,2.36754813880055,11.9559104900392
133.524271672476,-16.1118936322529,-11.5230300934593,-16.4497895024176,-4.92675940895821,-14.5661501347189,-16.9352885990027,0.823394966749738,5.4122585055433,0.485499096585091,2.36913846428374,12.0085291900444
133.565546254747,-16.340452480584,-11.6490388502873,-13.9912481290357,-2.3422092787484,-12.1022351181018,-14.4740779703941,-1.8663745101899,2.82503912010683,0.482829841358427,2.3718428522923,12.1318686916457
133.6,-16.5266740445395,-11.7562907280217,-16.7593469747254,-5.00305624670367,-14.8522947706255,-17.2263950968978,0.699721052358267,5.4701043688761,0.467048122172425,2.37410032627233,12.2233388501941
133.653398855006,-16.8109376921117,-11.9259486742801,-16.4651302555166,-4.53918158123651,-14.5282426929217,-16.8975173347355,0.0865796426237608,4.97156866045534,0.432387079218827,2.3692746418138,12.358335753499
133.7,-17.0456464848199,-12.0770517363979,-16.5360418289958,-4.45899009259787,-14.5563450159863,-16.9214082862057,-0.124238198614169,4.84435654980784,0.385366457209965,2.3650632702194,12.4624181936078
133.751512704064,-17.2836042035899,-12.2466545617293,-17.1720760264773,-4.92542146474801,-15.1681805741582,-17.5384970867837,0.254892883193769,5.29184252505433,0.366421060306326,2.37031651262545,12.6130756220356
133.8,-17.507455304764,-12.4083304700389,-16.1970045563788,-3.78867408633988,-14.1910227457866,-16.5662839710571,-0.941171333706915,4.1579535010181,0.369279414678218,2.37526122527046,12.7776098847172
133.88860370133,-17.8858205804297,-12.7080163693508,-16.450565234006,-3.74254886465516,-14.4284827919431,-16.7969434090303,-1.08887717139935,4.08892703967951,0.346378175024348,2.36846061708722,13.0543945443752
133.9,-17.9368838166648,-12.7468859075899,-17.5724839508443,-4.82559804325446,-15.5396146752945,-17.907200591203,-0.0296832254617954,5.16031468361312,0.334716640358657,2.36758591590853,13.0816025479485
133.917486985608,-18.0122775790872,-12.8066917304548,-16.6792269088868,-3.87253517843205,-14.6274138758013,-16.9941102942945,-1.01816728479272,4.18741856383967,0.314883385407622,2.36669641849317,13.1215751158624
133.942018192991,-18.1166723161301,-12.8908705439758,-17.6421650992216,-4.75129455524588,-15.5891360348943,-17.9545846428127,-0.162087673317387,5.06371409883692,0.312419543591041,2.36544860791835,13.2032900875668
133.985428829289,-18.2951934644526,-13.040540819232,-18.1652240075828,-5.12468318835082,-16.1107173862734,-18.4739578578295,0.17876439337692,5.43341703859756,0.308733850246735,2.36324047155611,13.3492746694787
134,-18.3570401756507,-13.0909704505774,-16.87125230351,-3.78028185293256,-14.8207512873158,-17.1832505780316,-1.17378959761903,4.09228012745423,0.31199827452167,2.36249929071587,13.4029687250991
134.022236218519,-18.4520135652755,-13.1681451633813,-17.0962426140956,-3.92809745071432,-15.0341134125827,-17.3968314309514,-1.05518213432412,4.22868626757009,0.300588816855779,2.36271801836865,13.4687339802371
134.059301421293,-18.6064333661464,-13.2973106583669,-18.3348560125247,-5.03754535415776,-16.2699606954748,-18.6330433075263,0.0266099413798848,5.33573264915941,0.298187295001657,2.3630826120515,13.5954979533686
134.1,-18.7753880854416,-13.4398248691359,-15.9573902392715,-2.51756537013564,-13.8881658867613,-16.251648832376,-2.52373925306556,2.8118239632401,0.294258593104459,2.36348294561472,13.7340834622404
134.2,-19.1129534584661,-13.7913132033736,-17.2815349150157,-3.49022171164215,-15.0377869176621,-17.3989439201005,-1.71400953836565,3.60763071672686,0.117409005084721,2.36115700243842,13.9087222084583
134.3,-19.348352611086,-14.137824040983,-17.6318748623043,-3.49405082132131,-15.3627049283723,-17.7287165591257,-1.6196360519603,3.59089251814273,0.0968416968214179,2.36601163075341,14.2346657378044
134.4,-19.5316542503556,-14.4761033447397,-19.1748555851163,-4.69875224037662,-16.7931672730273,-19.1542894000216,-0.37736485033393,4.67818605528192,-0.020566185094701,2.36112212699435,14.455537159645
134.5,-19.6481187803248,-14.8016693255754,-19.3433040047047,-4.54163467912926,-16.9699372501847,-19.3408377213712,-0.307281058953638,4.53916839579576,-0.00246628333350074,2.37090047118648,14.7992030422419
134.6,-19.7571623262534,-15.1137254841247,-18.5895476052132,-3.47582212108845,-16.2332188651414,-18.6141549309623,-1.14300739529112,3.50042944683753,0.0246073257490771,2.38093606582088,15.1383328098738
134.7,-19.8670465486676,-15.4128397500433,-18.9728430397451,-3.56000328970181,-16.6332437221848,-19.0091201838437,-0.857926364823953,3.59628043380042,0.0362771440986087,2.3758764616589,15.4491168941419
134.8,-19.9960087362335,-15.7006747261884,-19.7901625642869,-4.08948783809846,-17.4353349232602,-19.8169650872381,-0.179043648995464,4.11629036104969,0.0268025229512219,2.3816301639779,15.7274772491396
134.9,-20.1169885447466,-15.9781201502816,-21.487754034555,-5.50963388427345,-19.1370751339054,-21.5299576529945,1.4129691082479,5.55183750271288,0.0422036184394265,2.39288251908906,16.020323768721
135,-20.2513828304633,-16.2459391872996,-17.3695914313959,-1.12365224409636,-15.0377336197213,-17.4431751810348,-2.80820764942851,1.19723599373522,0.0735837496388605,2.40544156131344,16.3195229369384
135.1,-20.3998452321088,-16.5056762090828,-19.8762570197824,-3.3705808106996,-17.5323034621446,-19.9629481333227,-0.436897098786087,3.45727192423984,0.0866911135402368,2.43064467117805,16.5923673226231
135.2,-20.5385634300115,-16.758129590969,-19.4062109860755,-2.64808139510656,-17.0453682405555,-19.4855664164685,-1.05299701354298,2.72743682549952,0.0793554303929547,2.440198175913,16.8374850213619
135.3,-20.6204283545011,-17.0019618753008,-20.0264128450214,-3.02445096972057,-17.5739520718503,-20.0445767197186,-0.575851634782477,3.04261484441783,0.0181638746972581,2.47062464786837,17.0201257499981
135.4,-20.6400349498671,-17.2330712105532,-21.5617298470242,-4.32865863647107,-19.0947621758798,-21.5696332585265,0.929598308659358,4.33656204797331,0.00790341150223384,2.47487108264663,17.2409746220554
135.5,-20.6727609119545,-17.450833950989,-21.4259969087001,-3.97516295771109,-19.0090323418528,-21.4907874830726,0.818026571118086,4.03995353208361,0.0647905743725197,2.48175514121986,17.5156245253615
135.6,-20.7124280798947,-17.6576017754277,-21.6493117805798,-3.99171000515206,-19.1715844962199,-21.6323467742944,0.919918694399627,3.97474499886665,-0.0169650062853997,2.46076227807448,17.6406367691423
135.7,-20.769148361471,-17.853325645026,-21.6326744947792,-3.77934884975315,-19.2928766581066,-21.7765874230229,1.00743906155195,3.92326177799688,0.143912928243733,2.48371076491637,17.9972385732698
135.789343143501,-20.9254732296673,-18.0239166452071,-21.3004135766619,-3.27649693145484,-19.0422794320577,-21.5264505758596,0.600977346192273,3.50253393065248,0.226036999197639,2.48417114380193,18.2499536444047
135.8,-20.9492684877807,-18.0442733625987,-21.9546516334067,-3.91037827080798,-19.6905048057908,-22.1747308636188,1.22546237583818,4.13045750102011,0.220079230212125,2.48422605782808,18.2643525928109
135.819514321447,-20.9920175488867,-18.0816080799608,-20.5427017881427,-2.46109370818199,-18.2684464462517,-20.7532766435046,-0.238740905382077,2.67166856354383,0.210574855361848,2.48483019725293,18.2921829353226
135.860483923307,-21.0822428413078,-18.1601998384695,-20.8111959344807,-2.65099609601126,-18.5519330789097,-21.0380316447181,-0.0442111965896679,2.87783180624862,0.226835710237353,2.48609856580838,18.3870355487068
135.9,-21.175949006715,-18.2363658916639,-21.515847399895,-3.27948150823109,-19.2993934522964,-21.7867153873062,0.610766380591219,3.55034949564235,0.270867987411261,2.48732193500987,18.5072338790751
135.944572547011,-21.3041811726346,-18.3231405276272,-19.9767985875579,-1.65365805993064,-17.7919477687168,-20.2810459495273,-1.0231352231073,1.95790542190004,0.304247361969395,2.48909818081047,18.6273878895966
136,-21.4805446378197,-18.4330175869223,-21.5610492253703,-3.128031638448,-19.4044063255378,-21.89571332741,0.415168689590235,3.4626957404877,0.334664102039699,2.4913070018721,18.767681688962
136.1,-21.8346223801774,-18.6383438811575,-20.2606873219121,-1.62234344075456,-18.114368974762,-20.6141399422546,-1.22048243792281,1.97579606109713,0.353452620342569,2.49977096749261,18.9917965015001
136.2,-22.1944888906853,-18.8534108403971,-23.4403313480084,-4.58692050761131,-21.2718459464173,-23.748235468545,1.55374657785978,4.89482462814798,0.307904120536669,2.47638952212776,19.1613149609337
136.3,-22.5696540280241,-19.0778507438057,-24.1153140337779,-5.03746328997222,-22.0084810617065,-24.4962677689597,1.9266137409356,5.41841702515397,0.380953735181759,2.48778670725324,19.4588044789875
136.4,-23.0024447460971,-19.3140976982702,-22.1203373817963,-2.80623968352611,-20.0191786303694,-22.5035906772456,-0.498854068851482,3.18949297897545,0.383253295449343,2.48441204687624,19.6973509937195
136.5,-23.4032400911342,-19.5622113384053,-23.3027320288784,-3.74052069047311,-21.1195319161673,-23.6100549524778,0.206814861343567,4.04784361407249,0.307322923599386,2.49052303631046,19.8695342620047
136.6,-23.7635831197359,-19.8185794748869,-24.3062732942703,-4.48769381938333,-22.0925037550365,-24.5800842744247,0.816501154688726,4.76150479953774,0.273810980154408,2.48758051938814,20.0923904550413
136.7,-24.1232758902142,-20.0810854702646,-24.2274017492776,-4.14631627901304,-22.0512307505684,-24.5295238341356,0.406247943921443,4.44843836387102,0.302122084857977,2.4782930835672,20.3832075551226
136.8,-24.50276880396,-20.3507670540501,-25.0437105858113,-4.69294353176116,-22.8492798190834,-25.315592351306,0.812823547345982,4.96482529725591,0.271881765494754,2.46631253222267,20.6226488195449
136.9,-24.8751463486998,-20.627157511902,-24.1868825191884,-3.55972500728642,-21.9775101977642,-24.4338865051122,-0.441259843587595,3.80672899321026,0.24700398592384,2.45637630734797,20.8741614978258
137,-25.1953012482552,-20.9083559515989,-23.8591249119123,-2.95076896031336,-21.5717182139557,-24.0182983892906,-1.17700285896461,3.10994243769168,0.159173477378314,2.44658017533487,21.0675294289772
137.1,-25.4790933580512,-21.1903541590829,-24.7588227926571,-3.56846863357418,-22.4791129772379,-24.9083385987936,-0.570754759257635,3.7179844397107,0.14951580613652,2.42922562155566,21.3398699652194
137.2,-25.7377370842054,-21.4721692734272,-23.7633357168836,-2.29116644345648,-21.4084782983381,-23.8263146373598,-1.91142244684558,2.35414536393264,0.0629789204761693,2.41783633902174,21.5351481939033
137.3,-25.9144800240267,-21.7499484788889,-28.5383874364848,-6.78843895759587,-26.0997296920948,-28.5307588383633,2.61627881433656,6.78081035947439,-0.00762859812147454,2.43102914626853,21.7423198807674
137.4,-26.0659838918001,-22.0197490124597,-25.172744820817,-3.15299580835728,-22.7924087370307,-25.2245656691901,-0.841418222610027,3.20481665673038,0.0518208483731009,2.43215693215936,22.0715698608328
137.5,-26.1992179160977,-22.2822909482075,-27.5028554069241,-5.22056445871662,-25.0150538989022,-27.4417589059283,1.24254098983062,5.15946795772074,-0.0610965009958768,2.4267050070261,22.2211944472117
137.6,-26.2575305370705,-22.5336228502207,-25.8482206170016,-3.31459776678091,-23.3804887551403,-25.7993928708283,-0.458137666242234,3.26577002060762,-0.0488277461732949,2.418904115688,22.4847951040474
137.7,-26.3370048880736,-22.7736336741429,-25.976385914752,-3.20275224060912,-23.4723613335281,-25.893829703682,-0.443175184391595,3.1201960295391,-0.0825562110700169,2.42146837015395,22.6910774630729
137.8,-26.3620745088558,-23.0018174071701,-26.6623755405329,-3.66055813336283,-24.0664542828539,-26.4822371165369,0.120162607681145,3.48041970936687,-0.180138423995956,2.41578283368301,22.8216789831741
137.9,-26.3442139317001,-23.2149225991804,-25.8321712917569,-2.61724869257651,-23.2946242364621,-25.7173294595389,-0.626884472161283,2.50240686035846,-0.114841832218048,2.42270522307673,23.1000807669624
138,-26.3781800952595,-23.4147674071617,-27.697148849165,-4.28238144200327,-25.2576351713124,-27.700853459471,1.3226733642115,4.28608605230932,0.00370461030604829,2.44321828815862,23.4184720174678
138.1,-26.4800841749927,-23.6066045796515,-27.3618438618284,-3.75523928217694,-24.9585047532201,-27.4035156252041,0.923431450211407,3.79691104555264,0.0416717633756996,2.44501087198401,23.6482763430272
138.2,-26.5914683252446,-23.7934632732616,-24.9802926408381,-1.18682936757652,-22.5341955878594,-24.9779532006395,-1.61351512460503,1.18448992737793,-0.00233944019858612,2.44375761278011,23.791123833063
138.3,-26.6929409416468,-23.9744516095475,-28.2054700524871,-4.23101844293955,-25.8190452700407,-28.2684678831096,1.57552694146277,4.29401627356205,0.0629978306224928,2.44942261306883,24.03744944017
138.4,-26.850366693406,-24.1523796791275,-28.7211149680378,-4.56873528891029,-26.3772790848338,-28.8341287791365,1.98376208573049,4.68174910000899,0.113013811098693,2.45684969430268,24.2653934902262
138.5,-27.0309202471653,-24.3300058299537,-27.4164286006743,-3.08642277072055,-25.0693539357102,-27.5198164385537,0.48889619138831,3.18981060859996,0.103387837879403,2.45046250284345,24.4333936678331
138.6,-27.2352861550635,-24.5082069233532,-28.1671622570166,-3.65895533366345,-25.8725758658067,-28.330093573683,1.0948074186195,3.8218866503298,0.162931316666349,2.45751770787634,24.6711382400195
138.7,-27.4472552387103,-24.6889912025779,-29.5322572264223,-4.84326602384442,-27.1886166189018,-29.6469574176087,2.19970217889834,4.95796621503077,0.114700191186351,2.45834079870685,24.8036913937642
138.8,-27.6528376061793,-24.8712560431887,-28.2082921179844,-3.33703607479571,-25.8746904414465,-28.3427918778329,0.689954271653551,3.47153583464418,0.134499759848463,2.46810143638638,25.0057558030372
138.9,-27.8607453807403,-25.054966246566,-28.2447112950428,-3.18974504847674,-25.9200491988637,-28.3787890693039,0.518043688563651,3.32382282273788,0.134077774261133,2.45873987044026,25.1890440208272
139,-28.0834475130473,-25.2403566088085,-28.2442126164634,-3.00385600765489,-26.0020581449815,-28.4804233287211,0.396975815673773,3.24006671991265,0.236210712257755,2.47836518373958,25.4765673210662
139.1,-28.3550974025823,-25.4301629102977,-29.113625038984,-3.68346212868626,-26.883509923733,-29.3671402088505,1.01204280626813,3.93697729855271,0.253515169866446,2.48363028511748,25.6836780801642
139.2,-28.6586715865109,-25.6264064950371,-28.2258974339974,-2.59949093896032,-25.9365901353114,-28.4394890204873,-0.219182566023601,2.81308252545022,0.213591586489908,2.50289888517588,25.839998081527
139.3,-28.8996354878332,-25.8271638881117,-28.7116959491201,-2.88453206100836,-26.4326814375221,-28.9374012273684,0.0377657395351392,3.11023733925667,0.225705278248306,2.50471978984624,26.05286916636
139.4,-29.176265868832,-26.0316874933785,-29.4374892943289,-3.40580180095036,-27.1432546103289,-29.6407502267087,0.46448435787671,3.60906273333018,0.20326093237982,2.49749561637984,26.2349484257583
139.5,-29.4549770404405,-26.2406865895104,-28.5948758794433,-2.3541892899329,-26.3299202289629,-28.8325291089608,-0.62244793147968,2.59184251945038,0.237653229517488,2.50260887999787,26.4783398190279
139.6,-29.7343985853629,-26.4543331807477,-28.5747752767932,-2.12044209604553,-26.2854491062116,-28.7855520726879,-0.948846512675033,2.33121889194019,0.21077679589466,2.50010296647632,26.6651099766424
139.7,-30.0151645427977,-26.6720157392946,-30.3058139434817,-3.6337982041871,-28.0582347286485,-30.5453908957003,0.530226352902602,3.87337515640563,0.239576952218531,2.48715616705175,26.9115926915132
139.8,-30.3403232940198,-26.895365286236,-30.701691501818,-3.80632621558202,-28.4346649357511,-30.9203511987368,0.580027904717003,4.02498591250081,0.218659696918788,2.48568626298565,27.1140249831547
139.9,-30.6282994493259,-27.124217555716,-30.0685385816691,-2.94432102595308,-27.7703163052378,-30.2535143228979,-0.374785126427966,3.12929676718192,0.184975741228833,2.48319801766009,27.3091932969449
140,-30.8756025860217,-27.3555619271626,-26.8861048759176,0.469457051244959,-24.5490155864441,-27.0404481513606,-3.83515443466113,-0.315113775802011,0.154343275442947,2.4914325649165,27.5099052026055
140.1,-31.0872086493668,-27.5863721151811,-30.7788911920508,-3.19251907686968,-28.4611522147537,-30.9499562512298,-0.137252398136965,3.36358413604872,0.171065059179043,2.48880403647608,27.7574371743602
140.2,-31.3108228820621,-27.8168619169918,-31.2424471186666,-3.42558520167481,-28.8652807757748,-31.3473113445551,0.0364884624930149,3.53044942756328,0.10486422588847,2.4820305687803,27.9217261428803
140.3,-31.5190112990877,-28.0459561061963,-31.6252027143476,-3.57924660815134,-29.2620622804413,-31.7522172483026,0.233205949214931,3.7062611421063,0.127014533954959,2.49015496786126,28.1729706401513
140.4,-31.7009936162564,-28.2736431338962,-30.2946669562262,-2.02102382232996,-27.8178717459559,-30.3068987245641,-1.39409489169221,2.0332555906679,0.0122317683379443,2.48902697860827,28.2858749022342
140.5,-31.7845469853031,-28.4947488318792,-31.1691644732442,-2.67441564136502,-28.6470236006701,-31.1449404447036,-0.639606540599466,2.65019161282445,-0.0242240285405728,2.49791684403352,28.4705248033386
140.6,-31.8279799056905,-28.7057041604686,-31.7661688595429,-3.06046469907429,-29.2312334786769,-31.736071386671,-0.0919085190195013,3.03036722620238,-0.0300974728719083,2.50483790799411,28.6756066875967
140.7,-31.8521784987561,-28.9057599670979,-32.1941447381303,-3.28838477103239,-29.572207467239,-32.0793745154202,0.227196016664113,3.17361454832233,-0.114770222710057,2.5071670481813,28.7909897443879
140.8,-31.7906668445657,-29.0917305154764,-32.966911271185,-3.87518075570852,-30.280115926661,-32.7848854544127,0.994218609847,3.69315493893625,-0.182025816772274,2.50476952775173,28.9097046987042
140.9,-31.6563084764857,-29.2597074386503,-32.0686070055716,-2.80889956692126,-29.3033440593967,-31.8199816142512,0.163673137765539,2.56027417560086,-0.248625391320399,2.51663755485447,29.0110820473299
141,-31.4880393372858,-29.4065270532335,-32.3668578119019,-2.96033075866839,-29.6896252452011,-32.202450668893,0.71441133160722,2.79592361565952,-0.164407143008873,2.5128254236919,29.2421199102246
141.1,-31.3972304239944,-29.5358374277757,-34.3184966706136,-4.78265924283798,-31.7135046503488,-34.2315885087945,2.83435808480014,4.69575108101885,-0.0869081618191316,2.51808385844573,29.4489292659565
141.2,-31.3979303184301,-29.6538595076125,-32.5365570704615,-2.88269756284891,-30.0431368118688,-32.5604228426364,1.16249252420631,2.90656333502382,0.0238657721749078,2.51728603076761,29.6777252797874
141.3,-31.4447769648262,-29.7665820275521,-32.8071552737178,-3.0405732461657,-30.2798420147936,-32.8077415074987,1.36296454267251,3.04115947994656,0.000586233780872192,2.5278994927051,29.767168261333
141.4,-31.487216503803,-29.8743403222285,-35.37366502341,-5.4993247011815,-32.9638796065745,-35.4934101263202,4.00619362251722,5.61906980409167,0.119745102910166,2.52953051974566,29.9940854251387
141.5,-31.6811941857046,-29.982708530284,-33.1958425610469,-3.21313403076282,-30.9091451600565,-33.4275439409155,1.74634975521093,3.44483541063151,0.231701379868682,2.51839878085907,30.2144099101527
141.6,-31.9495381191198,-30.0993103676763,-33.1794568972667,-3.08014652959043,-30.9486805654393,-33.4734267336626,1.52388861454282,3.37411636598634,0.29396983639591,2.52474616822331,30.3932802040722
141.7,-32.2643408130871,-30.2274524529425,-33.6878872684499,-3.46043481550733,-31.4042686340548,-33.9399292764751,1.675588463388,3.71247682353253,0.252042008025199,2.5356606424203,30.4794944609677
141.788427856539,-32.5148126746638,-30.3496033369727,-33.2205404483612,-2.8709371113885,-30.959372145836,-33.4739171096312,0.959104434967379,3.12431377265843,0.253376661269932,2.51454496379517,30.6029799982427
141.8,-32.5498303379224,-30.3661580707614,-31.6916597497628,-1.32550167900137,-29.4402570349719,-31.952038687839,-0.597791650083384,1.58588061707766,0.26037893807629,2.51178165286711,30.6265370088377
141.819162770499,-32.6089290397893,-30.3938869719062,-32.7968685144942,-2.40298154258802,-30.5453863304588,-33.0580994602956,0.449170420506356,2.66421248838944,0.261230945801415,2.51271312983676,30.6551179177076
141.863811967255,-32.7483544109645,-30.4600215944568,-31.8436199915838,-1.38359839712705,-29.6032601607354,-32.1181436290676,-0.630210781896963,1.65812203461081,0.27452363748376,2.51488346833212,30.7345452319405
141.9,-32.8661556138792,-30.5152460050206,-32.3147321888428,-1.79948618382218,-30.0886543660212,-32.6052968868391,-0.260858727040159,2.09005088181846,0.290564697996281,2.51664252081784,30.8058107030169
141.950673923657,-33.0453790408946,-30.5952735531174,-31.1890384719393,-0.593764918821968,-28.9551786709977,-31.4796926731757,-1.56568636771895,0.8844191200583,0.290654201236332,2.52451400217799,30.8859277543537
142,-33.1999413352163,-30.6760560390215,-33.5915244217181,-2.91546838269659,-31.3138871350761,-33.8460632494903,0.64612191427392,3.17000721046872,0.25453882777213,2.53217611441417,30.9305948667937
142.079828277001,-33.4383460339996,-30.8112670493496,-32.6634259742799,-1.85215892493033,-30.4088732396945,-32.9417647190205,-0.496581314979039,2.13049766967092,0.278338744740601,2.53289147932607,31.0896057940902
142.1,-33.5036699703343,-30.8463331463105,-35.0883873463436,-4.24205420003307,-32.8319552397259,-35.365027483856,1.86135751352176,4.51869433754547,0.276640137512402,2.53307224413007,31.1229732838229
142.127047825843,-33.5913332899095,-30.8939776297929,-33.6006301898877,-2.70665256009476,-31.350710917034,-33.8855641165261,0.294230826616648,2.99158648673321,0.284933926638459,2.53485319949213,31.1789115564314
142.164767891313,-33.715616733638,-30.9616303191204,-34.9611649942653,-3.99953467514489,-32.6981494908008,-35.2354863558285,1.51986962219048,4.27385603670812,0.274321361563231,2.53733686502765,31.2359516806836
142.2,-33.8286173167991,-31.026034300985,-33.7655163769599,-2.73948207597497,-31.4988712371446,-34.0385279489964,0.209910632197349,3.01249364801144,0.273011572036467,2.5396567118518,31.2990458730214
142.269592997769,-34.0527597015823,-31.1564525690922,-33.8017980357153,-2.64534546662305,-31.5707546969112,-34.106435614412,0.0536759128297248,2.94998304531975,0.304637578696706,2.53568091750083,31.4610901477889
142.3,-34.1552947978049,-31.2148594585656,-31.7427226417118,-0.527863183146202,-29.4665728086907,-32.0005165975783,-2.15477820022663,0.785657139012692,0.257793955866489,2.53394378888765,31.4726534144321
142.339682860339,-34.2778733658752,-31.2922230896391,-33.0760027061235,-1.78377961648442,-30.7919657757321,-33.3272331190833,-0.950640246791913,2.03501002944419,0.251230412959764,2.53526734335115,31.5434535025989
142.4,-34.4572483903464,-31.4119556913256,-34.5274907892422,-3.1155350979166,-32.2092969757455,-34.7465760949298,0.2893277045834,3.33462040360424,0.219085305687635,2.53727911918438,31.6310409970132
142.475958239739,-34.6846853710682,-31.5658372041415,-33.8046728373779,-2.23883563323642,-31.5374842328581,-34.0801247373868,-0.60456063368138,2.51428753324537,0.275451900008939,2.54264050452872,31.8412891041504
142.5,-34.7630207919736,-31.6153999209591,-35.0900947304103,-3.47469480945128,-32.8209684928027,-35.3653059447799,0.602285152806331,3.74990602382083,0.275211214369556,2.54433745197721,31.8906111353286
142.536295809059,-34.8810429773134,-31.6910839343023,-33.8221735620536,-2.13108962775129,-31.5396276164623,-34.0855908815675,-0.795452095745929,2.39450694726515,0.263417319513849,2.54596326510516,31.9545012538162
142.6,-35.0768268093425,-31.8260976054424,-33.9878982066121,-2.16180060116971,-31.6942730225961,-34.2430898157702,-0.833736993572266,2.41699221032784,0.255191609158132,2.54881679317412,32.0812892146005
142.7,-35.3650637839307,-32.0426161089399,-34.4410723425949,-2.39845623365498,-32.0903979511093,-34.6375441997541,-0.727519584176619,2.59492809081419,0.19647185715921,2.54714624864474,32.2390879660991
142.8,-35.61182020146,-32.2622063735788,-33.9805600396961,-1.71835366611729,-31.6070497183787,-34.1629864367194,-1.44883376474056,1.90078006314059,0.182426397023299,2.55593671834076,32.4446327706021
142.9,-35.822392239879,-32.4824504101031,-34.0765320991303,-1.59408168902722,-31.6599947030135,-34.230601391046,-1.59179084883301,1.7481509809429,0.154069291915675,2.57060668803249,32.6365197020188
143,-36.0082822637293,-32.7012668708725,-35.1051859445269,-2.40391907365439,-32.6561959458927,-35.2311608745486,-0.777121389180699,2.52989400367618,0.12597493002179,2.57496492865598,32.8272418008943
143.1,-36.1573907162011,-32.9171259307963,-35.056086961247,-2.13896103045071,-32.5044842425217,-35.0815978401663,-1.07579287603477,2.16447190937005,0.0255108789193415,2.57711359764466,32.9426368097156
143.2,-36.166112958297,-33.1248108389724,-35.0935532002221,-1.96874236124973,-32.30784092645,-34.879708653175,-1.28640430512205,1.75489781420259,-0.213844547047131,2.57186772672498,32.9109662919252
143.282190277592,-36.0464788714603,-33.2816998274306,-35.7645957673828,-2.48289593995225,-33.0106889872334,-35.5904358255431,-0.456043045917212,2.30873599811256,-0.17415994183969,2.57974683830972,33.1075398855909
143.3,-36.0249338216292,-33.3137817536371,-35.3122578845784,-1.99847613094125,-32.5529974792131,-35.1344516336951,-0.890482187934083,1.82066988005803,-0.177806250883215,2.58145415448207,33.1359755027539
143.326472308125,-35.9906534259269,-33.3603001758227,-35.6114742831819,-2.25117410735928,-32.8404141701786,-35.4203041086944,-0.570349317232512,2.0600039328717,-0.191170174487581,2.57988993851581,33.1691300013351
143.365156554442,-35.9328271691311,-33.4256792298966,-35.5024650446691,-2.07678581477255,-32.7291328339442,-35.3067369681604,-0.626090200970737,1.88105773826381,-0.195728076508736,2.57760413421616,33.2299511533878
143.4,-35.8834967188995,-33.4819431659478,-38.1502642170139,-4.6683210510661,-35.3783882150923,-37.9539334931783,2.07043677427877,4.47199032723049,-0.196330723835608,2.57554527808601,33.2856124421122
143.447620291705,-35.821323207316,-33.5550452620476,-35.7789726473232,-2.22392738527563,-33.0257042577871,-35.6057854513456,-0.215537755970374,2.05074018929803,-0.173187195977597,2.58008119355851,33.38185806607
143.5,-35.7473714452237,-33.6305953408381,-34.4067265926071,-0.776131251769083,-31.6319125285995,-34.216982980325,-1.53038846489866,0.586387639486929,-0.18974361228215,2.58507045172548,33.4408517285559
143.558717454731,-35.6562829105488,-33.7090494325888,-37.5213725678356,-3.81232313524686,-34.7505027963968,-37.3501352436994,1.69385233315059,3.64108581111064,-0.171237324136222,2.59963244730265,33.5378121084526
143.6,-35.6030240198091,-33.7604419723005,-37.3252055616738,-3.56476358937331,-34.6356600089396,-37.2455305744369,1.64250655462775,3.48508860213636,-0.0796749872369489,2.6098705654973,33.6807669850636
143.649511675936,-35.5580865129199,-33.8188213864182,-37.6065161370857,-3.78769475066751,-34.8898523026234,-37.4951805988661,1.9370940859462,3.67635921244792,-0.111335538219592,2.60532829624272,33.7074858481986
143.7,-35.5066561888237,-33.8747973556084,-35.5984150705256,-1.72361771491719,-32.8972343236301,-35.4979307515755,-0.00872543724824482,1.62313339596711,-0.10048431895008,2.60069642794544,33.7743130366583
143.761037344082,-35.4603004601461,-33.938096413746,-35.19464340933,-1.25654699558405,-32.4987634657282,-35.090731548625,-0.369568911521064,1.15263513487904,-0.103911860705011,2.59196808289683,33.834184553041
143.8,-35.431656087269,-33.9762227756906,-37.820361117756,-3.84413834206545,-35.1753011666597,-37.7616975866675,2.33004149939848,3.78547481097692,-0.05866353108852,2.58639642000782,33.917559244602
143.847695285707,-35.4294791353027,-34.0210306704074,-36.6005319425628,-2.57950127215534,-34.0651441686307,-36.6470756600352,1.21759652473257,2.62604498962779,0.0465437174724528,2.5819314914045,34.0675743878799
143.9,-35.4720174778023,-34.0693415434144,-36.3851248493972,-2.31578330598279,-33.8956491916022,-36.4726842490831,1.00066677128071,2.40334270566863,0.087559399685837,2.57703505748086,34.1569009431003
143.969244973688,-35.5534528088276,-34.1335170079261,-35.840089550419,-1.70657254249288,-33.4092604373636,-35.9799920143242,0.426539205496596,1.84647500639808,0.139902463905202,2.57073157696053,34.2734194718313
144,-35.6086320181986,-34.1624979797518,-37.2027191830399,-3.04022120328808,-34.8110553866854,-37.3789872844933,1.77035526629463,3.21648930474144,0.176268101453367,2.56793189780787,34.3387660812052
144.034148210702,-35.6865664434733,-34.1954567179002,-36.2857472601596,-2.09029054225937,-33.9546835815896,-36.5276734900433,0.841107046570052,2.33221677214313,0.241926229883752,2.57298990845371,34.4373829477839
144.080240093109,-35.8218407563653,-34.2419396257649,-39.8392346045861,-5.59729497882113,-37.5739369315821,-40.1537539395267,4.33191318316139,5.91181431376175,0.314519334940627,2.57981700794461,34.5564589607056
144.1,-35.8870435643498,-34.2627658985772,-36.6897386465201,-2.42697274794286,-34.4431906854449,-37.0259345178808,1.13889095353105,2.76316861930356,0.336195871360701,2.58274383243588,34.598961769938
144.123855312377,-35.9700849179186,-34.2887076527468,-36.841786921481,-2.55307926873429,-34.59091960155,-37.1752242329738,1.20513931505525,2.88651658022709,0.333437311492794,2.58430463142388,34.6221449642395
144.152682702453,-36.0733833299118,-34.3212589451358,-37.8025919514412,-3.48133300630538,-35.5735915387746,-38.1597822809543,2.08639895104247,3.83852333581848,0.357190329513095,2.58619074217973,34.6784492746489
144.2,-36.2506827604483,-34.3776473970965,-38.0223731981672,-3.64472580107071,-35.8388147214602,-38.4281013271088,2.17741856666051,4.05045393001235,0.405728128941639,2.58928660564862,34.7833755260381
144.251343952775,-36.4626713782452,-34.4434156838156,-37.2597683365538,-2.8163526527382,-35.0702490246019,-37.6652717720534,1.20260039380822,3.22185608823786,0.405503435499654,2.59502274745148,34.8489191193152
144.3,-36.6662017280051,-34.5102657164753,-37.5492030811427,-3.03893736466738,-35.3382204430871,-37.9386790397742,1.27247731176912,3.42841332329891,0.389475958631529,2.6004585966871,34.8997416751068
144.355078407474,-36.8929819310561,-34.5910332590485,-37.0988530362707,-2.50781977722215,-34.8916103027235,-37.4943614839017,0.601379552845579,2.9033282248532,0.395508447631059,2.60275118117827,34.9865417066796
144.4,-37.0774400650719,-34.6607661675237,-35.3693872248573,-0.708621057333609,-33.1574819297568,-35.7621029280025,-1.31533713706948,1.10133676047876,0.39271570314515,2.60462099824571,35.0534818706689
144.478187273958,-37.4097441112443,-34.7901691933709,-38.9309860517732,-4.14081685840235,-36.7448249841836,-39.3487853712942,1.93904126004998,4.55861617792334,0.417799319520995,2.60396038711059,35.2079685128919
144.5,-37.5075026570844,-34.8281899621896,-36.3453003774892,-1.51711041529963,-34.1694759176113,-36.7732520070864,-0.734250649997939,1.94506204489683,0.427951629597203,2.60377608947517,35.2561415917868
144.532775967189,-37.6525754456407,-34.8869212198456,-35.9240771920606,-1.037155972215,-33.719231637502,-36.3226482211164,-1.32992722452431,1.43572700127079,0.398571029055795,2.60341658361445,35.2854922489014
144.57235237607,-37.8232405250223,-34.9601895440965,-37.3539581714619,-2.39376862736543,-35.173059239608,-37.7760417261641,-0.0471987988581475,2.81585218206763,0.422083554702205,2.60298248655617,35.3822730987987
144.6,-37.947248330187,-35.0129277893988,-36.822352239155,-1.80942444975619,-34.6200035061269,-37.2226827374724,-0.724565592714647,2.20975494807359,0.400330498317395,2.60267923134541,35.4132582877162
144.645889163582,-38.1359181985291,-35.1030852549124,-37.6099465646926,-2.50686130978013,-35.3505650897141,-37.9540325399742,-0.181885658554918,2.85094728506176,0.344085975281629,2.60346745026013,35.4471712301941
144.7,-38.3352279038854,-35.2127718466316,-38.1485923222837,-2.93582047565207,-35.811306270039,-38.4157031594396,0.0804752555541697,3.20293131280799,0.267110837155919,2.60439688940061,35.4798826837875
144.75936816992,-38.5275708243109,-35.3360552115884,-38.6776623856013,-3.34160717401288,-36.3563682080489,-38.9672852406767,0.439714416365817,3.63123002908824,0.289622855075365,2.61091703262781,35.6256780666638
144.8,-38.6636215712285,-35.4220412950353,-38.1921723213594,-2.77013102632411,-35.88224417528,-38.4976236218927,-0.165997949335868,3.07558232685736,0.30545130053325,2.61537944661261,35.7274925955685
144.848980741695,-38.8297802638061,-35.5275491869797,-37.4715514550049,-1.94400226802517,-35.1193590867949,-37.7339246777357,-1.0958555860704,2.20637549075599,0.262373222730822,2.61456559094078,35.7899224097105
144.9,-38.9847913627157,-35.6391715945762,-38.5235492712695,-2.88437767669334,-36.1381830746373,-38.7519009382611,-0.232890424454638,3.11272934368486,0.228351666991522,2.61371786362372,35.8675232615677
144.965475069178,-39.1745418078079,-35.7842875857979,-38.0768135345169,-2.29252594871894,-35.6713815184042,-38.2899847347069,-0.88455707310095,2.50569714890902,0.213171200190082,2.6186032163027,35.997458785988
145,-39.2663604850594,-35.8614694029599,-37.6411675771189,-1.77969817415899,-35.2270319882492,-37.8482112455611,-1.41814923949831,1.98674184260117,0.207043668442175,2.6211792573119,36.0685130714021
145.050913989908,-39.3942430063744,-35.9757688904766,-38.6575470100038,-2.68177811952714,-36.2304700659602,-38.8465382341066,-0.547704772267785,2.87076934363002,0.188991224102885,2.61606816814643,36.1647601145795
145.1,-39.5077343302492,-36.0862955679813,-38.6763438710251,-2.59004830304382,-36.1897016251012,-38.8008422090058,-0.706892121243378,2.71454664102449,0.124498337980668,2.61114058390466,36.210793905962
145.173911561302,-39.6422162098877,-36.2520513563749,-37.3483135346232,-1.0962621782483,-34.8068932902803,-37.4239032787441,-2.21831293114355,1.17185192236918,0.0755897441208759,2.61700998846381,36.3276411004958
145.2,-39.6788866462312,-36.3100593784075,-39.4417113504326,-3.1316519720251,-36.8951271046582,-39.5142088069153,-0.164677839315893,3.20414942850782,0.072497456482715,2.61908170225717,36.3825568348902
145.235112318781,-39.726688243904,-36.3875561460739,-39.3933776769546,-3.00582153088074,-36.8202282200254,-39.4402164952732,-0.286471748630795,3.05266034919932,0.0468388183185837,2.6199882752478,36.4343949643925
145.282007273055,-39.7814943975154,-36.4898465933534,-38.8642570166252,-2.37441042327182,-36.2818563800134,-38.9030554468129,-0.878438950702431,2.41320885345957,0.0387984301877538,2.62119906679955,36.5286450235411
145.3,-39.7987602490608,-36.5286895277166,-38.0040322296561,-1.4753427019395,-35.398149273366,-38.0198128984984,-1.77894735056245,1.49112337078176,0.015780668842261,2.62166362513241,36.5444701965589
145.330735650885,-39.8220177591754,-36.5943942003855,-38.1592320162529,-1.56483781586743,-35.5406365264297,-38.1612878537771,-1.66072990539836,1.56689365339161,0.00205583752417482,2.62065132734739,36.5964500379096
145.368575491579,-39.8419661195083,-36.674031968193,-37.941788354403,-1.26775638620994,-35.2833135597871,-37.902718608438,-1.93924751107028,1.22868664024499,-0.0390697459649516,2.61940504865093,36.6349622222281
145.4,-39.848527346318,-36.7389299781105,-40.6928291566656,-3.95389917855509,-38.0237241538834,-40.6420942167978,0.793566870479772,3.90316423868723,-0.0507349398678585,2.61837006291437,36.6881950382427
145.454146960703,-39.8433572457359,-36.8477849327312,-38.2510020409866,-1.40321710825537,-35.5236876496041,-38.1433422241956,-1.7000150215403,1.29555729146439,-0.107659816790978,2.61965457459147,36.7401251159402
145.5,-39.825083348726,-36.9365507483226,-40.761260902642,-3.82471015431945,-38.0158633443017,-40.6366056764264,0.811522327700494,3.70005492810388,-0.124655226215573,2.62074233212473,36.811895522107
145.574656499135,-39.768691623642,-37.0737549689096,-38.0720445223167,-0.998289553407147,-35.3008058014527,-37.9185092326926,-1.85018239094936,0.844754263783059,-0.153535289624088,2.61770343123992,36.9202196792855
145.6,-39.7464876040178,-37.1181395752272,-39.0793939975475,-1.96125442232029,-36.2953473096439,-38.9120191309356,-0.834468473082111,1.79387955570844,-0.167374866611844,2.61667182129175,36.9507647086154
145.654188047926,-39.6845566551364,-37.2091473648787,-40.9183329685501,-3.70918560367134,-38.1128645827538,-40.7205621680645,1.0360055129281,3.51141480318581,-0.197770800485536,2.6076975853107,37.0113765643932
145.7,-39.621273053844,-37.2817234688183,-39.0130445227583,-1.73132105393994,-36.1959091858153,-38.796019724085,-0.825253329758958,1.51429625526671,-0.217024798673236,2.60011053826977,37.0646986701451
145.761622200922,-39.5294369502685,-37.3728248603379,-37.1865614961233,0.18626336421466,-34.3836952890569,-36.9954571266646,-2.53397982360386,-0.377367733673275,-0.191104369458614,2.61176183760775,37.1817204908793
145.8,-39.4759409937797,-37.4259388526469,-39.2821327447545,-1.85619389210762,-36.4687794039097,-39.0877975747594,-0.388143419020253,1.66185872211251,-0.194335169995107,2.61901817084972,37.2316036826518
145.869824524243,-39.3794887608086,-37.5157589415841,-40.8709310058257,-3.35517206424166,-38.0763580760113,-40.6998260667849,1.32033730597631,3.18406712520079,-0.171104939040866,2.62346799077353,37.3446540025432
145.9,-39.3414421289959,-37.5520145720955,-39.0843658438668,-1.53235127177131,-36.3017718047169,-38.927162836638,-0.414279292357897,1.37514826454252,-0.157203007228794,2.62539103192117,37.3948115648667
145.954072345217,-39.2860974015653,-37.6135587241969,-40.1525047894598,-2.5389460652629,-37.3748288956913,-40.0093242726912,0.72322687112591,2.3957655484943,-0.143180516768595,2.63449537699989,37.4703782074283
146,-39.2304606271389,-37.6625122897896,-39.5820614588845,-1.91954916909488,-36.808702114795,-39.4509304875825,0.220469860443636,1.78841819779295,-0.131130971301928,2.64222837278758,37.5313813184877
146.058158092894,-39.1696192466137,-37.7201617769344,-39.4742127866577,-1.75405100972331,-36.7447220206992,-39.3884774124326,0.218858165818915,1.66831563549819,-0.0857353742251163,2.64375539173337,37.6344264027093
146.1,-39.1388871397663,-37.7590920760911,-40.5665332975129,-2.80744122142185,-37.8439293123221,-40.4887833195998,1.34989617983342,2.7296912435087,-0.0777499779131432,2.64485400727766,37.6813420981779
146.157977242635,-39.0964481779793,-37.8099909879255,-40.1871452156273,-2.37715422770181,-37.4256031700294,-40.0824692154655,0.98602103748614,2.27247822753992,-0.104676000161888,2.65686604543604,37.7053149877636
146.2,-39.0559376850605,-37.8444873244562,-38.8497092711002,-1.00522194664399,-36.1214571620532,-38.7870297092485,-0.268907975812006,0.942542384792318,-0.0626795618516667,2.6655725471953,37.7818077626045
146.271069731374,-39.0218410222035,-37.8988971925748,-40.7170283511214,-2.81813115854663,-38.0494662834708,-40.7229813577648,1.70114033556136,2.82408416519002,0.00595300664338794,2.67351507429402,37.9048501992182
146.3,-39.0188887685424,-37.9200401072907,-42.3015832860891,-4.38154317879841,-39.6310208941362,-42.3077691232219,3.28888035467947,4.3877290159312,0.00618583713279008,2.67674822908575,37.9262259444235
146.332182021954,-39.0175284154742,-37.9430252547909,-40.8926056178365,-2.94958036304565,-38.2726448155289,-40.949036777696,1.93150836222178,3.00601152290517,0.056431159859514,2.67639196216711,37.9994564146504
146.369634998259,-39.0315892075828,-37.9693332691655,-41.19317278371,-3.22383951454449,-38.5900880529308,-41.2660653967597,2.23447618917693,3.2967321275942,0.0728926130497172,2.67597734382891,38.0422258822152
146.4,-39.0478615719826,-37.9904999753016,-41.9054663454786,-3.91496637017702,-39.3120056248408,-41.9876468168387,2.93978524485607,3.99714684153714,0.0821804713601182,2.67564119199792,38.0726804466617
146.437864139841,-39.0710196751946,-38.0167893317869,-39.5119552512,-1.49516591941313,-36.9416046102336,-39.6194993241098,0.548479648915169,1.60270999232286,0.107544072909725,2.67789471387613,38.1243334046966
146.5,-39.1510996596525,-38.060459096749,-41.9876585483686,-3.9271994516196,-39.4914699690201,-42.1730627603087,3.02196310065627,4.11260366355975,0.185404211940153,2.68159279128863,38.2458633086891
146.570629976452,-39.2399415365625,-38.1123107773289,-41.1616179342674,-3.04930715693856,-38.562151230892,-41.2339322543847,1.99399071782221,3.12162147705587,0.0723143201173073,2.67178102349276,38.1846250974462
146.6,-39.2615508247493,-38.1340865327067,-40.5869733564568,-2.45288682375012,-38.0168889636047,-40.6845899651906,1.42303914044133,2.55050343248391,0.0976166087337873,2.66770100158586,38.2317031414405
146.643689489151,-39.3017360673664,-38.1665858742487,-40.131313829825,-1.96472795557633,-37.5787068436058,-40.2498433219858,0.948107254619465,2.08325744773717,0.118529492160839,2.67113647838007,38.2851153664095
146.7,-39.3809703612768,-38.209191404312,-40.6039888288851,-2.39479742457313,-38.13517836211,-40.8107427579835,1.42977239670672,2.60155135367152,0.20675392909839,2.6755643958735,38.4159453334104
146.768955749296,-39.5189886180359,-38.2641940505036,-40.752507721889,-2.48831367138538,-38.2925866225028,-40.9645912460312,1.44560262799528,2.70039719552757,0.212083524142194,2.67200462352838,38.4762775746458
146.8,-39.5858780771777,-38.2902194987227,-41.5125435632447,-3.22232406452208,-39.0912454272148,-41.7616474220102,2.17576934483247,3.47142792328753,0.249103858765451,2.67040199479536,38.5393233574881
146.859758081964,-39.7483500582619,-38.3431915047572,-41.5749578070249,-3.23176630226762,-39.2216900662942,-41.8862008193186,2.13785076105672,3.5430093145614,0.311243012293772,2.66451075302438,38.654434517051
146.9,-39.8740181826448,-38.3815481806334,-40.6755765196055,-2.29402833897207,-38.3315089038756,-40.9920524132956,1.11803423065082,2.61050423266218,0.316475893690111,2.66054350942005,38.6980240743235
146.958001506082,-40.070791552061,-38.4411354240468,-41.8717981882839,-3.43066276423716,-39.5117711367284,-42.177856108924,2.10706455686301,3.73672068487728,0.306057920640121,2.66608497219569,38.7471933446869
147,-40.207663132896,-38.4873836733409,-42.7424492862059,-4.255065612865,-40.4263084559876,-43.0964059634845,2.88874283058857,4.60902229014361,0.353956677278603,2.67009750749693,38.8413403506195
147.050676811635,-40.4023642275377,-38.5469376058638,-41.4848433675444,-2.93790576168059,-39.225571201795,-41.8958039166731,1.49343968913536,3.34886631080931,0.410960549128724,2.67023271487813,38.9578981549925
147.1,-40.6196475497008,-38.6095849807249,-43.0504852604279,-4.44090027970301,-40.8533122066944,-43.5236765174429,2.90402896774201,4.91409153671791,0.473191257014903,2.67036431074843,39.0827762377398
147.157484264893,-40.9060354522351,-38.6894784058082,-41.6555162060393,-2.96603780023111,-39.497089353844,-42.1788673224706,1.27283187023546,3.48938891666236,0.523351116431243,2.68177796862653,39.2128295222395
147.2,-41.12727804089,-38.7537007176781,-41.1860524085959,-2.43235169091782,-39.0138845618291,-41.7041041458414,0.576826104951358,2.95040342816331,0.518051737245486,2.69021958401223,39.2717524549235
147.252682188197,-41.4095150600147,-38.8393474590936,-39.5180973098973,-0.678749850803726,-37.3715690923484,-40.0586375264178,-1.35087753359689,1.21929006732428,0.540540216520554,2.68706843406945,39.3798876756141
147.3,-41.6617357958486,-38.9220595651954,-43.2871843575091,-4.36512479231372,-41.0886423934451,-43.7728805441672,2.11114474831859,4.85082097897178,0.485696186658053,2.68423815072212,39.4077557518535
147.354318164269,-41.940994196142,-39.0231479621201,-42.6476136747767,-3.62446571265663,-40.4629997202264,-43.1466177925791,1.20562359643719,4.12346983045904,0.499004117802407,2.68361807235272,39.5221520799225
147.4,-42.1750703532722,-39.1130588951106,-40.6342919316038,-1.52123303649323,-38.4052697982676,-41.0883663817484,-1.08670397152382,1.9753074866378,0.454074450144567,2.68309658348077,39.5671333452552
147.454311252438,-42.4458926371213,-39.2252816424853,-44.2523000965793,-5.02701845409396,-42.0370559122601,-44.72446145459,2.27856881746876,5.49917981210471,0.472161358010752,2.68740554232998,39.6974430004961
147.5,-42.6669760861116,-39.3240111424321,-42.3610938190142,-3.03708267658212,-40.0889968569156,-42.7800272637863,0.113051177674649,3.45601612135414,0.418933444772016,2.69103040687063,39.7429445872041
147.560373768464,-42.9342614370365,-39.4595839536767,-42.0080596383832,-2.54847568470642,-39.6525191550936,-42.3599785413836,-0.574282895652829,2.90039458770691,0.351918903000481,2.70745938629003,39.8115028566772
147.6,-43.0791833487374,-39.5509158449032,-41.6329215621854,-2.08200571728221,-39.2214328247315,-41.939675346793,-1.13950800194441,2.38875950188979,0.306753784607579,2.71824252206154,39.8576696295108
147.654362727971,-43.2596535416227,-39.6781146852296,-42.5236331516384,-2.84551846640881,-40.0745438491175,-42.7987608995393,-0.460892642083365,3.12064621430972,0.275127747900918,2.72421705042181,39.9532424331305
147.7,-43.3862215882294,-39.7860315290959,-42.5879909330711,-2.80195940397525,-40.04937051371,-42.7786031545224,-0.607618433706968,2.99257162542658,0.190612221451325,2.72923264081243,39.9766437505472
147.75720856025,-43.5042422851887,-39.9213172856953,-41.207799565425,-1.28648227972969,-38.5987143249986,-41.3243854188749,-2.17985686631378,1.40306813317959,0.116585853449898,2.72567109387634,40.0379031391452
147.8,-43.5664082618942,-40.0217138903913,-42.6091134736157,-2.58739958322436,-39.9396629992828,-42.6626700911205,-0.903738170773622,2.64095620072922,0.0535566175048601,2.7230070918377,40.0752705078962
147.851434136596,-43.6084140847211,-40.1404686930288,-42.7631050205991,-2.62263632757033,-40.017628015565,-42.7471919190419,-0.86122216567923,2.6067232260131,-0.0159131015572314,2.72956390347687,40.1245555914716
147.9,-43.6190546550713,-40.2497231106085,-42.6926713416886,-2.44294823108005,-39.9410640806786,-42.6768191490026,-0.94223550606872,2.42709603839408,-0.0158521926859692,2.73575506832402,40.2338709179226
147.968763550857,-43.6361417055985,-40.3990476946651,-45.6988905958694,-5.29984290120426,-42.9871409989136,-45.7314028931802,2.09526118758168,5.33235519851512,0.0325122973108591,2.7442618942666,40.431559991976
148,-43.6542141258636,-40.4650785731906,-44.5796204675413,-4.11454189435067,-41.877269939576,-44.6253961345166,0.97118200865296,4.160317561326,0.045775666975338,2.7481261949406,40.5108542401659
148.035796939454,-43.6787498869863,-40.5396007313967,-44.315418452834,-3.77581772143729,-41.6065370709765,-44.3583273209518,0.679577433965505,3.81872658955505,0.0429088681177561,2.75179024997529,40.5825095995145
148.085248133643,-43.6984887657506,-40.6405268083573,-42.4264950428454,-1.78596823448809,-39.6278967586074,-42.3847486674788,-1.31374009827181,1.74422185912152,-0.0417463753665714,2.75685190887139,40.5987804329907
148.1,-43.6957866429621,-40.6700501727459,-41.0970127600356,-0.426962587289651,-38.2941708342696,-41.0525326948582,-2.64325394810393,0.382482522112227,-0.0444800651774244,2.75836186058851,40.6255701075685
148.12194097774,-43.6870749893887,-40.7133617516103,-43.9445461834078,-3.23118443179752,-41.1065664102207,-43.867524134264,0.18044914487529,3.15416238265371,-0.0770220491438067,2.76095772404333,40.6363397024665
148.156724459384,-43.6669325664679,-40.7804132062053,-43.1333551031141,-2.35294189690884,-40.2996505357345,-43.0647235353095,-0.60220903115836,2.28431032910423,-0.0686315678046086,2.76507299957498,40.7117816384007
148.2,-43.6486533872304,-40.8611587946983,-43.8033496364437,-2.9421908417454,-40.9812475050354,-43.7514404858484,0.102787098617981,2.89028169115009,-0.0519091505953142,2.77019298081301,40.809249644103
148.254602960894,-43.6267068981686,-40.9590741684854,-44.9296304901623,-3.97055632167689,-42.1541328212467,-44.9184753485763,1.29176845040772,3.95940118009094,-0.0111551415859452,2.76434252732956,40.9479190268994
148.3,-43.6281935224203,-41.0375907535647,-43.8339924887114,-2.79640173514669,-41.0590953654325,-43.8185738110121,0.190380288591811,2.78098305744734,-0.0154186776993583,2.75947844557957,41.0221720758654
148.372968915574,-43.6239439781636,-41.1589471510661,-42.5230501172461,-1.36410296618001,-39.7445170357963,-42.4950070860613,-1.12893689210227,1.33605993499525,-0.0280430311847653,2.75049005026506,41.1309041198813
148.4,-43.6231125162794,-41.2023928659025,-42.1586177534744,-0.956224887571828,-39.3729033104392,-42.1200636404983,-1.50304887578113,0.91767077459577,-0.0385541129760583,2.74716033005906,41.1638387529265
148.431910963715,-43.6192512772592,-41.2526403240354,-43.3510272276299,-2.09838690359447,-40.5778428495542,-43.3250416312186,-0.294209646040592,2.0724013071832,-0.0259855964112745,2.74719878166444,41.2266547276242
148.5,-43.6283462272861,-41.3565107860162,-44.2189221538769,-2.86241136786066,-41.4633436601771,-44.2106244867705,0.582278259484433,2.85411370075431,-0.00829766710634772,2.7472808265935,41.3482131189099
148.6,-43.6630306706251,-41.5021565780308,-46.2460072971845,-4.7438507191537,-43.5115320956157,-46.2505495795934,2.58751890896833,4.74839300156262,0.00454228240892007,2.73901748397769,41.5066988604397
148.7,-43.7145270683194,-41.6412891166422,-43.4777413497993,-1.8364522331571,-40.7798134614937,-43.5170478998401,-0.197479168479262,1.87575878319792,0.0393065500408198,2.7372344383464,41.680595666683
148.8,-43.7754089992327,-41.7752542743224,-45.5591868088603,-3.78393253453785,-42.8601386548939,-45.6030654670949,1.82765646786216,3.82781119277244,0.0438786582345898,2.74292681220096,41.819132932557
148.9,-43.8972291619609,-41.9060686813183,-44.038928372152,-2.13285969083372,-41.4237262360664,-44.1800440018113,0.282814839850374,2.27397532049296,0.14111562965924,2.75631776574484,42.0471843109775
149,-44.0802713324128,-42.0382606223977,-43.5406309426586,-1.50237032026095,-41.0309756424523,-43.7836640111688,-0.296607321244075,1.7454033887711,0.243033068510151,2.75268836871652,42.2812936909078
149.1,-44.3467044066952,-42.1766077300005,-44.7364509016146,-2.55984317161408,-42.272108834219,-45.0101539903077,0.663449583612497,2.83354626030725,0.273703088693168,2.73804515608868,42.4503108186936
149.2,-44.6826934060622,-42.3254481121903,-46.4233402349674,-4.09789212277708,-43.9466611511923,-46.7080343362583,2.0253409301961,4.38258622406796,0.284694101290881,2.76137318506601,42.6101422134812
149.288075974946,-44.9761903809688,-42.4662758978273,-44.877003075762,-2.41072717793465,-42.4669974168621,-45.2279969910876,0.251806610118791,2.76172109326028,0.350993915325631,2.76099957422554,42.8172698131529
149.3,-45.0205719998434,-42.4860628890813,-46.7760991313365,-4.2900362422552,-44.3713442621573,-47.1322932556765,2.11172125583302,4.64623036659513,0.356194124339922,2.76094899351921,42.8422570134213
149.31870154304,-45.0926428750126,-42.5174948676328,-45.2772507771547,-2.7597559095219,-42.8970524855309,-45.660583380784,0.567940505771467,3.14308851315128,0.383332603629377,2.76353089525314,42.9008274712621
149.342611058028,-45.1901035730993,-42.5584463859187,-45.6121001063202,-3.05365372040151,-43.2367893105704,-46.0036211108918,0.813517537792542,3.44517472497308,0.391521004571572,2.76683180032146,42.9499673904903
149.374834927437,-45.3257381591786,-42.6150736196461,-45.8853642509125,-3.27029063126646,-43.5179596667864,-46.2892402371439,0.963502077965238,3.6741666174978,0.403875986231334,2.77128057035748,43.0189496058774
149.4,-45.4339451671929,-42.6604684404838,-43.2928936739399,-0.632425233456097,-40.9387304314207,-43.7134852468898,-1.72045992030304,1.05301680640604,0.420591572949945,2.77475481546908,43.0810600134337
149.447003767043,-45.631492313311,-42.7480039801632,-44.9717828177328,-2.22377883756965,-42.5589642961226,-45.3316173449506,-0.299874968360349,2.58361336478747,0.359834527217828,2.77265304882803,43.107838507381
149.5,-45.8385863072268,-42.8503819667094,-46.1270710033077,-3.2766890365983,-43.7082219570489,-46.4785052869898,0.63991897976301,3.62812332028045,0.351434283682153,2.77028332994089,43.2018162503915
149.577108466202,-46.1478127164181,-43.0057378805061,-45.5427363465594,-2.53699846605328,-43.1795236569301,-45.9614878883557,-0.186324828062418,2.95575000784957,0.418751541796297,2.78196423142561,43.4244894223024
149.6,-46.2510733145981,-43.0534733034219,-46.5455000413019,-3.49202673788002,-44.2006372737101,-46.9860692663855,0.734995951787354,3.9325959629636,0.440569225083586,2.78543199267534,43.4940425285055
149.636374223658,-46.4249559091098,-43.1311354700248,-44.2492439147168,-1.11810844469198,-41.917815093138,-44.7027642707398,-1.72219163837,1.57162880071502,0.453520356023034,2.7849491776018,43.5846558260478
149.689305075243,-46.6772231384013,-43.2481924620157,-45.431216006511,-2.18302354449532,-43.1077558808996,-45.8920024782006,-0.785220660200757,2.64381001618487,0.460786471689552,2.78424659730094,43.7089789337052
149.7,-46.7303484524046,-43.2724228272873,-46.1391219813986,-2.86669915411129,-43.8116172106618,-46.5957218483451,-0.134626604059477,3.32329902105786,0.456599866946561,2.78410463768328,43.7290226942338
149.717034301403,-46.8144591027032,-43.3114293444651,-45.4401288521091,-2.12869950764404,-43.1181521246037,-45.9007823891631,-0.913676713540035,2.58935304469804,0.460653537053993,2.78263026455947,43.7720828815191
149.746440478829,-46.9604480866978,-43.3799562168903,-45.1079645217047,-1.72800830481435,-42.7890819680414,-45.5691670341424,-1.39128105255532,2.18921081725213,0.461202512437787,2.78008506610109,43.8411587293281
149.783982795851,-47.1539970299196,-43.4696721801809,-45.2965735062197,-1.82690132603873,-42.9933377973856,-45.7701734561929,-1.38382357372676,2.30050127601193,0.473599949973199,2.77683565880728,43.9432721301541
149.8,-47.2374654627974,-43.5087338555644,-46.1142302548937,-2.60549639932929,-43.8005019019588,-46.575951220654,-0.661514242143426,3.06721736508961,0.461720965760321,2.7754493186952,43.9704548213247
149.827831471381,-47.3795038519894,-43.5776903653287,-47.3703654151956,-3.79267504986687,-45.0307173534297,-47.8083113326012,0.428807480611837,4.23062096727256,0.437945917405685,2.77759397917154,44.0156362827344
149.862717931727,-47.5549981432253,-43.6659471205287,-44.3676786334929,-0.701731512964194,-42.0404142285667,-44.8206965173731,-2.73430162585225,1.15474939684432,0.453017883880122,2.78028228880632,44.1189650044089
149.9,-47.7423870079742,-43.7624611295236,-46.4534386380572,-2.69097750853351,-44.1270184000066,-46.9101736011792,-0.832213406795013,3.14771247165552,0.456734963122003,2.78315520117256,44.2191960926456
149.948428047466,-47.9754336530505,-43.8910259092717,-46.9013108385356,-3.01028492926392,-44.5108651310956,-47.2901770112251,-0.685256641825404,3.39915110195342,0.388866172689497,2.77931188012952,44.2798920819612
150,-48.2045322754834,-44.0311948286308,-46.8599451170711,-2.82875028844025,-44.4329807276256,-47.2081997817838,-0.996332493699569,3.17700495315304,0.34825466471279,2.77521905415823,44.3794494933436
150.058296327358,-48.4530235784801,-44.1929152983372,-45.8211601808691,-1.62824488253191,-43.4085825929254,-46.1864615523306,-2.26656202614948,1.99354625399341,0.365301371461499,2.77787895940518,44.5582166697987
150.1,-48.6227578292252,-44.3106271144084,-48.8978366708273,-4.58720955641896,-46.3824096617754,-49.162191448043,0.539433618817839,4.85156433363468,0.264354777215715,2.77978178626761,44.5749818916241
150.160274322252,-48.833265834802,-44.4824470770156,-46.8419682248605,-2.35952114784486,-44.3070872576473,-47.0827498133534,-1.75051602144858,2.60030273633777,0.240781588492908,2.77566255570609,44.7232286655085
150.2,-48.962406505588,-44.5964026577692,-46.7169003929082,-2.12049773513899,-44.1321473338682,-46.9050949818036,-2.05731152378446,2.30869232403436,0.188194588895371,2.77294764793537,44.7845972466646
150.249607352451,-49.0977974778594,-44.7388099929312,-46.781586044428,-2.04277605149683,-44.1813961970948,-46.9519370379439,-2.1458604399155,2.21312704501268,0.170350993515846,2.77054084084914,44.9091609864471
150.3,-49.2214219979889,-44.8830808527668,-48.4346548897592,-3.55157403699243,-45.7653500093277,-48.5334459428149,-0.687976055173962,3.65036509004814,0.098791053055713,2.76809593348722,44.9818719058225
150.390684243025,-49.3598745772695,-45.138936947106,-46.9930409834707,-1.85410403636472,-44.2061103020203,-46.9805036759605,-2.37937090130899,1.84156672885457,-0.0125373075101507,2.77439337394019,45.1263996395958
150.4,-49.3684924201434,-45.1647554148417,-49.8761499657702,-4.71139455092847,-47.0782283074882,-49.8532686011453,0.484776181001905,4.68851318630356,-0.0228813646249151,2.77504029365709,45.1418740502168
150.415680830284,-49.381368540732,-45.207970702489,-47.8682518266681,-2.66028112417906,-45.0553910764201,-47.8336619455785,-1.54770659515346,2.62569124308948,-0.0345898810895804,2.77827086915845,45.1733808213995
150.445649311169,-49.3982870198981,-45.2896347884373,-47.0094094381228,-1.71977464968548,-44.1576392096191,-46.9420842059385,-2.4562028139596,1.65244941750115,-0.0673252321843378,2.78444499631938,45.222309556253
150.485318161412,-49.4032584794503,-45.3955790198467,-48.8023974153722,-3.40681839552547,-45.9089941323636,-48.7016117326487,-0.701646746801615,3.30603271280194,-0.100785682723526,2.79261760028511,45.2947933371232
150.5,-49.401256666105,-45.4340977399724,-47.9569665594414,-2.52286881946902,-45.0521846673922,-47.8478270302186,-1.55342963588649,2.41372929024619,-0.109139529222837,2.79564236282637,45.3249582107495
150.519888064317,-49.3972396074299,-45.4856439318597,-48.4824628516221,-2.99681891976231,-45.5785404214862,-48.3777588687469,-1.01948073868294,2.8921149368872,-0.104703982875108,2.79921844726078,45.3809399489846
150.554640027511,-49.3885575712636,-45.5739878370636,-46.6045357993912,-1.03054796232755,-43.6654792951259,-46.4709465131401,-2.91761105812354,0.896958676076416,-0.133589286251137,2.80546721801414,45.4403985508125
150.593933971487,-49.3609727685725,-45.6710118639551,-49.1923308054027,-3.52131894144766,-46.2226084419327,-49.0351411269113,-0.325831641661189,3.36412926295625,-0.157189678491406,2.81253268497863,45.5138221854637
150.6,-49.3556015075172,-45.6856987293301,-48.4742900247581,-2.78859129542796,-45.4985338898732,-48.3121573109737,-1.0434441965435,2.62645858164355,-0.162132713784402,2.81362342110044,45.5235660155457
150.614353548295,-49.342098233439,-45.7201293890313,-49.3328114274212,-3.61268203838983,-46.3559847704395,-49.17084717369,-0.17125105974894,3.4507177846587,-0.161964253731135,2.81486240325058,45.5581651353002
150.652027295714,-49.3025138835167,-45.8083305505407,-47.8641837422104,-2.0558531916697,-44.8613315635371,-47.6794459223056,-1.62306796121109,1.87111537176494,-0.184737819904768,2.81811435876849,45.6235927306359
150.7,-49.2368059922237,-45.9159339444296,-47.7599615327099,-1.84402758828034,-44.6937499042389,-47.5160052129023,-1.72080077932144,1.60007126847266,-0.24395631980768,2.82225530866334,45.6719776246219
150.74947118365,-49.1391153997914,-46.0207340261954,-48.7529798506007,-2.73224582440528,-45.6656794506157,-48.4874211247385,-0.651694275052918,2.46668709854313,-0.265558725862157,2.82174167412278,45.7551753003332
150.8,-49.0327677093428,-46.1209120631429,-48.5608234592635,-2.43991139612064,-45.5160731791948,-48.3372902379061,-0.695477471436767,2.21637817476319,-0.223533221357442,2.82121705871121,45.8973788417854
150.851267703909,-48.9507377301827,-46.2160485310993,-50.8832634182407,-4.66721488714141,-47.8847810198556,-50.7061177202338,1.7553799900511,4.49006918913449,-0.177145698006917,2.82133670037821,46.0389028330924
150.9,-48.8856024131739,-46.301304775024,-48.8249838071713,-2.52367903214727,-45.8224336019106,-48.6438840271623,-0.241718386011584,2.34257925213828,-0.181099780008992,2.82145042525169,46.120204995015
150.953420681078,-48.8192023004814,-46.3893163284526,-47.9538328194196,-1.56451649096692,-45.0115790049733,-47.8336199474565,-0.985582353024874,1.44430361900386,-0.120212871963055,2.82204094248324,46.2691034564896
151,-48.7765481744712,-46.4620191950299,-49.9543891174657,-3.49236992243576,-46.992543269535,-49.8150991041892,1.03855092971807,3.35307990915932,-0.139290013276437,2.82255583465426,46.3227291817535
151.049167106838,-48.7251610709611,-46.5348962606272,-47.9074566272504,-1.37256036662323,-44.9203685165485,-47.743220084301,-0.981940986660184,1.20832382367379,-0.164236542949446,2.82285156775242,46.3706597176777
151.1,-48.6613116652344,-46.6058787506434,-48.3785584698715,-1.77267971922809,-45.4028040833463,-48.2259614036628,-0.435350261571649,1.6200826530194,-0.152597066208692,2.82315732031647,46.4532816844347
151.180759192187,-48.5722014324903,-46.7098379531017,-50.6523824235742,-3.94254447047258,-47.6921064597197,-50.5087875549939,1.93658612250356,3.79894960189224,-0.143594868580344,2.81668109527423,46.5662430845213
151.2,-48.5507336043025,-46.7331290317645,-50.4802671304352,-3.7471380986707,-47.521986756716,-50.3371248969653,1.78639129266285,3.60399586520086,-0.143142233469838,2.81513814024937,46.5899867982946
151.223211754865,-48.52694736536,-46.7604921356948,-51.7968584112757,-5.0363662755809,-48.8510121110481,-51.6678284009274,3.14088103556741,4.90733626523262,-0.129030010348274,2.81681628987931,46.6314621253465
151.25547041494,-48.4997822657548,-46.7972781568848,-49.6937029490572,-2.89642479217239,-46.7958972365031,-49.6150457437775,1.11526347802275,2.81776758689271,-0.0786572052796828,2.81914850727445,46.7186209516052
151.3,-48.4791567323958,-46.8461041611954,-50.3328446258456,-3.48674046465015,-47.4728022259096,-50.2951701066061,1.81601337421032,3.44906594541065,-0.0376745192394949,2.82236788069649,46.8084296419559
151.371306293779,-48.4927996809379,-46.9210279924234,-49.0534725671941,-2.1324445747707,-46.2874950616813,-49.1153436719359,0.622543990997976,2.19431567951252,0.0618711047418188,2.8278486102546,46.9828990971652
151.4,-48.5122404423096,-46.9506012699162,-49.1072885755053,-2.15668730558909,-46.3510867745572,-49.1811408345061,0.66890039219642,2.23053956458989,0.0738522590008017,2.83005405994886,47.024453528917
151.450572935825,-48.5727811673397,-47.0025540140411,-49.6806783609391,-2.67812434689797,-47.0418757483507,-49.8736251918052,1.30084402446557,2.87107117776412,0.192946830866141,2.8317494434545,47.1955008449073
151.5,-48.6765192845742,-47.0544202988572,-50.128890038102,-3.0744697392448,-47.5186727490476,-50.3520791623412,1.67555987776697,3.29765886348402,0.223189124239227,2.83340641329357,47.2776094230964
151.555764063008,-48.8171652533665,-47.1152712570298,-49.4023370105107,-2.2870657534809,-46.8761533344338,-49.7137839490689,0.89661869570233,2.59851269203904,0.311446938558134,2.83763061463504,47.426718195588
151.6,-48.95686573707,-47.1660922168748,-48.8274753509965,-1.66138313412172,-46.3053912324961,-49.146372777718,0.189507040648053,1.98028056084328,0.318897426721556,2.84098154522196,47.4849896435963
151.650345097435,-49.120526064879,-47.2271000699585,-50.7231459795333,-3.49604590957472,-48.1986217170934,-51.0450550503343,1.92452898545537,3.81795498037579,0.32190907080107,2.84643333324095,47.5490091407596
151.7,-49.2886510104414,-47.2905938199611,-50.5660972935443,-3.27550347358319,-48.0953824939978,-50.9471928751874,1.65854186474601,3.65659905522637,0.381095581643187,2.85181038118961,47.6716894016043
151.771653829917,-49.5652446505326,-47.3891125103636,-50.0660493634455,-2.67693685308186,-47.5383593562434,-50.4088667242518,0.84362207371921,3.01975421388821,0.342817360806357,2.8705073680084,47.73192987117
151.8,-49.6611763653653,-47.430198093187,-51.2165181700605,-3.78632007687346,-48.7128066412236,-51.5907105150297,1.92953414966441,4.16051242184264,0.374192344969181,2.87790387380604,47.8043904381562
151.851437901521,-49.8403614666436,-47.5074569204884,-50.987626366714,-3.48016944622555,-48.46720106432,-51.3486807532467,1.50831928660319,3.84122383275832,0.361054386532771,2.88147968892677,47.8685113070212
151.9,-50.0168553113378,-47.5835463882906,-51.7176744787392,-4.13412809044855,-49.2409697981722,-52.1258253846551,2.10897007331731,4.54227899636447,0.408150905915925,2.88485558648294,47.9916972942066
152,-50.3952752839796,-47.7508293701013,-51.61001324251,-3.85918387240871,-49.1049254765554,-52.0014679722243,1.60619268824475,4.25063860212302,0.391454729714305,2.89654249566893,48.1422840998156
152.1,-50.7722770539035,-47.9315791130899,-50.277522156553,-2.34594304346312,-47.7180784523123,-50.6158763894005,-0.156400664502939,2.68429727631062,0.338354232847493,2.89779793708821,48.2699333459374
152.2,-51.1240609458408,-48.1234081183415,-51.4518790481944,-3.32847092985289,-48.9562245348562,-51.8465949381181,0.722533992277299,3.72318681977654,0.394715889923653,2.8903704032619,48.5181240082652
152.3,-51.565825767349,-48.3282696331039,-51.5319452593764,-3.20367562627249,-49.1040300691597,-51.9847107017733,0.418884934424312,3.65644106866941,0.452765442396924,2.88068063261368,48.7810350755009
152.4,-52.0729057584974,-48.5502739972452,-50.7698795956731,-2.21960559842796,-48.4169818935185,-51.2930745493379,-0.779831209159497,2.74280055209274,0.523194953664778,2.87609265581943,49.07346895091
152.5,-52.6045230380282,-48.7918371793696,-53.0768877901914,-4.28505061082181,-50.6826173039019,-53.5471468690332,0.942623831005058,4.75530968966366,0.470259078841849,2.86452956513135,49.2620962582114
152.6,-53.1715423041754,-49.0529152151598,-52.4699725676419,-3.41705735248216,-50.012733560717,-52.8613590038458,-0.310183300329584,3.808443788686,0.391386436203838,2.84862544312876,49.4443016513636
152.682996944616,-53.5780657313838,-49.2827306545295,-52.5293306499742,-3.24659999544476,-50.0410917066625,-52.8735803111843,-0.704485420199489,3.59084965665483,0.344249661210064,2.83248860452183,49.6269803157395
152.7,-53.6563818621731,-49.3309534449958,-52.1481336187402,-2.81718017374435,-49.6407776965412,-52.4699604497232,-1.18642141244995,3.13900700472735,0.321826830982999,2.82918275318202,49.6527802759788
152.725826559671,-53.7715145456013,-49.4048002477074,-54.5597782418781,-5.15497799417074,-52.0580400045129,-54.8855566652417,1.11404211964042,5.48075641753437,0.325778423363623,2.82751666072881,49.730578671071
152.78113164779,-54.0238792796574,-49.5653947493204,-53.2187756318957,-3.65338088257527,-50.699932009761,-53.5238808940954,-0.499998385561909,3.95848614477501,0.305105262199739,2.82394888433448,49.8705000115202
152.8,-54.1061623344839,-49.6209105176062,-52.0501884187567,-2.42927790115048,-49.5308649449171,-52.3535966164435,-1.75256571804047,2.73268609883726,0.303408197686771,2.82273167152635,49.924318715293
152.822398835433,-54.2041481202058,-49.6872459339278,-51.6318743048923,-1.94462837096453,-49.0968962872906,-51.919857609107,-2.28429051109884,2.23261167517919,0.287983304214663,2.82296132181642,49.9752292381425
152.881239421373,-54.4280892210804,-49.8632106477798,-54.0752308215326,-4.21202017375283,-51.4376261334537,-54.2611907347428,-0.166898486337551,4.39798008696308,0.185959913210255,2.82356460128914,50.04917056099
152.9,-54.4898388779035,-49.9195884526179,-53.694270800838,-3.77468234822008,-51.0596534549842,-53.8834104043236,-0.606428473579925,3.9638219517057,0.189139603485614,2.82375694933941,50.1087280561035
152.931170153674,-54.5929149747555,-50.0134152573759,-52.6639003836285,-2.65048512625263,-50.0151335697048,-52.8347748434544,-1.75814013130111,2.82135958607847,0.170874459825846,2.8196412737496,50.1842897172018
152.974501491992,-54.7269118737869,-50.1440560027262,-53.4048247765702,-3.26076877384402,-50.719254225101,-53.5331740727307,-1.19373780105624,3.38911807000449,0.128349296160465,2.81391984762971,50.2724052988867
153,-54.7978506584341,-50.2208955213317,-54.7948510125004,-4.57395549116877,-52.1012545073558,-54.9118075577575,0.113956899323441,4.69091203642585,0.116956545257082,2.81055305040171,50.3378520665887
153.034307037439,-54.8908114785402,-50.324098079349,-51.8628139361886,-1.53871585683962,-49.1614137446518,-51.9711469902156,-2.91966448832461,1.64704891086658,0.108333054026964,2.80973324556381,50.432431133376
153.079708447625,-55.0119877701086,-50.4603010440565,-53.1498562460555,-2.68955520199896,-50.4365907422214,-53.2452390705642,-1.76674869954436,2.78493802650766,0.0953828245087038,2.80864832834282,50.5556838685652
153.1,-55.0643581839167,-50.5210129529552,-55.8959403149607,-5.37492736200542,-53.181364260054,-55.9895276991716,0.925169515254908,5.46851474621634,0.0935873842109132,2.80816343911754,50.6146003371661
153.13785810153,-55.1599092335267,-50.633963941433,-53.7482685372681,-3.11430459583517,-51.0370292326087,-53.8506179723777,-1.30929126114897,3.21665403094475,0.102349435109574,2.81358873976901,50.7363133765425
153.184490388236,-55.2724009356883,-50.7724532265808,-55.543074353179,-4.77062112659814,-52.8040492741059,-55.6243207096581,0.35191977396974,4.85186748307725,0.0812463564791059,2.82027143555216,50.8536995830599
153.2,-55.3078116871269,-50.8183185189416,-53.6385243573047,-2.82020583836313,-50.8989981559617,-53.7214922150319,-1.58631947209503,2.90317369609031,0.0829678577271764,2.82249405907015,50.9012863766688
153.22638253122,-55.3673709476824,-50.8960860663483,-56.3681944057436,-5.47210833939528,-53.6355689861621,-56.4614143605851,1.09404341290271,5.56532829423681,0.0932199548415227,2.82584537442303,50.9893060211898
153.26031041855,-55.4463428601232,-50.9956549338663,-55.6861830662467,-4.69052813238039,-52.9679726416532,-55.7981278015458,0.351784941422629,4.8024728676795,0.111944735299119,2.83015515989265,51.1075996691655
153.3,-55.5443155611005,-51.1116394494727,-54.9416746072911,-3.8300351578184,-52.2198930838233,-55.0550899246128,-0.489225636487646,3.94345047514014,0.113415317321738,2.83519684078954,51.2250547667944
153.368282601393,-55.7048017878295,-51.3099385783828,-55.6054281035447,-4.29548952516194,-52.8795721391817,-55.7264837188757,0.0216819310462171,4.41654514049294,0.121055615330995,2.846911579694,51.4309941937138
153.4,-55.7799219574856,-51.4014802522949,-53.1707475896485,-1.76926733735361,-50.4417092046545,-53.2940623029175,-2.48585965456814,1.89258205062255,0.12331471326894,2.85235309826296,51.5247949655638
153.444939969439,-55.8799581295106,-51.5305344645693,-54.9734170224965,-3.44288255792716,-52.2090399651227,-55.0579863423541,-0.821971787156507,3.52745187778479,0.0845693198576356,2.84894637723144,51.615103784427
153.5,-55.9879680112966,-51.6872182735999,-56.4516175503607,-4.76439927676075,-53.6678637307639,-56.5126362252256,0.524668213929004,4.82541795162575,0.0610186748649966,2.84477249446177,51.7482369484649
153.569093190792,-56.111409744238,-51.8812190754428,-56.2328362908693,-4.35161721542652,-53.4162235439008,-56.2637074237898,0.152297679551808,4.38248834834698,0.0308711329204598,2.84748387988898,51.9120902083632
153.6,-56.1565378994678,-51.9668307058882,-55.6664187596499,-3.69958805376169,-52.8373269703071,-55.6860237088168,-0.47051419065096,3.71919300292859,0.0196049491668973,2.84869673850971,51.9864356550551
153.645650879179,-56.2220116152599,-52.0917810376347,-56.4612022545126,-4.3694212168779,-53.614537240501,-56.4566221558227,0.234610540562834,4.36484111818805,-0.00458009868984988,2.84208491532171,52.0872009389448
153.7,-56.2940796755768,-52.2380329113127,-55.0982874929978,-2.86025458168507,-52.3001150613165,-55.1343283477944,-1.15975132778241,2.89629543648167,0.0360408547966031,2.83421328647794,52.2740737661093
153.8,-56.450133624838,-52.5016554525463,-56.7903793869926,-4.28872393444628,-53.9096790133266,-56.7512870426921,0.301153417854074,4.24963159014573,-0.0390923443005491,2.84160802936547,52.4625631082458
153.9,-56.5555832065281,-52.755989417109,-55.2448210043504,-2.4888315872414,-52.4499156756054,-55.2840394169069,-1.27154378962121,2.52804999979792,0.0392184125565223,2.83412374130144,52.7952078296655
154,-56.6958375689264,-53.0025712390474,-56.8016837914508,-3.7991125524034,-53.9922336179265,-56.8333500802691,0.137512511342685,3.83077884122169,0.0316662888182933,2.8411164623426,53.0342375278657
154.1,-56.8400189726444,-53.2421591078152,-54.4380007873645,-1.19584167954922,-51.6779721033873,-54.520740074324,-2.3192788983204,1.27858096650879,0.0827392869595727,2.84276797093677,53.3248983947748
154.2,-56.9980576237072,-53.4764441450173,-56.6058781626704,-3.12943401765311,-53.817311041125,-56.6776868303871,-0.320370793320059,3.20124268536981,0.0718086677166951,2.86037578926207,53.548252812734
154.3,-57.1366478369382,-53.7054112214307,-58.5087723127674,-4.80336109133665,-55.671533039142,-58.5408002316107,1.40415239467254,4.83538901018002,0.0320279188433688,2.86926719246878,53.7374391402741
154.4,-57.2358997238751,-53.9271399438808,-57.4171884943557,-3.49004855047487,-54.595407234388,-57.4555206027635,0.219620878888414,3.52838065888264,0.0383321084077721,2.86011336837545,53.9654720522886
154.5,-57.4030211274665,-54.1427259874049,-57.1137095233489,-2.97098353594397,-54.384615760668,-57.2414475859864,-0.161573541480095,3.09872159858153,0.127738062637562,2.85683182531842,54.2704640500425
154.6,-57.608785922783,-54.357061351886,-58.8568747517813,-4.49981339989532,-56.1161808009073,-58.9615656290139,1.35277970623091,4.60450427712788,0.104690877232557,2.84538482810657,54.4617522291186
154.7,-57.859200264216,-54.5718869201493,-58.7632290591662,-4.19134213901688,-56.0765655484709,-58.916954840507,1.05775457629107,4.34506792035771,0.153725781340825,2.84038929203616,54.7256127014901
154.8,-58.155504186643,-54.7901303589574,-59.5529973689496,-4.76286700999225,-56.9816883244472,-59.8298058606267,1.67430167398372,5.03967550166936,0.276808491677109,2.84811753617956,55.0669388506345
154.9,-58.5354116123916,-55.0166616084868,-58.6803063043491,-3.66364469586237,-56.1136056774816,-58.9683473584663,0.432935746074719,3.95168574997957,0.288041054117208,2.8547416809847,55.304702662604
155,-58.9559316437952,-55.2537336053719,-60.2210666163103,-4.9673330109384,-57.7464036484546,-60.6197124671923,1.66378082339703,5.36597886182037,0.398645850881977,2.87330881873763,55.6523794562539
155.1,-59.4176753194945,-55.5044113342586,-59.9260455917455,-4.42163425748694,-57.4381694272751,-60.306324779817,0.888649460322412,4.80191344555838,0.380279188071441,2.86815535254188,55.88469052233
155.2,-59.9005468482988,-55.7689699210927,-60.3051213422322,-4.53615142113946,-57.8307493892339,-60.7059682164991,0.805421368200292,4.93699829540635,0.400846874266882,2.87521882726521,56.1698167953596
155.3,-60.4350380903678,-56.0486578136124,-60.7940586136459,-4.74540080003348,-58.4193272650303,-61.3108939765721,0.875855886204242,5.26223616295964,0.516835362926159,2.89156671154171,56.5654931765386
155.4,-61.0420876593911,-56.3475958442004,-61.9696345436754,-5.62203869947497,-59.5504256731153,-62.4456756535995,1.40358799420832,6.09807980939903,0.476041109924061,2.89524998048419,56.8236369541245
155.5,-61.6244137599576,-56.6649783178017,-61.24532155611,-4.58034323830826,-58.8802360686467,-61.7837391332483,0.159325373290699,5.11876081544654,0.538417577138276,2.90350306460154,57.20339589494
155.6,-62.2531371332709,-57.0011176293636,-60.8361040453632,-3.83498641599968,-58.4422319908116,-61.3632881726686,-0.889848960602322,4.36217054330505,0.527184127305368,2.92105618185706,57.5283017566689
155.7,-62.8434069428592,-57.3549840046609,-61.0887650572067,-3.73378105254576,-58.5697238312765,-61.4926526629826,-1.3507542798766,4.13766865832165,0.403887605775893,2.92292883170604,57.7588716104368
155.8,-63.3161225710561,-57.71999316555,-64.2110355279428,-6.49104236239288,-61.6200928759581,-64.5218688720341,1.20574630097807,6.80187570648419,0.310833344091307,2.90177599607604,58.0308265096413
155.9,-63.701516678528,-58.0896595019529,-61.4136109243787,-3.32395142242578,-58.6534893637607,-61.5418549030597,-2.15966177546825,3.45219540110678,0.128243978681006,2.88836553929898,58.2179034806339
156,-63.9374181297121,-58.4548602106509,-62.0050242237099,-3.550164013059,-59.2074346635267,-62.0940365927894,-1.84338153692269,3.63917638213852,0.0890123690795193,2.88660192926277,58.5438725797304
156.1,-64.1181399121606,-58.8105940826756,-63.0458058581349,-4.23521177545936,-60.0876581780696,-62.9938269716133,-1.12431294054726,4.18323288893777,-0.0519788865215958,2.90616879354378,58.758615196154
156.2,-64.1735510580898,-59.1507467793931,-61.5203331604908,-2.3695863810977,-58.4797456414355,-61.4001263027862,-2.77342475530354,2.24937952339311,-0.120206857704588,2.92038066135071,59.0305399216885
156.3,-64.1559410690719,-59.4701136461219,-63.8156114877007,-4.34549784157883,-60.7586345607122,-63.6778286125398,-0.478112456532116,4.20771496641789,-0.137782875160944,2.91919405182755,59.3323307709609
156.4,-64.1652912019055,-59.7684530908152,-63.5889562370798,-3.82050314626456,-60.5752983797977,-63.4935900584798,-0.671701143425722,3.72513696766462,-0.0953661785999458,2.9182916786821,59.6730869122153
156.5,-64.1840838316612,-60.0489280860241,-63.8440583600386,-3.79513027401457,-60.8621740488225,-63.7657942295651,-0.418289602096145,3.71686614354101,-0.0782641304735634,2.90362018074255,59.9706639555505
156.6,-64.2298810011602,-60.3135241812346,-65.3838746135795,-5.07035043234485,-62.4396164776066,-65.3613395012697,1.13145850010955,5.04781532003512,-0.0225351123097255,2.92172302366317,60.2909890689249
156.7,-64.3421134137731,-60.5658725305941,-65.5581137658581,-4.99224123526393,-62.7129824734401,-65.6516566089731,1.30954319519999,5.08578407837898,0.0935428431150456,2.93867413553298,60.6594153737092
156.8,-64.5556697921306,-60.8126442761578,-65.3276999066684,-4.51505563051067,-62.5827697680183,-65.5289232297487,0.973253437618141,4.71627895359094,0.201223323080271,2.94615346173043,61.013867599238
156.9,-64.8545138134026,-61.0600625108203,-64.364256923919,-3.30419441309873,-61.7085278746108,-64.649011594151,-0.205502219251585,3.58894908333071,0.28475467023199,2.94048371954018,61.3448171810522
157,-65.2343546415779,-61.3134269630086,-66.223674564736,-4.91024760172738,-63.6352038813724,-66.5692460710742,1.33489142949631,5.25581910806554,0.345571506338175,2.93404218970174,61.6589984693468
157.1,-65.6617326654498,-61.5768449631181,-65.5119116055768,-3.93506664245867,-62.9262579565675,-65.8725410844783,0.210808419028538,4.29569612136017,0.360629478901487,2.94628312791076,61.9374744420196
157.2,-66.1349655468746,-61.8517251212109,-65.0470069983905,-3.19528187717961,-62.5242141982558,-65.4710997631971,-0.663865783677409,3.61937464198622,0.424092764806602,2.94688556494135,62.2758178860175
157.3,-66.6699687395184,-62.1411459805805,-68.2583097870525,-6.11716380647196,-65.7985214166851,-68.7353878184255,2.06541907890711,6.59424183784503,0.477078031373054,2.93686640174043,62.6182240119536
157.4,-67.2390563422998,-62.447895894101,-67.5023735228487,-5.05447762874772,-65.027632601155,-67.9635804899045,0.724524147604654,5.51568459580351,0.461206967055787,2.93594788874951,62.9091028611568
157.5,-67.8116557536194,-62.7712263145159,-67.9639857378511,-5.19275942333522,-65.5194504578691,-68.4460585661792,0.634402812559784,5.67483225166328,0.482072828328057,2.92660810831009,63.253299142844
157.6,-68.4276345222379,-63.1118092086332,-69.2022671632624,-6.09045795462922,-66.7854585721558,-69.7138575862875,1.28622306404958,6.60204837765427,0.511590423025055,2.92839901413167,63.6233996316583
157.7,-69.0232584334813,-63.4700089864689,-69.0785269536091,-5.60851796714029,-66.5707455320738,-69.5023073474284,0.479048913947153,6.03229836095959,0.4237803938193,2.93156181535467,63.8937893802882
157.8,-69.552329778724,-63.8410799523997,-68.3041628967447,-4.46308294434507,-65.7135482151784,-68.6406881854715,-0.911641593252511,4.7996082330718,0.336525288726733,2.92713997029311,64.1776052411264
157.9,-70.0384321939617,-64.2201902838068,-69.6480876249897,-5.42789734118283,-67.0911683116489,-70.0152376449403,-0.023194549021369,5.79504736113348,0.367150019950657,2.9240693332914,64.5873403037575
158,-70.5397532459755,-64.6070021686571,-68.148083443165,-3.54108127450791,-65.545995183595,-68.4658188564929,-2.07393438948263,3.8588166878358,0.317735413327881,2.91982367289789,64.924737581985
158.1,-70.9806197323929,-64.9994337418137,-70.3060533416792,-5.30661959986553,-67.6045194418078,-70.5303460020228,-0.450273730370043,5.53091226020918,0.22429266034365,2.92582656021504,65.2237264021573
158.2,-71.3679113840406,-65.3928431920262,-71.3680747791002,-5.97523158707391,-68.6522319105809,-71.5736632109397,0.205751826899075,6.18082001891345,0.20558843183953,2.92143130035878,65.5984316238658
158.3,-71.7411020170653,-65.785432778601,-71.9891830722518,-6.20375029365083,-69.2529047433664,-72.1904152770048,0.449313259939487,6.40498249840383,0.201232204752998,2.93751053363836,65.986664983354
158.4,-72.0885313802985,-66.1759762767305,-71.6096615495262,-5.43368527279569,-68.8636266256774,-71.8097521039259,-0.278779276372674,5.63377582719538,0.200090554399679,2.94612547824846,66.3760668311302
158.5,-72.4202083183215,-66.563537443863,-70.5865495080848,-4.0230120642218,-67.7699999799751,-70.7057520177349,-1.71445630058669,4.14221457387185,0.119202509650052,2.93575203775977,66.682739953513
158.6,-72.6761062102673,-66.9448364032366,-71.0418535349264,-4.09701713168984,-68.2104736821026,-71.1423705539575,-1.53373565630976,4.19753415072094,0.100517019031102,2.93189687185495,67.0453534222677
158.7,-72.8991012677178,-67.3174023675774,-73.2539008346672,-5.93649846708981,-70.3461464271322,-73.2701283872468,0.371027119529046,5.95272601966946,0.0162275525796503,2.92398196011459,67.333629920157
158.8,-73.1298189050841,-67.6798709903938,-72.6277497663765,-4.94787877598273,-69.7764737148907,-72.6881270109967,-0.441691894087384,5.00825602060293,0.0603772446201987,2.91165329610594,67.740248235014
158.9,-73.3481744415588,-68.0341228940791,-72.9090646866798,-4.87494179260071,-70.0370648569972,-72.9336735252803,-0.414500916278442,4.89955063120122,0.0246088386005141,2.89660866828318,68.0587317326796
159,-73.5924813460176,-68.3801407555124,-72.910045201078,-4.52990444556556,-70.0951413665186,-72.9849801884572,-0.607501157560421,4.60483943294479,0.0749349873792227,2.88983882193854,68.4550757428916
159.1,-73.8662880643455,-68.7205112343528,-72.5165046704876,-3.79599343613482,-69.764791015971,-72.6567110630276,-1.20957700131791,3.93619982867482,0.140206392539994,2.89192004705662,68.8607176268928
159.2,-74.1782726219581,-69.0581512521416,-74.931286090617,-5.87313483847544,-72.1898542761225,-75.0770458378372,0.898773215879118,6.01889458569556,0.145759747220126,2.88719156171467,69.2039109993617
159.3,-74.5192354295752,-69.3950622832144,-73.1101258977766,-3.71506361456217,-70.4084899978565,-73.3193482719883,-1.19988715758691,3.92428598877385,0.209222374211677,2.91085827413171,69.6042846574261
159.388433541724,-74.8325943467925,-69.6938383838544,-76.5589641186519,-6.86512573479752,-73.7839834195539,-76.7000564519074,1.86746210511488,7.00621806805296,0.141092333255443,2.91607303235348,69.8349307171098
159.4,-74.8670668411871,-69.7329267416983,-74.5657240125938,-4.83279727089555,-71.784735080737,-74.7014901651966,-0.165576675990494,4.96856342349837,0.135766152602812,2.91675508445965,69.8686928943011
159.416113778762,-74.914312268329,-69.7873194610175,-75.1993165275118,-5.41199706649425,-72.4207018573629,-75.3391969530133,0.424884684684272,5.55187749199577,0.139880425501516,2.91849509565043,69.927199886519
159.441826037099,-74.9903857115697,-69.8739587871765,-78.7616033074271,-8.88764452025056,-75.9888257035436,-78.910097281229,3.91971156965933,9.03613849405245,0.148493973801891,2.92127157768537,70.0224527609784
159.486541463327,-75.1248560861698,-70.024241037871,-73.4241812173497,-3.39994017947868,-70.6583580995645,-73.5844581748475,-1.54039791132233,3.56021713697648,0.1602769574978,2.92610007528296,70.1845179953688
159.5,-75.1656973378281,-70.0693876008203,-74.5809616171362,-4.51157401631586,-71.8092611977539,-74.7368145637124,-0.428882774115735,4.66742696289212,0.15585294657626,2.92755336595852,70.2252405473966
159.5288905773,-75.2551057695594,-70.1661786994222,-75.390029548052,-5.22385084862979,-72.6320847686228,-75.5611671012032,0.306061331643789,5.39498840178102,0.171137553151226,2.92908233258045,70.3373162525734
159.565989491982,-75.3739091723391,-70.2903164407877,-75.430578962713,-5.14026252192529,-72.6896951483201,-75.6207408546909,0.246831682351768,5.33042441390312,0.190161891977823,2.93104570637078,70.4804783327656
159.6,-75.4891869884093,-70.4040855266426,-75.9584055082846,-5.55431998164201,-73.2137090609008,-76.1465546943209,0.657367705911639,5.74246916767837,0.188149186036355,2.93284563342014,70.5922347126789
159.642111060524,-75.6254991797603,-70.5449082697934,-75.8579953756975,-5.3130871059041,-73.1262627018028,-76.0573945731168,0.43189539335647,5.51248630332333,0.199399197419226,2.93113187131399,70.7443074672127
159.690475082447,-75.7926966508279,-70.7066135754502,-77.0204093772712,-6.31379580182103,-74.3237972576245,-77.2529608947729,1.46026424394499,6.54634731932271,0.232551517501676,2.92916363714841,70.9391650929519
159.7,-75.8283632516945,-70.7384984061091,-75.354072139055,-4.61557373294596,-72.6642882618534,-75.5930642706077,-0.235298981086814,4.8545658644986,0.238992131552635,2.92877600875428,70.9774905376617
159.714053603512,-75.8816776884547,-70.7855902334233,-75.224456476864,-4.43886624344071,-72.5286062999823,-75.4584223019249,-0.423255386529846,4.67283206850153,0.233965825060821,2.92981600194253,71.0195560584842
159.737552180697,-75.9709591339843,-70.8644533253135,-76.4872509464514,-5.62279762113785,-73.8147548208399,-76.7463097618514,0.775350627867056,5.88185643653784,0.259058815399996,2.93155494101146,71.1235121407135
159.766677321591,-76.0854771008706,-70.9624748363286,-76.0931261654254,-5.13065132909682,-73.4000245241016,-76.3337347805175,0.24825767964694,5.37125994418895,0.240608615092128,2.93371025641588,71.2030834514207
159.8,-76.2148505479871,-71.0749659873069,-76.2401121812845,-5.16514619397763,-73.559586067184,-76.4957622647039,0.280911716716844,5.42079627739705,0.255650083419411,2.93617619751991,71.3306160707263
159.846234634433,-76.3987065730264,-71.2317083909785,-74.9608316471463,-3.72912325616781,-72.2963143834798,-75.241938839085,-1.15676773394138,4.01023044810654,0.28110719193873,2.94562445560526,71.5128155829172
159.9,-76.6241368912505,-71.4151598812045,-76.0211450009068,-4.60598511970227,-73.4121072809469,-76.3687189338377,-0.255417957412817,4.95355905263314,0.347573932930871,2.95661165289073,71.7627338141354
159.952708786292,-76.8706544911039,-71.5969424034562,-76.9907867219423,-5.39384431848615,-74.3621739846151,-77.318824843656,0.448170352552083,5.72188244019985,0.328038121713703,2.95665085904098,71.9249805251699
160,-77.0844577281789,-71.7618058344235,-76.315956429541,-4.55415059511756,-73.6738949352131,-76.6305809706745,-0.453876757504347,4.86877513625106,0.314624541133497,2.95668603546147,72.076430375557
160.065784372977,-77.3831033719531,-71.9935757858835,-75.8238186318326,-3.83024284594916,-73.1966304848212,-76.1474182528264,-1.23568511912676,4.1538424669429,0.323599620993747,2.95078776800514,72.3171754068772
160.1,-77.5407677732831,-72.1153054743719,-77.7924721952914,-5.67716672091946,-75.1740582954661,-78.1217782692485,0.58101049596543,6.0064727948766,0.329306073957142,2.9477199737824,72.4446115483291
160.170298366369,-77.8639225745616,-72.3679512278157,-78.8770803397388,-6.50912911192309,-76.2327091323324,-79.1902651543217,1.32634257976002,6.82231392650598,0.313184814582897,2.95755602198928,72.6811360423986
160.2,-77.997178912353,-72.4755975578388,-78.3895070287039,-5.91390947086504,-75.7565333576742,-78.7182451903218,0.721066277968788,6.24264763248296,0.32873816161792,2.96171183264754,72.8043357194567
160.240515494436,-78.1834220577344,-72.6232875620584,-77.5595408562357,-4.93625329417736,-74.9404018470965,-77.904675314403,-0.278746743331382,5.28138775234464,0.34513445816728,2.96427346730647,72.9684220202256
160.3,-78.4647249943347,-72.8421576135316,-77.9584614401202,-5.11630382658858,-75.3137497908173,-78.2817842284203,-0.182940765914395,5.43962661488868,0.323322788300104,2.96803443760295,73.1654804018317
160.364919429226,-78.7486339686319,-73.0832762797132,-79.0262767863599,-5.94300050664677,-76.3557727381337,-79.3288181180282,0.580184149396203,6.24554183831499,0.302541331668223,2.97304537989449,73.3858176113814
160.4,-78.9003511743518,-73.2142798480485,-76.9774957187498,-3.7632158707013,-74.2962425813703,-77.2719957286897,-1.62835544566218,4.05771588064118,0.294500009939881,2.97575314731938,73.5087798579884
160.444828253555,-79.0863970299597,-73.382278011943,-79.4144004071829,-6.03212239523995,-76.7013022817954,-79.6818058702592,0.59540884029947,6.29952785831624,0.267405463076287,2.98050358846382,73.6496834750192
160.5,-79.2970150886937,-73.5894657273988,-78.6510255595699,-5.06155983217104,-75.8944095320769,-78.8807596595768,-0.41625542911693,5.29129393217794,0.229734100006894,2.98635012749986,73.8191998274057
160.566702913645,-79.5338481211616,-73.8395839771985,-77.7082172244117,-3.86863324721322,-74.9804350173912,-77.9818559092629,-1.55199221189869,4.14227193206443,0.273638684851207,3.00142089187173,74.1132226620497
160.6,-79.6630802747387,-73.964357765828,-78.8634730748027,-4.89911530897467,-76.1723737399344,-79.1813177296035,-0.481762545135183,5.21695996377549,0.317844654800822,3.00894398966908,74.2822024206288
160.6380900547,-79.8198403934493,-74.1073598901772,-79.7400605584507,-5.63270066827349,-77.0258504720412,-80.0342663703979,0.21442597694859,5.92690648022067,0.29420581194718,3.00841589835672,74.4015657021244
160.689032924634,-80.0211348509888,-74.2989905822287,-81.986039920653,-7.68704933842436,-79.2689461174139,-82.2766557293856,2.25552087839679,7.97766514715693,0.290615808732568,3.00770961197172,74.5896063909612
160.7,-80.0649070857268,-74.3402883316192,-80.6078338695166,-6.26754553789742,-77.8888089541796,-80.8963665155106,0.831459429783706,6.55607818389136,0.288532645993939,3.007557561331,74.6288209776131
160.739798774627,-80.224713470311,-74.490316700452,-78.1405855143134,-3.65026881386139,-75.4288305422914,-78.4370623101908,-1.78765116012025,3.9467456097388,0.29647679587741,3.00823176789942,74.7867934963294
160.785491129875,-80.4125206623037,-74.6629332501674,-79.6609434917357,-4.99801024156828,-76.9393348789704,-79.9483406929636,-0.464179969340165,5.28540744279617,0.28739720122789,3.00900581399314,74.9503304513953
160.8,-80.4700844831347,-74.7178317308831,-79.4238408588189,-4.70600912793579,-76.6943372265077,-79.7035888263481,-0.766495656786603,4.98575709546496,0.279747967529175,3.00925159984033,74.9975796984123
160.828963354873,-80.5841241007962,-74.8274818650013,-79.5684169731909,-4.74093510818965,-76.8519221016837,-79.8637660519882,-0.720358048807967,5.03628418698693,0.295349078797287,3.01184395030452,75.1228309437986
160.873242138475,-80.7718244027815,-74.9954364752768,-80.216505468408,-5.22106899313124,-77.5402552985205,-80.5560623990102,-0.215762003771289,5.56062592373337,0.339556930602129,3.01580710048967,75.3349934058789
160.9,-80.8916403491433,-75.0972920079067,-81.397775821975,-6.30048381406824,-78.7073215182301,-81.7255235676147,0.833883218471414,6.62823155970797,0.327747745639726,3.01820204938454,75.4250397535464
160.934137891231,-81.0390333139676,-75.2276304486749,-78.9115625295531,-3.68393208087815,-76.2189955985992,-79.2429052185843,-1.79612809538327,4.01527476990937,0.331342689031217,3.02390961998505,75.5589731377061
161,-81.320143576725,-75.480158862589,-81.6854935364672,-6.20533467387823,-78.9708089648714,-82.0057301799533,0.685586603228316,6.52557131736435,0.320236643486126,3.03492121508191,75.8003955060751
161.081869327825,-81.6284133061539,-75.7948329020866,-80.8199171605242,-5.02508425843757,-78.0438209506748,-81.0753470556594,-0.55306625049451,5.28051415357277,0.255429895135194,3.03152610498465,76.0502627972218
161.1,-81.6948351590864,-75.8643992782974,-81.4123023829385,-5.54790310464111,-78.6499542159299,-81.6807284443595,-0.0141067147268217,5.8163291660621,0.268426061420996,3.03077422842959,76.1328253397184
161.134044592459,-81.8191411777248,-75.9949468997027,-81.6937608430056,-5.69881394330288,-78.8944516250126,-81.9198831300855,0.10074195236065,5.92493623038276,0.226122287079875,3.02543150507285,76.2210691867826
161.173202388379,-81.9535466686399,-76.1448064732396,-84.2199362622872,-8.07512978904752,-81.4199092251955,-84.4391955760529,2.48564890741301,8.29438910281323,0.219259313765704,3.01928635085737,76.3640657870053
161.2,-82.0482615828369,-76.2471551141489,-82.1787334325437,-5.93157831839483,-79.3705372556396,-82.3856181742924,0.337356591455503,6.13846306014358,0.206884741748752,3.01508091865287,76.4540398558976
161.235477932377,-82.1680416137594,-76.3823910774024,-83.9494350208138,-7.56704394341136,-81.1240784881601,-84.1401816377097,1.97214002395035,7.75779056030731,0.19074661689595,3.01610314954959,76.5731376942984
161.2789041241,-82.307893728136,-76.547335721295,-81.80731645621,-5.25998073491493,-78.9820841085595,-81.9994385033744,-0.308455224761616,5.45210278207934,0.192122047164403,3.01735439481482,76.7394577684594
161.3,-82.3754270917458,-76.6272033372097,-82.3441132698319,-5.71690993262226,-79.5187173023536,-82.5366795357513,0.161252444005456,5.90947619854164,0.192566265919382,3.01796223339767,76.819769603129
161.329380884254,-82.4714383536895,-76.7381686483965,-82.4488775009757,-5.71070885257917,-79.6403272184338,-82.6571142150923,0.185675861402757,5.9189455666958,0.208236714116623,3.01678699665848,76.9464053625131
161.37039534653,-82.6197417739093,-76.8927352701232,-81.7675289500929,-4.87479367996973,-79.0365999823487,-82.0517463986051,-0.567995375304164,5.15901112848191,0.28421744851218,3.01514641625636,77.1769527186354
161.4,-82.7417855032525,-77.0043846546719,-83.2202341630197,-6.21584950834782,-80.4918849183471,-83.5058471470852,0.764061643832761,6.50146249241335,0.285612984065537,3.01396222873814,77.2899976387374
161.464231655176,-83.0082673056817,-77.2472989782311,-82.9379182366132,-5.6906192583821,-80.2369902807911,-83.2594099239504,0.251142618268688,6.01211094571921,0.321491687337115,3.02241964315924,77.5687906655683
161.5,-83.1665127186088,-77.3831397754056,-83.0203714155415,-5.63723164013587,-80.3253772801073,-83.3525065592631,0.185993840654262,5.96936678385745,0.332135143721587,3.02712927915582,77.7152749191272
161.542611763765,-83.3545193922872,-77.5456470327504,-81.6799160224646,-4.13426898971424,-78.9868659299548,-82.010150446202,-1.34436894608523,4.46450341345164,0.330234423737394,3.02328451624726,77.8758814564878
161.590358515068,-83.5686932304605,-77.7286410051815,-84.090882629671,-6.36224162448949,-81.3699043599059,-84.3888807949523,0.820187564491761,6.66023978977078,0.2979981652813,3.01897643504644,78.0266391704628
161.6,-83.6103168343396,-77.7657015967784,-83.3672631182343,-5.60156152145598,-80.6482532850123,-83.6663597907159,0.0560429563763449,5.90065819393756,0.299096672481582,3.01810650570357,78.0647982692599
161.614134898574,-83.6713471280224,-77.8200871897581,-83.7998538293851,-5.979766639627,-81.0722846214833,-84.0889249760056,0.417577847983196,6.26883778624747,0.289071146620472,3.01664035452229,78.1091583363786
161.63769560753,-83.7726516530529,-77.9108680718336,-83.9696370217758,-6.05876894994225,-81.2491544370039,-84.263350942277,0.490699289224111,6.35248287044348,0.293713920501233,3.01419650527318,78.2045819923348
161.677366783788,-83.9447044552187,-78.0641344042133,-84.1663450697258,-6.10221066551246,-81.4087149002141,-84.4187964879568,0.474092032738056,6.35466208374349,0.252451418231033,3.01008158774273,78.3165858224443
161.7,-84.0358799323674,-78.1517302628673,-84.0186500014076,-5.86691973854033,-81.2568096451962,-84.2645435884538,0.228663656086368,6.1128133255865,0.245893587046169,3.00773394325765,78.3976238499135
161.732737156442,-84.1653417641171,-78.278498008089,-83.3830320203312,-5.10453401224213,-80.6208797463745,-83.6305440215181,-0.53479774259894,5.3520460134291,0.247512001186976,3.00966427514363,78.526010009276
161.8,-84.4315988807345,-78.5391779897216,-83.9611643903323,-5.42198640061063,-81.2011149387955,-84.2147453376278,-0.216853543106652,5.67556734790618,0.253580947295546,3.0136303988323,78.7927589370172
161.866178695513,-84.6979401306437,-78.7959376747266,-85.9418090173328,-7.14587134260618,-83.1754329814324,-86.1819821520114,1.48404202136761,7.38604447728477,0.240173134678585,3.00654917057901,79.0361108094052
161.9,-84.8335467255643,-78.9273074184586,-85.0685440831855,-6.14123666472697,-82.3255904754322,-85.3285207113217,0.494973985757454,6.40121329286316,0.259976628136187,3.00293023588952,79.1872840465948
161.937721059816,-84.9924572718514,-79.0740311763919,-85.5438309396707,-6.46979976327889,-82.8197152071979,-85.8242894092833,0.831832137431903,6.75025823289147,0.280458469612583,3.00457420208539,79.3544896460044
161.982678412654,-85.1881884095542,-79.2494207089991,-84.6255327758818,-5.37611206688274,-81.8774120036178,-84.8839455453581,-0.304242864196084,5.63452483635903,0.258412769476294,3.00653354174027,79.5078334784754
162,-85.2600318642611,-79.3171246207032,-86.4498963845927,-7.13277176388949,-83.7060134769954,-86.7133019313546,1.45327006709344,7.39617731065134,0.263405546761845,3.00728845435923,79.5805301674651
162.026513994692,-85.3714286714599,-79.4208652150277,-85.7489751493767,-6.32810993434894,-82.9997586844339,-86.0081823965321,0.636753725072182,6.5873171815044,0.259207247155459,3.00842371209821,79.6800724621832
162.1,-85.6772664398582,-79.7090275993262,-85.3734053151357,-5.66437771580945,-82.6077344060246,-85.6193045906631,-0.0579618491950811,5.91027699133693,0.245899275527478,3.0115701846385,79.9549268748537
162.2,-86.0884516783628,-80.1021363699198,-84.6839231723112,-4.58178680239139,-81.9231758985872,-84.9734840220862,-1.11496765627653,4.87134765216642,0.289560849775029,3.05030812349898,80.3916972196948
162.3,-86.481662159828,-80.4962184411792,-87.6410951833312,-7.14487674215208,-84.8130299479705,-87.8785482145552,1.3968860547272,7.38232977337604,0.237453031223964,3.06551826658472,80.7336714724031
162.4,-86.8485065316482,-80.8890853245188,-86.7195018654994,-5.83041654098058,-83.8878405782608,-86.9644913258229,0.115984794174764,6.07540600130417,0.244989460323595,3.07665074756216,81.1340747848424
162.5,-87.2111240619612,-81.2802584203528,-85.8676540194214,-4.58739559906859,-83.0040676245262,-86.0724578875985,-1.13866617436273,4.79219946724569,0.204803868177109,3.06839026307229,81.4850622885299
162.6,-87.5288760619374,-81.6680259538047,-87.6293603225443,-5.9613343687396,-84.7937845399337,-87.8440079520279,0.315131890090413,6.17598199822311,0.214647629483508,3.05022341209416,81.8826735832883
162.7,-87.9098826026663,-82.0532929362032,-85.2941076274868,-3.24081469128357,-82.4728919954798,-85.5343498822238,-2.37553272044248,3.4810569460206,0.240242254737026,3.06145788674394,82.2935351909402
162.8,-88.2635184792144,-82.4375363540458,-86.7603485720063,-4.32281221796048,-83.9267675856614,-87.0172779537849,-1.24624052542943,4.57974159973911,0.256929381778633,3.09051036812357,82.6944657358245
162.9,-88.6281313012127,-82.8200051095428,-89.1936074849743,-6.37360237543147,-86.3961155430156,-89.4721760609148,0.844044759702058,6.65217095137201,0.27856857594054,3.07606051789924,83.0985736854833
163,-88.9907161488044,-83.202070286959,-89.4988870999786,-6.29681681301956,-86.6139243978862,-89.6898139788583,0.69909783005383,6.48774369189923,0.190926878879665,3.07588958097207,83.3929971658387
163.1,-89.3025241535889,-83.5809301712498,-89.601479979046,-6.02054980779614,-86.6577560859504,-89.7310431047717,0.428518951182795,6.1501129335219,0.129563125725753,3.07328701882136,83.7104932969756
163.2,-89.5406709481576,-83.9531206072044,-90.1978676912,-6.24474708399563,-87.2313939253079,-90.3154092270647,0.774738278907066,6.36228861986028,0.117541535864646,3.08401530175674,84.070662143069
163.3,-89.8030297267423,-84.3173587021892,-91.0619568879846,-6.7445981857954,-88.0921103366535,-91.1890977921918,1.38606806544951,6.87173909000255,0.127140904207153,3.09698745553828,84.4444996063964
163.4,-90.0279255366611,-84.6742315661036,-89.8513380533407,-5.17710648723715,-86.8214174026658,-89.9274047725198,-0.10052076414128,5.25317320641624,0.0760667191790816,3.10598736985402,84.7502982852827
163.5,-90.2274391757106,-85.0212863050197,-90.7895632086355,-5.76827690361583,-87.8158337422587,-90.9286309276135,0.701191751902854,5.90734462259383,0.139067718977998,3.11279718535478,85.1603540239977
163.6,-90.4600965932104,-85.3602728306132,-92.1211773222029,-6.76090449158973,-89.1662039130199,-92.277959112793,1.81786251958266,6.91768628217983,0.156781790590102,3.11175519977316,85.5170546212033
163.7,-90.7439276749356,-85.6938650807598,-90.8093509152786,-5.11548583451878,-87.9054793055555,-91.0249172938421,0.280989618906403,5.33105221308227,0.215566378563494,3.11943798828651,85.9094314593233
163.8,-91.0820518302367,-86.0258576577363,-90.6587014372363,-4.63284377950006,-87.8272057856846,-90.9434003733497,-0.138651456886933,4.91754271561346,0.284698936113401,3.11619458766518,86.3105565938497
163.9,-91.4962442869536,-86.360420989923,-92.0986847386894,-5.73826374876636,-89.3901174413343,-92.5134298469122,1.01718555995861,6.15300885698922,0.41474510822286,3.12331240557796,86.7751660981459
164,-92.0227982679885,-86.7041641594256,-91.9515134190905,-5.24734925966489,-89.2674056344181,-92.3795884436647,0.356790175676181,5.67542428423909,0.428075024574198,3.11218280924662,87.1322391839998
164.1,-92.5519262774873,-87.0600681801154,-92.8487648910596,-5.78869671094422,-90.1210021561305,-93.2331658249044,0.681239547417093,6.17309764478901,0.384400933844788,3.11216366877392,87.4444691139602
164.2,-93.0245799193161,-87.4251756662641,-90.2826949023288,-2.8575192360647,-87.5205690401771,-90.6346020289925,-2.38997789032358,3.20942636272839,0.35190712666369,3.11403298881537,87.7770827929278
164.3,-93.46513621011,-87.7961445996759,-93.1513060128604,-5.35516141318453,-90.3318184423712,-93.4488680520818,-0.0162681580281827,5.65272345240595,0.297562039221418,3.11704960971063,88.0937066388973
164.4,-93.8552181418408,-88.1699454807228,-93.1599435873183,-4.98999810659546,-90.2982538847947,-93.4210298355693,-0.434188306271452,5.2510843548465,0.261086248251033,3.12277595077468,88.4310317289739
164.5,-94.222016520404,-88.5438933980096,-93.9733073885148,-5.42941399050524,-91.0837876918109,-94.2108102031809,-0.0112063172230989,5.66691680517133,0.237502814666087,3.12702251137004,88.7813962126757
164.6,-93.8245385146832,-88.9022776351863,-64.9190650497927,23.9832125853935,-60.3120834117297,-63.4389160498625,-30.3856224648207,-25.4633615853238,-1.48014899993024,3.12683263813282,87.422128635256
164.7,-91.623426532863,-89.1545486148832,-64.3108006937277,24.8437479211554,-57.8690744990034,-61.0098455650078,-30.6135809678552,-28.1447030498754,-3.30095512871991,3.14077106600443,85.8535934861633
164.8,-87.6907824767745,-89.1934281522164,-67.4438516727243,21.7495764794921,-59.4986738871217,-62.6371639075502,-25.0536185692244,-26.5562642446662,-4.8066877651741,3.13849002042853,84.3867403870422
164.9,-82.390205684156,-88.9335892541317,-69.047004608258,19.8865846458738,-60.002171172301,-63.1456712229911,-19.2445344611649,-25.7879180311406,-5.90133338526687,3.14350005069008,83.0322558688649
165,-76.0457769747655,-88.3175415405081,-68.0934342029416,20.2241073375666,-58.30979318701,-61.434178972234,-14.6115980025315,-26.8833625682742,-6.65925523070761,3.12438578522398,81.6582863098005
165.1,-69.0845031055094,-87.3133563183604,-69.0601454398583,18.2532108785021,-59.2235796351553,-62.3688377541738,-6.71566535133564,-24.9445185641866,-6.69130768568454,3.14525811901853,80.6220486326759
165.185465413892,-63.0861660155754,-86.1512053168005,-70.6382128027868,15.5129925140137,-60.9489704797175,-64.0977320459518,1.01156603037639,-22.0534732708487,-6.54048075683501,3.14876156623431,79.6107245599655
165.2,-62.070003463476,-85.9268433954867,-68.2309785747088,17.6958648207779,-58.6069353298401,-61.7562927061561,-0.313710757319896,-24.1705506893306,-6.47468586855265,3.14935737631601,79.4521575269341
165.221996478652,-60.5427862208712,-85.5730553343968,-70.367960422857,15.2050949115399,-60.841981422116,-63.9926892439963,3.44990302312515,-21.5803660904005,-6.37527117886065,3.15070782188032,79.1977841555362
165.280003659441,-56.6090726820822,-84.5611187175964,-68.9371004317222,15.6240182858743,-59.8032675321878,-62.9575366304539,6.34846394837168,-21.6035820871426,-5.9795638012683,3.15426909826609,78.5815549163281
165.3,-55.2929617440083,-84.1871392244361,-68.0073890915754,16.1797501328607,-59.0244405964822,-62.1799373444024,6.88697560039417,-22.0072018800337,-5.827451747173,3.15549674792029,78.3596874772631
165.335833447084,-53.0019477380618,-83.4869043044547,-66.2351800558784,17.2517242485763,-57.6030379499272,-60.762754338341,7.76080660027923,-22.7241499661137,-5.47242571753735,3.15971638841387,78.0144785869174
165.392384327365,-49.6091434490744,-82.3102993263831,-65.9404128909994,16.3698864353836,-57.9134582322921,-61.0798338847121,11.4706904356376,-21.230465441671,-4.86057900628738,3.16637565241999,77.4497203200957
165.4,-49.1751715838463,-82.1457687167054,-67.9475634804634,14.198205236242,-60.01250169868,-63.1797741501314,14.0046025662852,-18.9659945665739,-4.76778933033196,3.16727245145143,77.3779793863734
165.412377839627,-48.4826606824108,-81.8755305466884,-65.6260688430033,16.2494617036851,-57.8410716429014,-61.0083660595335,12.5257053771228,-20.8671644871549,-4.6177027834698,3.16729441663212,77.2578277632186
165.433221383959,-47.3546434221694,-81.4129620997503,-67.270076537126,14.1428855626243,-59.7566382444008,-62.9239696490883,15.5693262269189,-18.4889924506619,-4.34610688803765,3.16733140468751,77.0668552117126
165.472928089576,-45.3473749182007,-80.508330581564,-67.3320152833119,13.1763152982521,-60.3595258713989,-63.5269277378947,18.1795528196941,-16.9814028436693,-3.80508754541717,3.16740186649588,76.7032430361468
165.5,-44.0877962017082,-79.8763306357313,-66.1942547778099,13.6820758579214,-59.5681997316558,-62.7356496387971,18.6478534370889,-17.1406809969342,-3.45860513901282,3.16744990714128,76.4177254967185
165.534692846179,-42.6063791628618,-79.0516069349814,-64.0686222949279,14.9829846400535,-57.9526490763159,-61.1193904969705,18.5130113341086,-17.9322164380109,-2.94923179795745,3.16674142065457,76.1023751370239
165.587777441867,-40.6606615238509,-77.7659400674033,-64.6276793400121,13.1382607273912,-59.3268168062227,-62.492474149817,21.8318126259662,-15.2734659175862,-2.13520519019507,3.16565734359433,75.6307348772082
165.6,-40.2706174347501,-77.4671710137895,-63.7029195057773,13.7642515080122,-58.5911458762768,-61.7565536146002,21.4859361798501,-15.7106173991892,-1.94636589117707,3.16540773832337,75.5208051226124
165.617249142267,-39.757366715485,-77.0444796380307,-62.7304838859418,14.3139957520888,-57.8827182664844,-61.0495853841881,21.2922186687032,-15.9948942538425,-1.6808985017537,3.16686711770373,75.363581136277
165.640445304085,-39.1355992021732,-76.4749137130986,-65.0541963975796,11.420717315519,-60.5973944403535,-63.7662240904392,24.630624888266,-12.7086896226594,-1.28797230714041,3.1688296500857,75.1869414059582
165.675229108542,-38.3626887778319,-75.6209625150131,-61.9947753754707,13.6261871395424,-58.1156944595289,-61.2874670250483,22.9247782472164,-14.3334954899648,-0.707308350422416,3.17177256551933,74.9136541645907
165.7,-37.9345964141685,-75.0150548034927,-62.282339550701,12.7327152527917,-58.8315481940271,-62.0054165233628,24.0708201091943,-13.0096382801298,-0.276923027338135,3.17386832933574,74.7381317761545
165.759875221907,-37.2928487150398,-73.5685165930985,-61.4967415423274,12.0717750507711,-58.9519084012265,-62.1303616290934,24.8375129140536,-11.4381549640051,0.633620086765987,3.17845322786691,74.2021366798645
165.8,-37.1671257747671,-72.6212025926287,-61.7757396978208,10.8454628948079,-59.8640261035363,-63.0455518550664,25.8784260802993,-9.57565073756233,1.26981215724555,3.18152575153006,73.8910147498743
165.852699524921,-37.3878065706197,-71.4155215790612,-58.0760397877075,13.3394817913537,-56.9857889761738,-60.1706292348225,22.7828226642028,-11.2448923442387,2.09458944711496,3.18484025864866,73.5101110261762
165.9,-37.9436766161209,-70.3806089490429,-58.5883706526599,11.7922382963829,-58.1692032134762,-61.357018409026,23.4133417929051,-9.02359054001688,2.76864775636606,3.18781519554979,73.1492567054089
165.959487819599,-39.1067876044656,-69.1564037925699,-58.914025912094,10.2423778804758,-59.3110623275461,-62.4996755851128,23.3928879806472,-6.65672820745705,3.58564967301879,3.18861325756677,72.7420534655887
166,-40.1848547128967,-68.3797558932997,-57.1769878486024,11.2027680446973,-58.1238890426022,-61.3130457934861,21.1281910805894,-7.06671009981358,4.1360579448837,3.18915675088391,72.5158138381834
166.044405360502,-41.6111535376552,-67.5880420012588,-56.4870202583446,11.1010217429142,-57.8906769959964,-61.0768537221614,19.4657001845061,-6.51118827909742,4.58983346381677,3.18617672616494,72.1778754650756
166.1,-43.7107240934912,-66.6919179030623,-57.8903881148324,8.80152978822991,-59.8661800856774,-63.0486258794037,19.3379017859125,-3.64329202365859,5.15823776457132,3.18244579372624,71.8501556676336
166.157952950838,-46.2548542220773,-65.8790782698941,-56.853996489571,9.02508178032303,-59.2787706069622,-62.4651362831629,16.2102820610857,-3.41394198673114,5.6111397935919,3.18636567620079,71.490218063486
166.2,-48.2761949892393,-65.3710374753757,-54.1158475149956,11.2551899603801,-56.7780632992754,-59.9672729978898,11.6910780086505,-5.40376447748597,5.85142548289417,3.18920969861433,71.2224629582699
166.253093881739,-50.9881766368185,-64.8305371626844,-56.1855560343891,8.64498112829526,-59.0638614397987,-62.2486982028161,11.2605215659976,-2.58183895986821,6.06314216842705,3.18483676301746,70.8936793311114
166.3,-53.5046751125275,-64.4481091149828,-56.2616060419167,8.18650307306614,-59.2147758223273,-62.3957492883407,8.89107417581319,-2.05235982664207,6.13414324642407,3.18097346601341,70.5822523614069
166.360458985421,-56.845911564271,-64.0865619923378,-55.6328293478539,8.45373264448398,-58.6541367308347,-61.8372024759935,4.99129091172249,-2.24935951634436,6.20437312813962,3.18306574515883,70.2909351204775
166.4,-59.0821468695812,-63.9294073792569,-56.0224731864955,7.90693419276139,-59.0162195254591,-62.2006536501833,3.11850678060205,-1.72875372907367,6.17818046368772,3.18443412472418,70.1075878429446
166.457454634523,-62.3232878667852,-63.8102234644188,-54.569367963335,9.24085550108378,-57.3739364701706,-60.5569598490794,-1.76632801770575,-3.25326361533936,5.98759188574441,3.18302337890878,69.7978153501632
166.5,-64.675194979038,-63.8019611907388,-55.5267299722321,8.27523121850674,-58.0644313898129,-61.246410106323,-3.42878487271498,-2.55555108441579,5.71968013409095,3.18197871651019,69.5216413248298
166.552989621401,-67.4904052135578,-63.8808024268111,-56.7582066383736,7.12259578843751,-58.9049192318489,-62.0844672227883,-5.40593799076947,-1.79633520402282,5.32626058441469,3.17954799093935,69.2070630112258
166.6,-69.836768941134,-64.0270489392801,-57.0370596790745,6.98998926020555,-58.7654525278256,-61.9428440714017,-7.89392486973234,-2.08420486787841,4.90578439232714,3.17739154357603,68.9328333316072
166.7,-74.283784401063,-64.5442706847427,-56.3643174668651,8.17995321787757,-57.1558801415996,-60.3365857345839,-13.9471986664791,-4.20768495015883,3.97226826771874,3.18070559298425,68.5165389524614
166.8,-77.8581062157212,-65.2845832251844,-58.5290550894143,6.75552813577015,-58.1958875764338,-61.3736860383161,-16.4844201774052,-3.9108971868684,2.84463094890175,3.17779846188229,68.1292141740862
166.9,-80.3569055680169,-66.1718149837094,-58.8528268924047,7.31898809130472,-57.2391486433216,-60.4088223452265,-19.9480832227904,-5.7629926384829,1.55599545282183,3.16967370190491,67.7278104365312
167,-81.6152795424041,-67.1226573630736,-60.7390163396485,6.38364102342504,-57.7127442212075,-60.8921852402919,-20.7230943021122,-6.23047212278173,0.153168900643315,3.17944101908433,67.2758262637169
167.1,-81.5637461256703,-68.0506690251577,-62.9780585705393,5.07261045461841,-58.6325549222933,-61.803003986133,-19.7607421395373,-6.24766503902468,-1.17505458440627,3.1704490638397,66.8756144407514
167.2,-80.2452901490159,-68.8755076618561,-62.8776930709555,5.99781459090056,-57.2592601084356,-60.4313140415813,-19.8139761074347,-8.4441936202748,-2.44637902937423,3.17205393314563,66.4291286324818
167.3,-77.7281390125826,-69.524135477486,-64.8264844646082,4.69765101287783,-58.1866919234946,-61.3443934216948,-16.3837455908877,-8.17974205579115,-3.48209104291332,3.15770149820024,66.0420444345727
167.4,-74.2509053003994,-69.9391614140806,-65.1185025352358,4.82065887884483,-57.71822975921,-60.8694341696852,-13.3814711307142,-9.0697272443954,-4.24906836555058,3.15120441047522,65.69009304853
167.5,-70.0240655643121,-70.0810885069108,-66.7781553825735,3.30293312433729,-58.8529393736956,-61.9995819949774,-8.02448356933476,-8.08150651193347,-4.77857338759618,3.14664262128174,65.3025151193146
167.6,-65.356166094176,-69.928559799253,-63.3574351245368,6.57112467471616,-55.3158768326949,-58.4639588866278,-6.8922072075482,-11.4646009126252,-4.89347623790901,3.14808205393292,65.035083561344
167.7,-60.5405380099508,-69.4821845848736,-66.0595976543246,3.42258693054906,-58.1861661993103,-61.3428272536422,0.802289243691369,-8.13935733123147,-4.71677040068241,3.15666105433186,64.7654141841912
167.8,-55.9178095036671,-68.7623105550211,-63.7107508817118,5.05155967330924,-56.3064362625848,-59.4570692506113,3.53925974694418,-9.30524130440976,-4.25368163110053,3.15063298802649,64.5086289239205
167.9,-51.642315006424,-67.8048957617312,-61.7159037949158,6.08899196681548,-54.8199085833554,-57.9866068952473,6.34429188882329,-9.81828886648396,-3.72929689966848,3.16669831189189,64.0755988620627
168,-47.9026454815116,-66.6515120099696,-61.9298415190367,4.72167049093287,-55.8744583893091,-59.0461601240071,11.1435146424955,-7.60535188596247,-2.8836813950296,3.17170173469796,63.7678306149399
168.1,-45.0018871621432,-65.3591896740047,-62.911721612933,2.44746806107169,-57.9065073726511,-61.0780071901667,16.0761200280234,-4.28118248383799,-1.83371442276631,3.17149981751554,63.5254752512384
168.2,-43.1157498762052,-63.9966533681187,-59.3975143229001,4.59913904521861,-55.5147536129094,-58.6845358181006,15.5687859418953,-5.31211755001814,-0.712978504799537,3.16978220519112,63.2836748633192
168.3,-42.2497944678583,-62.6340217870914,-58.877210831779,3.75681095531237,-56.0002841565039,-59.1895695445857,16.9397750767274,-3.44445224250565,0.312358712806727,3.18928538808184,62.9463804998981
168.4,-42.3730805820516,-61.3346509191921,-57.923723492675,3.41092742651704,-56.0794920914178,-59.2622424192468,16.8891618371952,-2.07240849994526,1.33851892657178,3.18275032782903,62.6731698457638
168.5,-43.4916387444214,-60.1584616237489,-57.4444343699543,2.71402725379465,-56.4642109080383,-59.6647312092324,16.173092464811,-0.493730414516492,2.22029683927816,3.20052030119413,62.3787584630271
168.6,-45.465361177535,-59.1561242952654,-56.8598419129434,2.29628238232208,-56.6903608520417,-59.9009475551633,14.4355863776283,0.744823259897856,3.04110564221993,3.21058670312164,62.1972299374854
168.7,-48.166325990067,-58.3682940585237,-53.6961946867881,4.67209937173566,-54.0047109399169,-57.216553272446,9.05022728237906,-1.15174078607769,3.52035858565797,3.21184233252908,61.8886526441817
168.8,-51.3311728719103,-57.8187039232116,-54.7244292798735,3.09427464333816,-55.2912783195642,-58.5074878239128,7.17631495200254,0.688783900701203,3.78305854403936,3.21620950434865,61.601762467251
168.9,-54.7794157364603,-57.515640895823,-54.7876294462596,2.72801144956333,-55.4319726721135,-58.6328781479894,3.85346241152914,1.11723725216645,3.84524870172978,3.20090547587589,61.3608895975527
169,-58.3123856007172,-57.4551337998666,-52.9753873214494,4.47974647841718,-53.5078350458917,-56.7038031525456,-1.60858244817157,-0.751330647320955,3.72841583109622,3.19596810665396,61.1835496309628
169.1,-61.7373216555348,-57.6214748052637,-53.6344386330275,3.9870361722362,-53.7272594750043,-56.9206968195822,-4.81662483595255,-0.700777985681441,3.28625818655476,3.19343734457794,60.9077329918184
169.2,-64.7764871425438,-57.9835731839965,-55.1612652597763,2.82230792422019,-54.7211337426103,-57.9281977475859,-6.8482893949579,-0.0553754364105856,2.7669324878096,3.20706400497561,60.7505056718061
169.3,-67.2652357156389,-58.4999687474634,-55.2193214415305,3.28064730593288,-53.9809955052156,-57.2034243708648,-10.0618113447741,-1.29654437659867,1.98410292933421,3.22242886564912,60.4840716767976
169.4,-69.031123957718,-59.1187633416831,-54.1591220370653,4.95964130461775,-52.130173273913,-55.3612623582858,-13.6698615994322,-3.7575009833973,1.20214032122045,3.23108908437282,60.3209036629035
169.5,-70.0026624701826,-59.7858063723025,-55.934326900323,3.85147947197943,-52.9674048288863,-56.191649342056,-13.8110131281266,-3.59415703024645,0.257322441732981,3.22424451316973,60.0431288140354
169.6,-70.0912711182514,-60.4442199838055,-56.1683132034078,4.2759067803977,-52.2285747491564,-55.4426637538244,-14.6486073644269,-5.00155622998107,-0.725649449583365,3.21408900466808,59.7185705342222
169.7,-69.2259999275178,-61.0357369234062,-57.5953543934545,3.44038252995176,-52.7027746984561,-55.9187748665232,-13.3072250609946,-5.11696205688305,-1.67657952693129,3.21600016806703,59.3591573964749
169.8,-67.4698139048758,-61.5050038276303,-57.3239920007259,4.18101182690436,-51.6503898304219,-54.8652519448361,-12.6045619600397,-6.63975188279413,-2.45874005588977,3.21486211441425,59.0462637717405
169.9,-64.9672712933531,-61.8077160395538,-57.601888399255,4.20582764029879,-51.3571221910572,-54.583074624336,-10.3841966690171,-7.22464141521773,-3.01881377491894,3.2259524332788,58.7889022646348
170,-61.9106060244825,-61.9134226643982,-58.568192912767,3.3452297516312,-51.8480361411186,-55.0809011283077,-6.82970489617479,-6.83252153609055,-3.48729178445935,3.23286498718911,58.4261308799389
170.1,-58.4298795096692,-61.8023611300325,-57.0312111982751,4.77114993175744,-50.1864952038481,-53.4204371700673,-5.0094423396019,-8.38192395996519,-3.61077402820774,3.23394196621921,58.1915871018248
170.2,-54.8146705249796,-61.4715437269309,-58.4199238802765,3.05161984665437,-51.6215876605469,-54.8643541353552,0.0496836103755598,-6.60718959157572,-3.55556974492135,3.24276647480822,57.9159739820095
170.3,-51.2676645320409,-60.9324610369185,-57.0062085458674,3.92625249105109,-50.525608822878,-53.7658856438144,2.49822111177355,-7.16657539310411,-3.24032290205302,3.24027682093637,57.6921381348655
170.4,-47.9882919648902,-60.2099550732338,-54.093135734977,6.11681933825681,-48.0023137107088,-51.2258427344878,3.23755076959758,-8.98411233874608,-2.86729300048927,3.22352902377895,57.3426620727446
170.5,-45.0929833809997,-59.3356104551233,-55.0896268800055,4.24598357511783,-49.6401809774723,-52.8699012185282,7.7769178375285,-6.4657092365951,-2.21972566147727,3.2297202410559,57.1158847936461
170.6,-42.8054142590738,-58.3514734502968,-54.1177487756499,4.23372467464685,-49.4388489626333,-52.6828955196361,9.8774812605623,-5.66857793066067,-1.43485325601382,3.24404655700276,56.9166201942829
170.7,-41.2213264881073,-57.3071993179497,-54.510991912175,2.79620740577471,-50.5111224803591,-53.7754528953701,12.5541264072628,-3.53174642257962,-0.735539016804907,3.264330415011,56.5716603011448
170.8,-40.3541374881571,-56.2506920720698,-51.5590506526054,4.69164141946441,-48.3958859549817,-51.6616656710884,11.3075281829313,-4.58902640098137,0.102615018483036,3.26577971610673,56.3533070905528
170.9,-40.2758517160943,-55.2318316985688,-51.2082090326987,4.02362266587016,-48.8308657227286,-52.136852900121,11.8610011840267,-3.09497879844778,0.928643867422373,3.30598717739245,56.1604755659912
171,-40.8881014271279,-54.2965138390753,-48.7891921297986,5.50732170927665,-46.8905773725058,-50.1786428661317,9.2905414390038,-4.11787097294359,1.38945073633307,3.28806549362593,55.6859645754084
171.088774853563,-41.8288411341753,-53.5607322420045,-47.8974568144837,5.66327542752082,-46.4557736941924,-49.7435152931943,7.91467415901899,-3.81721694881023,1.8460584787106,3.2877415990019,55.4067907207151
171.1,-41.9794077891163,-53.4749576751017,-47.2579067103978,6.21705096470393,-45.8642093133926,-49.151909957502,7.17250216838571,-4.32304771759975,1.89400324710418,3.28770064410939,55.3689609222059
171.125647078689,-42.3458295869251,-53.2856412695277,-48.7854478092068,4.50019346032085,-47.4920314152293,-50.7783408680606,8.43251128113543,-2.50730040146711,1.99289305885375,3.2863094528313,55.2785343283814
171.167954365807,-43.0181102783392,-52.9943801993763,-48.2298614298964,4.76451876947991,-47.1393806669097,-50.4233952178711,7.4052849395319,-2.57098498150522,2.19353378797469,3.28401455096141,55.187913987351
171.2,-43.5862180301263,-52.792122101532,-47.5128454808556,5.2792766206764,-46.5291622450641,-49.8114385237127,6.22522049358642,-2.98068357781929,2.29859304285711,3.28227627864857,55.0907151443891
171.241782207794,-44.3823904625433,-52.5532069908398,-48.6321079043728,3.92109908646699,-47.7661575717669,-51.0507120948332,6.66832163228988,-1.50249489600655,2.41860419046044,3.28455452306628,54.9718111813002
171.294339199839,-45.4506656311287,-52.2936357968559,-47.1495785598302,5.14405723702573,-46.3217127605271,-49.6091330410547,4.15846740992599,-2.68450275580118,2.45955448122454,3.28742028052761,54.7531902780804
171.3,-45.5679414156248,-52.2684149246881,-47.3841214443307,4.88429348035743,-46.5648035187866,-49.8525324638642,4.28459104823938,-2.41588246082397,2.46841101953346,3.2877289450776,54.7368259442216
171.310810844233,-45.7937715590001,-52.2217244404748,-47.764516727202,4.45720771327272,-46.9621791914454,-50.2489651121848,4.45519355318475,-1.97275932828992,2.4844483849828,3.2867859207394,54.7061728254576
171.332993876012,-46.2664788690698,-52.132011398816,-47.9081242420563,4.22388715675963,-47.1336759946023,-50.4185269009792,4.15204803190937,-1.7134844978368,2.51040265892284,3.28485090637687,54.6424140577388
171.369211720751,-47.0560945051294,-52.003189805279,-47.3814369507583,4.62175285452064,-46.6309350990814,-49.9126267416368,2.85653223650738,-2.09056306364216,2.53118979087848,3.28169164255543,54.5343795961575
171.4,-47.7352680876253,-51.9108208509317,-49.9910980805218,1.91972277040993,-49.2163399764055,-52.4953459733225,4.76007788569716,0.584525122390787,2.50424789280071,3.27900599691704,54.4150687437324
171.454365453155,-48.9539077977152,-51.7855636450557,-46.6844744235139,5.10108922154176,-45.9171233619907,-49.1989627452554,0.245054947540204,-2.58660089980026,2.5144883217415,3.28183938326472,54.3000519667972
171.5,-49.9732916561445,-51.7170149740132,-48.2317666877352,3.48524828627801,-47.3778238027593,-50.6620415401903,0.68874988404577,-1.05497343382298,2.43027485245503,3.28421773743097,54.1472898264683
171.58360826642,-51.7455328063373,-51.6723556958597,-46.9735062417618,4.69884945409792,-45.8497470007934,-49.1299796724974,-2.61555313383985,-2.54237602336227,2.15647343073564,3.28023267170403,53.8288291265953
171.6,-52.0721229377253,-51.6749023732546,-47.2741751467455,4.4007272265091,-46.088075873482,-49.3675272571808,-2.70459568054447,-2.3073751160738,2.0933521104353,3.27945138369873,53.7682544836899
171.624228726815,-52.5398225002551,-51.6849191611957,-45.5901266986092,6.09479246258651,-44.3048676269945,-47.5829706684602,-4.9568518317949,-4.10194849273547,1.99284396985104,3.27810304146579,53.6777631310468
171.665396088618,-53.2861190312821,-51.7179275676082,-47.4482071244341,4.26972044317404,-45.9656102334799,-49.2414222881777,-4.04469674310435,-2.47650527943043,1.79321516374362,3.27581205469781,53.5111427313518
171.7,-53.8639572473321,-51.7598377141784,-47.597496000226,4.1623417139524,-45.9616077003239,-49.2354940279499,-4.62846321938213,-2.52434368622845,1.63799802772395,3.27388632762607,53.3978357419023
171.744442722498,-54.5399847382037,-51.8304296270713,-46.1108050771717,5.71962454989956,-44.2833557406702,-47.5561609310178,-6.98382380718589,-4.27426869605348,1.44535585384609,3.2728051903476,53.2757854809174
171.8,-55.2746604074077,-51.9413572830702,-46.4877299838167,5.45362729925347,-44.3922055746616,-47.663659249161,-7.61100115824676,-4.27769803390925,1.17592926534422,3.27145367449931,53.1172865484144
171.862100674519,-55.9123730026603,-52.0884357373727,-48.2961726535375,3.79226308383515,-45.7876698872206,-49.0611011186491,-6.85127188401112,-3.02733461872356,0.764928465111595,3.27343123142855,52.8533642024843
171.9,-56.1903058513065,-52.1861984693543,-46.61458755791,5.57161091144432,-43.8949033745308,-47.1695414861471,-9.02076436515941,-5.01665698320728,0.554953928237047,3.27463811161626,52.7411523975914
171.976130733728,-56.4918781871524,-52.3907155070715,-48.2461320485884,4.14458345848308,-45.0277900354832,-48.3010366495312,-8.19084153762121,-4.08967885754029,0.054904600942784,3.273246614048,52.4456201080143
172,-56.5143293868234,-52.454835678104,-47.8655053832335,4.58933029487049,-44.5046054075818,-47.7774157454461,-8.73691364137732,-4.67741993265784,-0.0880896377873484,3.2728103378643,52.3667460403166
172.048863104188,-56.4505759275464,-52.582655783868,-48.3302325419454,4.25242324192262,-44.6493528185844,-47.919544077379,-8.53103185016747,-4.66311170648904,-0.410688464566419,3.27019125879458,52.1719673193016
172.1,-56.2373731041169,-52.7074788342867,-48.6290250311861,4.07845380310064,-44.6537161082762,-47.9211664119936,-8.31620669212331,-4.78631242229319,-0.70785861919255,3.2674503037174,51.9996202150942
172.158382518524,-55.8183756909879,-52.8331123360659,-49.0689554226355,3.76415691343038,-44.7742160455003,-48.0447363503758,-7.77363934061211,-4.7883759856901,-1.02421907225972,3.27052030487546,51.8088932638061
172.2,-55.4048460595329,-52.9083092003514,-48.7413341289463,4.16697507140508,-44.2603053468792,-47.5330140759535,-7.87183198357938,-5.37529512439789,-1.20832005299281,3.27270872907434,51.6999891473586
172.252114925485,-54.7810097442085,-52.9822050755527,-45.8839488281341,7.09825624741867,-41.2011464658079,-44.4714101265079,-10.3095996177006,-8.51079494904486,-1.41253870162619,3.27026366069994,51.5696663739266
172.3,-54.099558069106,-53.0276553847104,-48.6620169049211,4.36563847978927,-43.7740094042392,-47.0420264478671,-7.05753162123887,-5.98562893684329,-1.61999045705402,3.26801704362794,51.4076649276564
172.357983027052,-53.1503639047735,-53.0502953168504,-50.2328151100818,2.81748020676854,-45.14330656941,-48.4015136523627,-4.74885025241078,-4.64878166448767,-1.83130145771914,3.25820708295272,51.2189938591312
172.4,-52.3890261103908,-53.0427207937058,-47.8660918265637,5.17662896714208,-42.6587827373744,-45.9098811046688,-6.47914500572201,-7.13283968903699,-1.95621072189491,3.25109836729444,51.0865100718109
172.461800990029,-51.1683965724572,-52.992585282367,-47.3615138108316,5.63107147153539,-42.0054559482136,-45.2632566599602,-5.90513991249703,-7.72932862240681,-2.09825715087142,3.25780071174661,50.8943281314956
172.5,-50.3648912563214,-52.9373579145958,-48.2027868495175,4.73457106507821,-42.8032442877986,-46.0651876989167,-4.29970355740464,-6.87217021567903,-2.13759915060082,3.26194341111815,50.7997587639949
172.54023458645,-49.4982456193344,-52.8588307793643,-47.8783073437468,4.98052343561756,-42.4475275062201,-45.7039623538973,-3.79428326543706,-7.15486842546699,-2.17434498984943,3.25643484767724,50.6844857895149
172.6,-48.1798931574006,-52.703803365612,-47.2012466840869,5.50255668152501,-41.7504726783668,-44.9987249746333,-3.18116818276732,-7.70507839097862,-2.20252170945361,3.24825229626656,50.5012816561583
172.67059020078,-46.5874862915935,-52.4621566552031,-47.0436204046329,5.41853625057021,-41.60466792454,-44.8517091179086,-1.73577717368484,-7.61044753729453,-2.19191128672431,3.24704119336857,50.2702453684788
172.7,-45.9235579672973,-52.3431799152345,-48.9731880146134,3.36999190062112,-43.5851794227797,-46.8317160377128,0.908158070415517,-5.51146387752165,-2.14147197690053,3.24653661493316,50.201707938334
172.736438279509,-45.1142079313574,-52.1814768977782,-45.0716230006679,7.1098538971103,-39.7191035740353,-42.9674198674397,-2.1467880639177,-9.21405703033849,-2.1042031332282,3.24831629340442,50.07727376455
172.8,-43.7281639229875,-51.8632008903556,-46.175820352434,5.6873805379216,-40.9777566536734,-44.2291773588963,0.501013435908781,-7.63402353145935,-1.94664299353775,3.25142070522289,49.9165578968179
172.871489468687,-42.2703401309282,-51.4552803907961,-47.836564569557,3.61871582123909,-42.8030940535278,-46.0607379567274,3.79039782579915,-5.39454243406877,-1.77582661282968,3.25764390319954,49.6794537779665
172.9,-41.7103714661789,-51.2793483304948,-46.7823043240545,4.49704400644026,-41.8295747798721,-45.089700540666,3.37932907448714,-6.18964778982875,-1.6926037833885,3.26012576079389,49.5867445471063
172.938826576385,-40.9817974437257,-51.0286948805767,-45.3911961684558,5.63749871212089,-40.5539102984358,-43.8064067882015,2.82460934447578,-7.22228809237523,-1.58478938025434,3.25249648976573,49.4439055003224
172.988850610421,-40.0979178100446,-50.6888446843888,-45.0648755327383,5.62396915165052,-40.3871905180307,-43.6298574799544,3.53193966990978,-7.0589872044344,-1.43501805278388,3.24266696192371,49.2538266316049
173,-39.9106811278179,-50.6107514522243,-44.9456997233354,5.66505172888888,-40.3055538883343,-43.5460300386332,3.6353489108153,-7.06472141359111,-1.39966968470222,3.2404761502989,49.2110817675221
173.024891992018,-39.506056193923,-50.4336173594005,-46.0020253666294,4.4315919927711,-41.455920424117,-44.6956055708806,5.18954937695754,-5.7380117885199,-1.30641979574879,3.23968514676358,49.1271975636517
173.067318752622,-38.8620196103977,-50.1237740676486,-45.3494651269495,4.77430894069905,-40.948202841977,-44.1865397753229,5.32452016492525,-5.93723429232565,-1.1629253516266,3.23833693334593,48.960848716022
173.1,-38.4070874827765,-49.8792690695305,-44.2497719362893,5.62949713324114,-40.0001290180642,-43.2374274253574,4.83033994258097,-6.64184164417305,-1.01234451093191,3.2372984072932,48.8669245585986
173.154847380353,-37.7507319867417,-49.460536351182,-43.2552976669734,6.20523868420862,-39.294906296212,-42.5275692271311,4.77683724038943,-6.93296712405092,-0.727728439842295,3.23266293091914,48.7328079113397
173.2,-37.3178461483529,-49.1112175025558,-44.3978915377177,4.71332596483807,-40.6279356722087,-43.8567824882969,6.53893633994397,-5.2544350142589,-0.541109049420832,3.22884681608825,48.570108453135
173.258962153476,-36.8698897412008,-48.6535121378425,-42.8701315452942,5.7833805925483,-39.311825535666,-42.5520470325827,5.68215729138191,-6.10146510525982,-0.318084512711515,3.24022149691668,48.335427625131
173.3,-36.6250138803612,-48.336190635224,-43.1041739296564,5.23201670556753,-39.7070464319898,-42.955184742974,6.33017086261284,-5.38100589224992,-0.148989186682392,3.24813831098421,48.1872014485416
173.356814614532,-36.3902005752088,-47.9018479573836,-42.6429662022012,5.25888175518239,-39.4405787207411,-42.6892769074616,6.29907633225282,-5.21257104992201,0.0463107052603746,3.24869818672052,47.948158662644
173.4,-36.289614416477,-47.5777377157823,-45.2830963694698,2.29464134631252,-42.3049903271083,-45.5541140812587,9.26449966478178,-2.02362363452354,0.271017711788978,3.24912375415041,47.8487554275713
173.44748423331,-36.283651251229,-47.2302542541409,-42.3621203071486,4.86813394699221,-39.538546586432,-42.7937504657385,6.51009921450947,-4.4365037884024,0.431630158589812,3.25520387930642,47.6618844127307
173.5,-36.3558678749233,-46.8594644268034,-42.1718773689486,4.68758705785476,-39.5078245162625,-42.7697527841055,6.41388490918214,-4.08971164269794,0.597875415156828,3.26192826784298,47.4573398419602
173.559767084066,-36.5416696606464,-46.4577070976883,-40.7420120194248,5.71569507826356,-38.2613095990231,-41.5217185616164,4.98004890097004,-4.93598853607195,0.779706542191619,3.26040896259329,47.23741363988
173.6,-36.7337386069663,-46.2010678548572,-40.9016160808793,5.29945177397795,-38.5547508469763,-41.8141370713627,5.08039846439643,-4.38693078349456,0.912520990483387,3.2593862243864,47.1135888453406
173.64726736649,-37.0274098518984,-45.9155289551238,-40.9117765858199,5.00375236930394,-38.6904530037827,-41.9486764201838,4.92126656828539,-3.96685253494003,1.03689983436391,3.25822341640107,46.9524287894877
173.7,-37.4209350731472,-45.6190339001676,-40.9647266596152,4.65430724055236,-38.8446460782838,-42.1015722375731,4.68063716442595,-3.51746166259448,1.13684557795788,3.25692615928931,46.7558794781255
173.761347367015,-37.9550868236643,-45.3051190126418,-41.2615167595919,4.04360225304988,-39.2494788832229,-42.5094794393668,4.55439261570248,-2.79563957327503,1.24796267977485,3.26000055614391,46.5530816924167
173.8,-38.3374137863764,-45.1253026168008,-41.4805742143822,3.64472840241865,-39.5379017322624,-42.7998393484474,4.46242556207105,-2.3254632683534,1.31926513406525,3.26193761618504,46.4445677508661
173.844282423966,-38.8121593383687,-44.937146734244,-39.8800441857766,5.0571025484674,-38.0054360605516,-41.2727084500237,2.460549111655,-3.6644382842203,1.3926642642471,3.26727238947215,46.3298109984911
173.9,-39.4475296523425,-44.7280563208516,-39.226860431057,5.50119588979457,-37.4130884554172,-40.6870732289376,1.2395435765952,-4.04098309191392,1.46021279788064,3.27398477352045,46.1882691187322
173.958332999288,-40.1575961039518,-44.5426147216464,-37.8716423246183,6.67097239702806,-36.0626179624231,-39.3380778118858,-0.819518292065979,-5.20453690976058,1.46643548726747,3.27545984946273,46.0090502089139
174,-40.6725565757676,-44.4310368930392,-40.1251180791743,4.30591881386496,-38.2828326724002,-41.5593461620167,0.88678958624913,-2.87169073102256,1.4342280828424,3.27651348961645,45.8652649758816
174.045570051351,-41.2173211684606,-44.3281743457989,-39.4770385194268,4.85113582637209,-37.5507605418281,-40.8303024469311,-0.38701872152955,-3.49787189886787,1.35326392750422,3.27954190510293,45.6814382733032
174.1,-41.8321859167493,-44.2297508128612,-38.1913727466751,6.03837806618608,-36.1650489683611,-39.4482080846485,-2.38397783210087,-4.78154272821271,1.25683533797337,3.28315911628732,45.4865861508345
174.2,-42.8261017981564,-44.1101457398965,-39.3930189678971,4.71712677199942,-37.1165435618232,-40.41256674695,-2.4135350512064,-3.69757899294655,1.01954777905288,3.29602318512676,45.1296935189494
174.3,-43.6073779010885,-44.0548766932573,-38.9312870295178,5.12358966373954,-36.3532859979057,-39.6505509651211,-3.95682693596747,-4.40432572813625,0.719263935603294,3.29726496721538,44.7741406288606
174.4,-44.1161526992089,-44.0440046306557,-39.4016098405543,4.64239479010141,-36.5574308010312,-39.8427976540225,-4.27335504518638,-4.20120697663322,0.44118781346819,3.28536685299129,44.4851924441239
174.5,-44.3436625723913,-44.0580426284484,-41.8543458994243,2.20369672902406,-38.5865912400459,-41.8749733746396,-2.46868919775169,-2.18306925380882,0.0206274752152353,3.28838213459366,44.0786701036636
174.6,-44.1907592378971,-44.0730160718032,-39.7855842561229,4.28743181568025,-36.2170378392842,-39.4929175504526,-4.69784168744458,-4.58009852135061,-0.292666705670364,3.27587971116833,43.7803493661328
174.7,-43.7709334127525,-44.0684877126007,-39.9649995415955,4.1034881710052,-36.1193936517335,-39.4010680999795,-4.369865312773,-4.66741961262122,-0.563931441616027,3.28167444824602,43.5045562709847
174.8,-43.0877675496878,-44.028728308441,-40.4713014318477,3.5574268765933,-36.4227831666197,-39.7181878790079,-3.36957967067988,-4.31054042943306,-0.753113552839764,3.29540471238823,43.2756147556012
174.9,-42.2419409668029,-43.9422994022691,-40.5091830442374,3.4331163580317,-36.3520674555112,-39.6540856385747,-2.58785532822817,-4.28821376369438,-0.855097405662676,3.3020181830635,43.0872019966064
175,-41.257443341395,-43.8034164598237,-38.8808832347683,4.92253322505543,-34.5442939297274,-37.8504827123188,-3.40696062907622,-5.95293374750494,-1.03040052244951,3.30618878259138,42.7730159373742
175.1,-40.1319773168604,-43.6051646750523,-39.0078738633602,4.5972908116921,-34.6642153083691,-37.9854614681136,-2.14651584874671,-5.61970320693868,-1.02241239524658,3.32124615974455,42.5827522798057
175.2,-38.9594167089835,-43.3468742802245,-38.1221987886911,5.22467549153333,-33.6772536635821,-36.9937503795051,-1.96566632947846,-6.35312390071938,-1.12844840918606,3.31649671592295,42.2184258710384
175.3,-37.734811833648,-43.0277947829777,-38.6513627187548,4.37643206422283,-34.2751178622073,-37.5994000979708,-0.135411735677167,-5.42839468500686,-1.05196262078403,3.32428223576345,41.9758321621936
175.4,-36.5835172315699,-42.6528522691449,-40.203075227276,2.44977704186893,-36.0158690063198,-39.3326448613673,2.7491276297974,-3.32020740777763,-0.870430365908703,3.31677585504752,41.7824219032362
175.5,-35.6082136441786,-42.2339249394404,-38.4209492893658,3.81297565007463,-34.4601633200427,-37.7782978827071,2.17008423852846,-4.4556270567333,-0.642651406658665,3.31813456266443,41.5912735327817
175.6,-34.8695135207249,-41.7866936434144,-38.9235797476099,2.86311389580457,-35.2668543448064,-38.5821928642607,3.71267934353576,-3.20450077915373,-0.341386883349152,3.31533851945429,41.4453067600653
175.7,-34.3900792422576,-41.3299405777468,-37.4990239837568,3.83091659399006,-34.0115262683212,-37.3172293635448,2.92715012128728,-4.01271121420201,-0.181794620211946,3.3057030952236,41.1481459575349
175.8,-34.1188995448142,-40.8775570371249,-38.4391335682885,2.43842346883636,-35.2696827782432,-38.5647538266374,4.44585428182314,-2.31280321048754,0.125620258348818,3.29507104839419,41.0031772954737
175.9,-34.1415882764014,-40.4465294020611,-38.5564096709071,1.89011973115401,-35.6610146276248,-38.9672660145499,4.82567773814846,-1.47926338751116,0.410856343642848,3.30625138692513,40.8573857457039
176,-34.4192958611982,-40.0531766546896,-39.1573082950055,0.895868359684059,-36.3841191625947,-39.6997195496191,5.28042368842089,-0.353457105070504,0.542411254613555,3.31560038702443,40.5955879093031
176.1,-34.7996171972382,-39.705984663966,-37.5488190217312,2.15716564223481,-34.9036989773051,-38.2070680630304,3.40745086579221,-1.49891660093562,0.658249041299193,3.30336908572525,40.3642337052652
176.2,-35.319374406404,-39.4095642390035,-37.0976527516996,2.31191148730388,-34.5740893020034,-37.8805287418007,2.56115433539673,-1.52903549720278,0.782875990101097,3.30643943979731,40.1924402291046
176.3,-36.0001987478569,-39.1701352568242,-39.320443806298,-0.150308549473827,-36.9633253960179,-40.2675433446716,4.26734459681465,1.09740808784738,0.94709953837355,3.3042179486537,40.1172347951977
176.38841296465,-36.732893275294,-39.0118459291794,-33.9868561553623,5.02498977381715,-31.6248750226334,-34.9394954250896,-1.79339785020438,-4.07235050408983,0.952639269727321,3.31462040245622,39.9644851989067
176.4,-36.826986323751,-38.99489626319,-35.0240361179311,3.97086014525888,-32.6567679113055,-35.9727516160829,-0.854234707668049,-3.02214464710708,0.948715498151806,3.31598370477746,39.9436117613418
176.42374258569,-37.0181547155741,-38.9627806568378,-35.372649565717,3.59013109112072,-32.9941627528843,-36.3094038945447,-0.708750821029341,-2.65337676229303,0.936754328827696,3.31524114166047,39.8995349856655
176.46174739275,-37.3208112222034,-38.9185319604349,-35.2358823186468,3.6826496417881,-32.8212347651295,-36.1352872844402,-1.18552393776319,-2.78324467599466,0.899404965793444,3.31405251931072,39.8179369262283
176.5,-37.6245153565969,-38.882579691743,-37.125693119915,1.75688657182799,-34.7451567737078,-38.0580129205743,0.433497563977411,-0.824566771168698,0.932319800659293,3.31285614686654,39.8148994924023
176.540267484803,-37.9608593086342,-38.854078443758,-35.8184661139314,3.03561232982666,-33.4583775269109,-36.7700416874904,-1.19081762114381,-2.08403675626766,0.951575573558998,3.31166416057945,39.805654017317
176.58956817279,-38.3786445085631,-38.8323111776581,-36.4117760655802,2.4205351120779,-34.0085397298846,-37.318744505943,-1.05990000262012,-1.5135666717151,0.906968440362796,3.3102047760584,39.7392796180209
176.6,-38.4653530031777,-38.8295054274023,-36.1603291984882,2.66917622891402,-33.7483620749248,-37.0582580510906,-1.40709495208716,-1.77124737631168,0.897928852602334,3.30989597616576,39.7274342800046
176.615633844578,-38.594134300933,-38.8264399912627,-36.3000720560623,2.52636793520036,-33.8742102555368,-37.1849264746293,-1.40920782630372,-1.64151351663337,0.884854418566995,3.31071621909248,39.7112944098297
176.654726737946,-38.9081808579148,-38.8245766773772,-37.0978308617963,1.72674581558089,-34.6189133252606,-37.931680586188,-0.976500271726771,-0.892896091189172,0.833849724391719,3.31276726092738,39.6584264017689
176.7,-39.2502451196537,-38.8321314942354,-38.0267422291988,0.805389265036602,-35.472413686566,-38.7875562476177,-0.46268887203599,-0.0445752466176899,0.760814018418912,3.31514256105167,39.5929455126543
176.7550823433,-39.6415196700259,-38.8540718625029,-34.3613433769356,4.49272848556728,-31.743598217012,-35.0590368009039,-4.58248286912202,-3.79503506159899,0.697693423968296,3.31543858389188,39.5517652864712
176.8,-39.9355926512691,-38.8813437517583,-39.0598066361356,-0.178462884377311,-36.3972677027418,-39.7129476825423,-0.222644968726762,0.83160393078402,0.653141046406709,3.31567997980054,39.534484798165
176.852606924526,-40.2492338139212,-38.9227022391814,-36.9222274326243,2.00047480655704,-34.165945036344,-37.481396746373,-2.76783706754818,-1.44130549280839,0.559169313748654,3.31545171002899,39.48187155293
176.9,-40.4993663496224,-38.9673846616304,-37.7028968364901,1.26448782514025,-34.840897943514,-38.1561440074876,-2.34322234213472,-0.811240654142765,0.453247170997486,3.31524606397367,39.4206318326279
176.954719785823,-40.7231454018604,-39.0257224497574,-37.739260275847,1.28646217391035,-34.748701721004,-38.0585431330708,-2.66460226878951,-0.967179316686519,0.319282857223833,3.30984141206685,39.3450053069812
177,-40.8656331558695,-39.0777213155766,-35.5810129728382,3.49670834273831,-32.5179455275334,-35.8233146305038,-5.04231852536569,-3.25440668507271,0.2423016576656,3.30536910297042,39.3200229732422
177.077621092076,-41.037947421061,-39.1714568558227,-39.31123602559,-0.13977916976738,-36.1022571076874,-39.3962458903145,-1.64170153074651,0.224789034491863,0.0850098647244835,3.29398878262712,39.2564667205472
177.1,-41.0649903349434,-39.1989537381046,-39.65404840851,-0.455094670405401,-36.3762612544368,-39.6669689811769,-1.3980213537665,0.468015243072244,0.0129205726668431,3.2907077267401,39.2118743107715
177.136212217689,-41.0797512865978,-39.2431220806669,-35.6514905526857,3.59163152798124,-32.2908355015889,-35.5865021056705,-5.49324918092736,-3.65661997499645,-0.0649884470152102,3.29566660408155,39.1781336336517
177.2,-41.0522840439346,-39.3181901009075,-37.0370649333838,2.28112516752376,-33.5976011832133,-36.9020028443709,-4.15028119956369,-2.41618725653667,-0.135062089012912,3.30440166115759,39.1831280118946
177.3,-40.8917923359677,-39.4242059890911,-37.486570257993,1.93763573109809,-33.9021041434515,-37.2042934668555,-3.68749886911214,-2.21991252223552,-0.282276791137427,3.30218932340409,39.1419291979536
177.4,-40.5571861252717,-39.5078757042812,-37.5262048517211,1.98167085256006,-33.7813052261997,-37.0680226489123,-3.48916347635939,-2.43985305536889,-0.458182202808835,3.28671742271254,39.0496935014723
177.5,-40.1099067674136,-39.5607088697364,-38.859720733003,0.700988136733365,-35.0375481987888,-38.3291861069962,-1.7807206604174,-1.23152276274014,-0.530534626006776,3.29163790820744,39.0301742437296
177.6,-39.5872350317263,-39.5791260903883,-40.0777146467413,-0.498588556353006,-36.2075166348334,-39.5227015177778,-0.0645335139485539,-0.0564245726105241,-0.55501312896353,3.3151848829444,39.0241129614248
177.7,-39.0776121312514,-39.5628166236763,-38.9513344579988,0.611482165677515,-35.1642005055627,-38.4839581559452,-0.59365397530614,-1.07885846773111,-0.467376302053594,3.31975765038255,39.0954403216227
177.8,-38.621632633438,-39.5168171740502,-41.0745649455026,-1.55774777145233,-37.3796037357716,-40.7087114481163,2.08707881467839,1.19189427406611,-0.365853497386226,3.32910771234474,39.150963676664
177.9,-38.2890207476583,-39.4481377699033,-40.7619055892777,-1.31376781937442,-37.2878024038086,-40.6210894234693,2.33206867581107,1.17295165356602,-0.140816165808396,3.33328701966074,39.3073216040949
177.987484879868,-38.1424112121083,-39.3790572776883,-41.9379216330208,-2.55886435533241,-38.4942673899397,-41.832833783211,3.69042257110269,2.45377650552266,-0.105087849809749,3.33856639327136,39.2739694278786
178,-38.1219771630243,-39.3688306718049,-39.9118467495841,-0.543016077779185,-36.4912032765314,-39.830524908823,1.70854774579868,0.461694237018065,-0.0813218407611203,3.33932163229164,39.2875088310438
178.018693208538,-38.0973735749768,-39.353431763919,-40.8960566181302,-1.54262485421124,-37.5153986342015,-40.8557399990359,2.75836642405909,1.50230823511689,-0.0403166190943551,3.34034136483434,39.3131151448246
178.048198880666,-38.0718312934848,-39.329018039751,-41.2256047244485,-1.89658668469747,-37.8860673407978,-41.2280182684851,3.15618697500027,1.89900022873401,0.0024135440365427,3.34195092768726,39.3314315837876
178.1,-38.0486355893002,-39.2864028988401,-40.9156529091826,-1.6292500103425,-37.65455277901,-40.9993295076841,2.95069391838391,1.71292660884406,0.0836765985015688,3.34477672867412,39.3700794973416
178.156675511762,-38.0681042177822,-39.24138664929,-40.7058050006704,-1.46441835138042,-37.4938400202255,-40.8397356963799,2.77163147859768,1.59834904708985,0.133930695709424,3.34589567615438,39.3753173449994
178.2,-38.1013047130625,-39.2088334853241,-41.0269423980054,-1.81810891268134,-37.8663895770228,-41.2131406107283,3.11183589766581,2.00430712540417,0.186198212722836,3.34675103370546,39.3950316980469
178.275524732602,-38.2412281280161,-39.1581123535028,-42.6688454433609,-3.51073308985809,-39.6399301181387,-42.9800166398844,4.73878851186829,3.82190428638162,0.311171196523524,3.34008652174575,39.4692835500263
178.3,-38.3029988484833,-39.1439501989825,-40.6148153485965,-1.470865149614,-37.6113898082674,-40.9493165645075,2.64631771602425,1.805366365525,0.334501215911004,3.33792675624015,39.4784514148935
178.33129614761,-38.3933588413603,-39.1277144944584,-41.8163951646059,-2.68868067014757,-38.8466487890132,-42.188627321826,3.79526848046572,3.06091282736763,0.372232157220061,3.34197853281277,39.4999466516784
178.371420279671,-38.529257362722,-39.1103107236957,-41.8298241046438,-2.7195133809481,-38.9071186033291,-42.2542918335949,3.72503447087294,3.14398110989921,0.424467728951107,3.34717323026583,39.5347784526468
178.4,-38.6363751007472,-39.1004723866951,-41.5054035793671,-2.40493119267195,-38.613121692246,-41.9639950150192,3.32761991427203,2.86352262832405,0.458591435652103,3.35087332277315,39.5590638223472
178.45060931615,-38.8601544230845,-39.0887735314523,-40.6455882701217,-1.55681473866946,-37.8795695304178,-41.2272735752128,2.36711915212831,2.13850004376051,0.58168530509105,3.34770404479496,39.6704588365433
178.5,-39.1393842075062,-39.0858292209461,-39.736454724982,-0.650625504035929,-37.0457591054717,-40.3903701859952,1.25098597848898,1.30454096504906,0.653915461013135,3.34461108052348,39.7397446819592
178.555992701337,-39.493687263327,-39.0940672280505,-39.8880426121682,-0.793975384117722,-37.2745192254327,-40.6254637752757,1.13177651194875,1.53139654722518,0.737421163107456,3.35094454984304,39.831488391158
178.6,-39.7989014884272,-39.1098421892497,-40.4035563021182,-1.29371411286847,-37.7921721677462,-41.1480944891427,1.34919300071551,2.03825229989301,0.744538187024538,3.35592232139656,39.8543803762742
178.657760934788,-40.2247903223193,-39.1433667186369,-42.1349256483904,-2.99155892975351,-39.6040211184456,-42.9655518818821,2.74076155956283,3.82218516324521,0.830626233491699,3.36153076343644,39.9739929521286
178.7,-40.5656344889895,-39.1776739860726,-39.5222008746784,-0.344526888605735,-37.0091388276514,-40.3747708984842,-0.190863590505288,1.19709691241155,0.852570023805811,3.36563207083277,40.0302440098785
178.761083991837,-41.0757269067131,-39.2423911882634,-42.3833362497809,-3.14094506151742,-39.8773975277126,-43.2429285209303,2.16720161421718,4.00053733266686,0.859592271149438,3.36553099321767,40.1019834594129
178.8,-41.4063518349568,-39.2929008639392,-41.9456455349172,-2.65274467097802,-39.479355609528,-42.844822207195,1.4384703722382,3.55192134325578,0.899176672277761,3.36546659766694,40.1920775362169
178.842239633244,-41.7859359265686,-39.3560381237003,-41.7059055166939,-2.34986739299368,-39.2455828670162,-42.6166002217883,0.830664295219698,3.26056209808809,0.910694705094407,3.37101735477215,40.2667328287947
178.9,-42.3001373155267,-39.4563141775859,-41.1634845249333,-1.70717034734737,-38.6789368613548,-42.0575445700563,-0.242592745470397,2.60123039247038,0.894060045123013,3.37860770870149,40.3503742227089
178.977873656668,-43.0062366017767,-39.6159537636466,-41.0027451893421,-1.38679142569542,-38.5466135092904,-41.9306695907423,-1.07556701103436,2.31471582709567,0.927924401400247,3.38405608145187,40.5438781650469
179,-43.2158362190413,-39.6664647946757,-43.3161068753491,-3.64964208067336,-40.87003429068,-44.2556384253662,1.03980220632489,4.58917363069047,0.939531550017108,3.3856041346862,40.6059963446928
179.038005560021,-43.5824953280739,-39.7586646811761,-43.9236121354838,-4.16494745430771,-41.4631743519935,-44.8513752306367,1.26887990256281,5.09271054946062,0.927763095152912,3.38820087864327,40.686427776329
179.1,-44.160141722343,-39.9231244518146,-41.4398697641717,-1.51674531235711,-38.967398486668,-42.3598351583714,-1.80030656397162,2.43671070655679,0.919965394199679,3.39243667170344,40.8430898460143
179.163736180108,-44.7574205243569,-40.1095238039243,-41.4377645055052,-1.32824070158086,-38.9073659495041,-42.2943764881757,-2.46304403618119,2.18485268425137,0.856611982670515,3.3870105386716,40.9661357865948
179.2,-45.0883369598913,-40.223023364667,-45.2908092332268,-5.06778586855981,-42.750409675951,-46.1343329208652,1.04599596097384,5.91130955619816,0.843523687638346,3.38392324491411,41.0665470523053
179.247096230681,-45.5173378511216,-40.3780499358266,-44.2592987230709,-3.88124878724431,-41.7104560250936,-45.0957863427833,-0.421551508338318,4.71773640695668,0.836487619712372,3.38533031768972,41.214537555539
179.3,-45.9885630862888,-40.5620592755603,-44.5811877409586,-4.01912846539834,-41.9495191420942,-45.3364300417639,-0.652133044524902,4.7743707662036,0.755242300805257,3.38691089966967,41.3173015763656
179.38660419863,-46.7015997442229,-40.8828151646149,-45.2616576499136,-4.37884248529874,-42.5510651645134,-45.931406970194,-0.770192774028914,5.04859180557914,0.669749320280395,3.38034180568064,41.5525644848952
179.4,-46.8064669598842,-40.934335637289,-44.7804750730142,-3.84613943572521,-42.0608867907581,-45.440212499302,-1.36625446058218,4.50587686201299,0.659737426287776,3.37932570854391,41.5940730635768
179.418439196261,-46.9488792462529,-41.0060079181614,-43.0706505679177,-2.06464264975638,-40.335764775863,-43.7172697244297,-3.23160952182324,2.71126180626835,0.646619156511967,3.38150494856666,41.6526270746733
179.441802130155,-47.1259049387022,-41.0980222169306,-44.9203213981194,-3.82229918118884,-42.1464673580412,-45.5307334595273,-1.59517147917483,4.43271124259675,0.610412061407914,3.38426610148611,41.7084342783385
179.476494678487,-47.3772782165616,-41.2369076032673,-43.920154757987,-2.68324715471971,-41.1325476645473,-44.5209139116551,-2.85636430490655,3.28400630838777,0.600759153668058,3.38836624710775,41.8376667569354
179.5,-47.5443871176361,-41.3324355899862,-44.9375790476001,-3.60514345761398,-42.1022869552025,-45.4934311833383,-2.0509559342978,4.16099559335218,0.555852135738199,3.39114422813589,41.8882877257244
179.548447704117,-47.8541275232962,-41.5323379028235,-44.460387714765,-2.92804981194143,-41.512843723509,-44.9012122538468,-2.95291526944937,3.36887435102327,0.440824539081838,3.38836853033778,41.9731624419054
179.6,-48.1299932260985,-41.747906538352,-46.8927488115205,-5.14484227316854,-43.852706991028,-47.2381219532499,-0.891871272848611,5.49021541489789,0.345373141729354,3.38541496222189,42.0932796800814
179.675225861624,-48.4706754659528,-42.0645860255762,-46.5678400200483,-4.50325399447206,-43.4599671988505,-46.8491796775111,-1.62149578844169,4.78459365193493,0.281339657462873,3.38921247866062,42.3459256830391
179.7,-48.5753596496835,-42.1690154965649,-44.1759968842004,-2.00698138763551,-41.0394453651672,-44.4299084801875,-4.14545116949598,2.26089298362264,0.253911595987134,3.39046311502034,42.422927092552
179.736670398764,-48.713027431834,-42.3234261860406,-45.7977165865275,-3.47429040048686,-42.5885198302709,-45.9803035383811,-2.73272389345284,3.65687735234054,0.182586951853679,3.39178370811024,42.5060131378943
179.8,-48.8822791123455,-42.5879726738743,-46.6378447208202,-4.04987204694581,-43.2934421846567,-46.6875065506435,-2.19477256170197,4.09953387676915,0.0496618298233429,3.39406436598679,42.6376345036977
179.9,-49.0314981289965,-42.994025474927,-45.9406402192735,-2.94661474434648,-42.5198089523548,-45.9193292136248,-3.11216891537162,2.92530373869786,-0.0213110056486201,3.39952026127008,42.9727144692784
180,-49.1219050657085,-43.3817725041094,-45.2951073577184,-1.91333485360899,-41.7873119486137,-45.1831201528049,-3.93878491290355,1.80134764869548,-0.111987204913518,3.39580820419118,43.2697852991959
180.1,-49.1187923747704,-43.747317532678,-49.6813510454332,-5.93403351275527,-46.151390884978,-49.5620198767451,0.443227501974654,5.81470234406708,-0.119331168688191,3.41062899176708,43.6279863639898
180.2,-49.1178656255975,-44.0894940714921,-48.9698284545961,-4.88033438310408,-45.4490134069351,-48.8565393661749,-0.26132625942256,4.76704529468287,-0.113289088421205,3.40752595923988,43.9762049830709
180.3,-49.1596505659398,-44.4104584327372,-50.3504225472318,-5.93996411449464,-46.9560395635079,-50.3643683674589,1.20471780151911,5.95390993472175,0.0139458202271143,3.40832880395104,44.4244042529643
180.4,-49.3044635983192,-44.717443478624,-51.0624920524132,-6.34504857378924,-47.6987593558262,-51.1235851446745,1.81912154635533,6.40614166605052,0.0610930922612738,3.42482578884825,44.7785365708852
180.5,-49.4493790307539,-45.0140968958557,-50.3341766974541,-5.3200798015984,-47.0102761179339,-50.4221598734449,0.972780842690987,5.40806297758917,0.0879831759907646,3.41188375551102,45.1020800718465
180.6,-49.6844373446143,-45.3035439280663,-50.9325572645803,-5.62901333651402,-47.7035789238201,-51.1037783543504,1.41934100973604,5.80023442628409,0.171221089770064,3.40019943053024,45.4747650178363
180.7,-50.0189134056422,-45.5926218512306,-52.9410879291028,-7.3484660778722,-49.8288863146765,-53.2356223740087,3.2167089683665,7.64300052277811,0.294534444905914,3.40673605933223,45.8871562961365
180.8,-50.5039113454855,-45.889040952278,-49.7332610655046,-3.84422011322653,-46.8336723017209,-50.2578094891246,-0.246101856360895,4.36876853684657,0.524548423620033,3.42413718740366,46.4135893758981
180.888598974249,-51.052575414407,-46.1658328059416,-51.8529086400985,-5.68707583415691,-48.970172193297,-52.3854213825763,1.33284596816936,6.21958857663471,0.532512742477792,3.41524918927936,46.6983455484194
180.9,-51.1254452262909,-46.2026235614313,-51.2283901486973,-5.02576658726597,-48.3554641345127,-51.7695696051842,0.644124378893274,5.56694604375289,0.541179456486915,3.41410547067147,46.7438030179182
180.925020634106,-51.2880129315854,-46.2843256142658,-53.0726968429923,-6.78837122872648,-50.2071711176659,-53.6218953631059,2.33388243152059,7.33756974884012,0.549198520113642,3.4147242454401,46.8335241343795
180.9683875085,-51.5711999989065,-46.4290895558914,-53.1163410397711,-6.68725148387968,-50.2283329863346,-53.6441297196883,2.07292972078185,7.21504016379691,0.527788679917229,3.41579673335372,46.9568782358086
181,-51.7748219350443,-46.5370313097227,-52.8379353495739,-6.30090403985117,-49.9595097153089,-53.3760882438814,1.60126630883709,6.83905693415868,0.538152894307515,3.41657852857244,47.0751842040302
181.050867466285,-52.1247942013726,-46.7150975527576,-51.6626166975811,-4.9475191448235,-48.8609683807036,-52.2805686497701,0.155774448397523,5.56547109701246,0.61795195218896,3.41960026906655,47.3330495049466
181.1,-52.4751451022218,-46.8928570944324,-54.3725585901919,-7.47970149575959,-51.5059156167642,-54.9284345640655,2.45328946184372,8.03557746963317,0.555875973873583,3.42251894730128,47.4487330683059
181.153688766935,-52.8487437969771,-47.0930764452148,-53.3366872377581,-6.24361079254331,-50.4965747800803,-53.918697110231,1.06995331325388,6.8256206650162,0.582009872472881,3.42212233015067,47.6750863176877
181.2,-53.1722957548376,-47.2706946210065,-54.0745289454461,-6.80383432443965,-51.2236379694367,-54.6454181827843,1.47312242794669,7.37472356177787,0.570889237338221,3.42178021334769,47.8415838583447
181.257814172669,-53.5844982337123,-47.4986817591695,-53.937120158322,-6.43843839915253,-51.0912026085043,-54.502833437936,0.918335204223695,7.00415167876653,0.565713279614002,3.41163082943172,48.0643950387835
181.3,-53.8915089470583,-47.6694740120859,-52.0738215322426,-4.40434752015674,-49.2479286681552,-52.6521536983232,-1.23935524873515,4.98267968623726,0.578332166080521,3.40422503016794,48.2478061781664
181.36100675124,-54.3350320468699,-47.9230944851357,-54.3427741198402,-6.41967963470451,-51.4784345333383,-54.884976531173,0.549944484303118,6.9618820460373,0.542202411332795,3.4065419978347,48.4652968964685
181.4,-54.6117755565442,-48.0890135253366,-54.8511910386063,-6.76217751326975,-51.999095790814,-55.4071187082971,0.795343151752924,7.31810518296057,0.555927669690817,3.40802291748313,48.6449411950274
181.447162615786,-54.9532129926893,-48.2935598356759,-54.5353899085189,-6.24183007284297,-51.6675501839055,-55.0709700868846,0.117757094195333,6.77741025120877,0.535580178365798,3.40341990297919,48.8291400140417
181.5,-55.3248662338452,-48.5274489134542,-53.9562637641821,-5.42881485072795,-51.1238001572608,-54.5220631951714,-0.802803038673872,5.99461428171715,0.565799430989209,3.39826303791056,49.0932483444434
181.548687846476,-55.6990942795191,-48.7476317410303,-53.9162637977876,-5.16863205675725,-51.1103959588043,-54.511986028448,-1.18710825107105,5.76435428741771,0.595722230660463,3.40159006964374,49.3433539716908
181.6,-56.0909576434639,-48.9849867466407,-54.8183713177126,-5.8333845710719,-51.967017376511,-55.3721138070934,-0.718843836370525,6.38712706045268,0.553742489380788,3.40509643058243,49.5387292360215
181.677298449214,-56.6576284029125,-49.351592092973,-56.3402852821002,-6.98869318912723,-53.4446450493689,-56.8627901307461,0.20516172783362,7.51119803777312,0.522504848645895,3.41814508137717,49.8740969416189
181.7,-56.8175116773903,-49.4610947388696,-56.663415191828,-7.20232045295846,-53.7669599308089,-57.188937231483,0.37142555409276,7.72784249261345,0.525522039654994,3.42197730067416,49.9866167785246
181.72643293518,-57.0060799091253,-49.5895512267623,-58.0243198662379,-8.43476863947557,-55.132734919332,-58.5527526598899,1.54667275076454,8.96320143312756,0.528432793651987,3.4200177405579,50.1179840204143
181.774740836984,-57.3483501559057,-49.8269913796054,-57.4312314828816,-7.60424010327617,-54.495554286156,-57.9119908036286,0.56364064772292,8.08499942402322,0.480759320747048,3.41643651747261,50.3077507003524
181.8,-57.5185480531492,-49.9523644031056,-56.5367693492276,-6.58440494612206,-53.590967236068,-57.0055312090017,-0.51301684414743,7.05316680589615,0.468761859774098,3.41456397293378,50.4211262628797
181.84134901801,-57.7899587973471,-50.1591384876376,-56.721176828749,-6.56203834111135,-53.7104379211926,-57.1300233452217,-0.659935452125374,6.9708848575841,0.408846516472749,3.41958542402907,50.5679850041104
181.888128832524,-58.0729158603698,-50.3947603848586,-56.760831485254,-6.36607110039542,-53.7242957551785,-57.1495621496909,-0.923353710678946,6.75480176483229,0.388730664436871,3.42526639451245,50.7834910492955
181.9,-58.1425358177216,-50.4547686742431,-57.2239035492969,-6.76913487505381,-54.1736422241417,-57.6003502607969,-0.542185556924757,7.14558158655382,0.376446711500009,3.42670803665519,50.8312153857431
181.920271011234,-58.2569189733885,-50.5573854429103,-57.0854718393651,-6.52808639645483,-54.0062456148157,-57.4313465979133,-0.825572375475232,6.87396115500299,0.345874758548163,3.42510098309763,50.9032602014585
181.965776358565,-58.4934709536049,-50.7880607138209,-59.0132500318571,-8.22518931803622,-55.8778686483344,-59.299362039809,0.805891086204099,8.51130132598814,0.286112007951921,3.42149339147461,51.0741727217728
182,-58.6614647631168,-50.9615199364303,-58.7295650857472,-7.76804514931683,-55.5502466316159,-58.969026827183,0.307562064066218,8.00750689075269,0.239461741435861,3.4187801955671,51.2009816778662
182.042233087281,-58.8462311292424,-51.1751014826063,-58.2681566254588,-7.09305514285251,-55.0723200340867,-58.4824590493282,-0.363772079914206,7.30735756672195,0.214302423869434,3.41013901524153,51.3894039064757
182.088229552529,-59.0408218289912,-51.40675605648,-59.4330033614637,-8.02624730498366,-56.16373448702,-59.5644623089025,0.523640479911329,8.15770625242251,0.131458947438858,3.40072782188254,51.5382150039189
182.1,-59.0840577579233,-51.4658146363844,-58.8144562383158,-7.34864160193141,-55.5385800685641,-58.9368995758844,-0.147158182038815,7.47108493950007,0.122443337568662,3.39831950732035,51.588257973953
182.12529867731,-59.1739044120745,-51.5923176953816,-58.6373561801776,-7.045038484796,-55.3481744327418,-58.748502344481,-0.42540206759351,7.15618464909937,0.111146164303364,3.40032791173919,51.703463859685
182.188380399691,-59.378128677496,-51.9048226171887,-57.9808997110428,-6.0760770938541,-54.6422333504195,-58.0475691765419,-1.33055950095414,6.14274655935324,0.0666694654991389,3.40533582612237,51.9714920826878
182.2,-59.4126119436196,-51.961869495769,-59.1276371264829,-7.16576763071398,-55.7836966913518,-59.1899549710997,-0.222656972519957,7.22808547533073,0.0623178446167501,3.40625827974793,52.0241873403857
182.222582399944,-59.4780390569315,-52.0722399106248,-57.9747825937339,-5.90254268310917,-54.6111702747983,-58.0146177895702,-1.46342126736127,5.94237787894544,0.0398351958362753,3.40344751477195,52.112075106461
182.252207523688,-59.5592462319576,-52.2159704518844,-59.6462145515702,-7.43024409968587,-56.2934250802985,-59.6931852429541,0.133939010996443,7.47721479106971,0.0469706913838408,3.3997601626556,52.2629411432682
182.3,-59.6948632069827,-52.4453915802227,-57.9929860369674,-5.54759445674477,-54.6442032850256,-58.0380148585647,-1.65684834841795,5.59262327834204,0.0450288215972705,3.39381157353915,52.4904204018199
182.358254046641,-59.8553566503299,-52.7210887021096,-60.4957555679236,-7.77466686581395,-57.1089029877079,-60.519093556063,0.663736905733103,7.79800485395343,0.0233379881394811,3.41019056835514,52.7444266902491
182.4,-59.9491230850706,-52.9157011373249,-58.9280253455778,-6.01232420825291,-55.4863823602018,-58.9083104265177,-1.04081265855286,5.99260928919283,-0.0197149190600712,3.4219280663159,52.8959862182648
182.46250923355,-60.0479929870144,-53.2012188266635,-59.3096477834382,-6.10842895677469,-55.8172716896435,-59.2419002902957,-0.8060926967187,6.0406814636322,-0.0677474931424982,3.42462860065218,53.133471333521
182.5,-60.0975554616347,-53.3686457104604,-60.2081027535662,-6.8394570431058,-56.7059038722147,-60.1321521552137,0.0345966935789903,6.76350644475322,-0.0759505983525841,3.42624828299894,53.2926951121079
182.542809975135,-60.1394383808186,-53.5561486588543,-60.1400819897133,-6.583933330859,-56.6120054645519,-60.0358378909061,-0.103600489912438,6.47968923205188,-0.104244098807122,3.42383242635428,53.4519045600471
182.6,-60.1932658619966,-53.8002396017443,-59.3799673014373,-5.57972769969302,-55.8690135631602,-59.2896186365169,-0.903647225479638,5.48937903477263,-0.0903486649203984,3.42060507335675,53.7098909368239
182.669761184371,-60.2684766854259,-54.0886826606192,-59.6226640017549,-5.5339813411357,-56.13639983155,-59.5552877788224,-0.713188906603555,5.46660511820319,-0.0673762229325092,3.4188879472724,54.0213064376867
182.7,-60.3019444039905,-54.2107515065461,-60.0903985186282,-5.87964701208206,-56.5957193271231,-60.0138629656579,-0.288081438332668,5.80311145911173,-0.0765355529703342,3.41814363853474,54.1342159535758
182.744837959506,-60.3519845316607,-54.388566027584,-63.270659897472,-8.88209386988807,-59.754773367045,-63.1651953103868,2.81321077872611,8.77662928280285,-0.105464587085216,3.41042194334187,54.2831014404988
182.792978660696,-60.3938449907651,-54.5751490924137,-61.6190148915203,-7.04386579910663,-58.1092175590719,-61.511349031013,1.11750404024786,6.93619993859931,-0.107665860507318,3.40213147194104,54.4674832319064
182.8,-60.4002521228381,-54.6019816272391,-60.2345467253456,-5.63256509810644,-56.7303480077422,-60.1312703113235,-0.268981811514671,5.52928868408433,-0.103276414022112,3.40092230358132,54.498705213217
182.813266661194,-60.4122140729677,-54.6524243632084,-62.2764372245867,-7.62401286137829,-58.7708460285121,-62.1723526859404,1.76013861297265,7.51992832273196,-0.104084538646326,3.40150665742827,54.5483398245621
182.841841023257,-60.4411511636014,-54.7599549043785,-59.8029615840694,-5.04300667969083,-56.3281609154099,-59.7309261817792,-0.710224981822272,4.97097127740061,-0.0720354022902185,3.40276526636929,54.6879195020883
182.87931335029,-60.4836920196248,-54.8988388077301,-59.8799724049644,-4.98113359723428,-56.3823564595,-59.7867722616097,-0.696919758015099,4.88793345387955,-0.0932001433547285,3.40441580210972,54.8056386643754
182.9,-60.5031382756977,-54.9744688754343,-60.9157513927637,-5.94128251732939,-57.4169600875018,-60.8222870701385,0.319148794440849,5.84781819470423,-0.0934643226251595,3.40532698263674,54.8810045528091
182.932337423518,-60.5352918290839,-55.0911791324455,-60.8390038165179,-5.74782468407241,-57.3642738742374,-60.7692497402589,0.233957911174961,5.67807060781333,-0.0697540762590805,3.40497586602149,55.0214250561865
183,-60.6211099702563,-55.330016268928,-59.8545287476707,-4.52451247874269,-56.4107159715016,-59.8149571638154,-0.806152806440878,4.4849408948874,-0.0395715838552917,3.4042411923138,55.2904446850727
183.1,-60.7505105780808,-55.6711331056389,-62.5062436795728,-6.83511057393389,-59.0549464741404,-62.4502404357072,1.69972985762634,6.77910733006831,-0.0560032438655824,3.39529396156683,55.6151298617733
183.2,-60.8819430129462,-55.9986108181299,-60.8489308392921,-4.85032002116216,-57.4460402519955,-60.8323466462563,-0.0495963666898334,4.83373582812639,-0.0165841930357757,3.38630639426086,55.9820266250942
183.3,-61.0524583274898,-56.3148690696466,-61.4450919843078,-5.13022291466115,-58.0793213553522,-61.4748310767249,0.422372749235087,5.15996200707831,0.0297390924171665,3.39550972137275,56.3446081620638
183.4,-61.2529415300712,-56.6228152392178,-62.0811536710661,-5.45833843184833,-58.7672125217732,-62.1729374429971,0.91999591292587,5.55012220377928,0.0917837719309489,3.40572492122389,56.7145990111487
183.5,-61.5223242896957,-56.9259151179731,-61.6462010012165,-4.72028588324346,-58.4197759840229,-61.8136526966584,0.291328406962727,4.88773757868535,0.167451695441883,3.39387671263552,57.0933668134149
183.6,-61.8431875954555,-57.228850296349,-60.6843364171505,-3.45548612080147,-57.4724129463775,-60.8765764836941,-0.966611111761473,3.64772618734508,0.192240066543604,3.40416353731661,57.4210903628926
183.7,-62.185347235875,-57.5335587708961,-60.9100102046953,-3.37645143379916,-57.6956771163129,-61.0991837216093,-1.08616351426569,3.56562495071319,0.189173516914032,3.40350660529639,57.7227322878102
183.8,-62.5079956520269,-57.8399781591154,-61.7397607439883,-3.89978258487291,-58.5620210221772,-61.9726000157074,-0.535395636319457,4.13262185659202,0.232839271719115,3.41057899353023,58.0728174308345
183.9,-62.8699922419763,-58.1488211687333,-61.2971833961096,-3.14836222737632,-58.1338242487223,-61.5553017492645,-1.31469049271185,3.40648058053118,0.258118353154856,3.42147750054223,58.4069395218882
184,-63.2395696276589,-58.4614626750659,-61.5436453938844,-3.08218271881856,-58.3359935612693,-61.7585158911693,-1.4810537364896,3.29705321610341,0.214870497284849,3.42252232990001,58.6763331723507
184.1,-63.5400486440342,-58.7757866821452,-63.3079061961037,-4.53211951395848,-60.0281163131891,-63.4556993149808,-0.0843493290533885,4.67991263283562,0.147793118877139,3.42758300179168,58.9235798010223
184.2,-63.7734092507071,-59.0870329602582,-62.4629388434125,-3.37590588315427,-59.1139361935621,-62.5424953568784,-1.23091389382877,3.45546239662019,0.0795565134659171,3.42855916331629,59.1665894737241
184.3,-63.9624874092127,-59.3915143845899,-62.9966450909432,-3.6051307063533,-59.6252368096175,-63.0568321322846,-0.905655276928087,3.66531774769471,0.0601870413414076,3.43159532266713,59.4517014259313
184.4,-64.0902427406166,-59.6872332969531,-62.1071904186493,-2.41995712169622,-58.6315897070054,-62.0724859203369,-2.01775682027967,2.38525262338376,-0.0347044983124576,3.44089621333144,59.6525287986407
184.5,-64.1129430947217,-59.9688490543858,-62.0317131918305,-2.06286413744474,-58.4458457779888,-61.8739231569695,-2.23901993775225,1.90507410258366,-0.15779003486108,3.42807737898069,59.8110590195247
184.6,-63.9685553923772,-60.2293848316032,-62.032092647069,-1.80270781546584,-58.1998904404852,-61.6153359284593,-2.35321946391789,1.3859510968561,-0.416756718609747,3.41544548797402,59.8126281129934
184.7,-63.6226691375533,-60.4570878522793,-63.0819233363517,-2.62483548407235,-59.1288464971339,-62.5340086420031,-1.08866049555018,2.07692078972381,-0.547914694348535,3.40516214486917,59.9091731579308
184.8,-63.1702795414191,-60.64449746946,-62.2111690522279,-1.56667158276792,-58.1929455921113,-61.602060245927,-1.56821929549206,0.957562776467,-0.609108806300917,3.40911465381576,60.0353886631591
184.9,-62.6562726099741,-60.7892219045553,-61.6945393190503,-0.905317414494959,-57.6037524341295,-61.0171370199113,-1.63913559006279,0.227915115355941,-0.677402299139018,3.41338458578173,60.1118196054163
185,-62.0475977637399,-60.8884529204338,-63.7812898421329,-2.89283692169911,-59.7352818212641,-63.1578737134758,1.11027594973589,2.26942079304199,-0.623416128657112,3.42259189221166,60.2650367917767
185.1,-61.4828913834761,-60.9442305285524,-61.2106753256473,-0.266444797094906,-57.1726936172913,-60.5908998703454,-0.891991513130677,-0.353330658206964,-0.61977545530187,3.41820625305409,60.3244550732505
185.2,-60.8888500840832,-60.959637952902,-60.6767159206736,0.28292203222837,-56.6150157158825,-60.0371693263626,-0.851680757720558,-0.922468626539342,-0.639546594310971,3.4221536104801,60.320091358591
185.3,-60.2617361898539,-60.9351545113411,-61.9483678793288,-1.01321336798774,-57.887913986364,-61.3162468094418,1.05451061958784,0.381092298100661,-0.632121069887077,3.42833282307775,60.303033441454
185.4,-59.6187340748816,-60.871796587927,-60.9508564267344,-0.0790598388074173,-56.8803412618274,-60.3168013575501,0.698067282668546,-0.554995230376868,-0.634055069184285,3.43646009572272,60.2377415187427
185.5,-58.986893219694,-60.7712941369198,-58.3068103035718,2.46448383334802,-54.3297158458624,-57.7829181624183,-1.20397505727563,-2.9883759745015,-0.523892141153482,3.45320231655593,60.2474019957664
185.6,-58.4093506651811,-60.6389533370932,-59.4233467366202,1.21560660047295,-55.4892428104686,-58.9449339258581,0.535583260677036,-1.69401941123507,-0.478412810762123,3.45569111538948,60.160540526331
185.7,-57.898339269065,-60.479840334611,-58.8657843205914,1.61405601401962,-55.1083911478837,-58.5609553971182,0.662616128053259,-1.91888493749275,-0.304828923473124,3.4525642492345,60.1750114111379
185.78587373083,-57.5378655983622,-60.3281236617995,-58.1256306409631,2.20249302083646,-54.3716047246754,-57.8254424700547,0.287576871692536,-2.50268119174482,-0.300188170908356,3.4538377453793,60.0279354908912
185.8,-57.4819496539168,-60.3020495221348,-59.1708353440855,1.13121417804928,-55.4392364716004,-58.8932837076954,1.41133405377854,-1.40876581443939,-0.277551636390108,3.45404723609497,60.0244978857447
185.822277693091,-57.3972043104678,-60.2603981435776,-57.08714212567,3.17325601790755,-53.3580806653666,-56.8149186131961,-0.582285697271722,-3.44547953038148,-0.272223512473929,3.45683794782949,59.9881746311036
185.868909445852,-57.2269725564814,-60.1712737842639,-59.132562275871,1.03871150839286,-55.4203285447607,-58.883008021114,1.65603546463253,-1.28826576314994,-0.249554254757079,3.46267947635327,59.9217195295068
185.9,-57.1121463207832,-60.1104893829422,-58.7685905682798,1.34189881466244,-55.0606943802836,-58.52726854959,1.41512222880684,-1.58322083335223,-0.241322018689786,3.46657416930643,59.8691673642525
185.957898851795,-56.9230042189437,-59.9947236644142,-58.3582768419445,1.63644682246962,-54.7233195259297,-58.201753830231,1.27874961128736,-1.79296983418312,-0.156523011713496,3.47843430430131,59.8382006527007
186,-56.8038435588096,-59.9091367232352,-58.5500153177294,1.35912140550582,-54.943681486773,-58.4307398878512,1.62689632904152,-1.47839683538402,-0.119275429878201,3.48705840107817,59.789861293357
186.060909871825,-56.6463443678985,-59.7840372135436,-57.4998716218126,2.28416559173102,-53.9018181245859,-57.3902795623762,0.743935194477707,-2.39375765116741,-0.10959205943638,3.48846143779032,59.6744451541073
186.1,-56.5459016986264,-59.7030751609787,-56.8612164314838,2.84185872949487,-53.2845896110489,-56.7739514757038,0.228049777077466,-2.92912368527485,-0.0872649557799718,3.48936186465494,59.6158102051987
186.152871454674,-56.4150126986639,-59.5929463856055,-54.7118569634648,4.88108942214065,-51.0817389514562,-54.5718157469017,-1.84319695176224,-5.02113063870379,-0.140041216563134,3.4900767954455,59.4529051690423
186.2,-56.2869130243111,-59.4938849706956,-56.6955008896972,2.79838408099837,-53.1280894345129,-56.618803504805,0.331890480493911,-2.87508146589055,-0.076697384892185,3.49071407029214,59.4171875858034
186.252657286604,-56.1735722522762,-59.3827072690653,-57.1635593025586,2.21914796650675,-53.5976661275173,-57.0918617473527,0.918289495076515,-2.29084552171263,-0.0716975552058869,3.49419561983541,59.3110097138595
186.3,-56.0715477363796,-59.2827186958315,-55.9507268594508,3.33199183638072,-52.3770175599551,-55.8743433449173,-0.197204391462328,-3.40837535091421,-0.0763835145334966,3.49732578496218,59.206335181298
186.355967375874,-55.9550318973051,-59.1644366197281,-57.4949862998812,1.66945031984694,-53.9488036395211,-57.4483905090332,1.49335861172808,-1.71604611069493,-0.046595790847995,3.49958686951206,59.1178408288801
186.4,-55.8687692834427,-59.0714980084209,-56.3753126067772,2.69618540164373,-52.8821188208806,-56.3834846104251,0.514715326982376,-2.68801339799586,0.00817200364787141,3.50136578954446,59.0796700120688
186.448779047517,-55.8055547980955,-58.9692899820733,-55.1246568934641,3.84463308860919,-51.6638442982333,-55.1668163577718,-0.638738440323756,-3.80247362430152,0.0421594643076659,3.50297205953852,59.011449446381
186.5,-55.7376959799056,-58.8633909275747,-54.3732139000252,4.49017702754954,-50.8515835347966,-54.3562422750562,-1.38145370484937,-4.50714865251854,-0.0169716249690026,3.50465874025961,58.8464193026057
186.562300584095,-55.6250106158898,-58.7355655901216,-53.6095534726989,5.12601211742271,-50.0938443458739,-53.6119159409629,-2.01309467492698,-5.12364964915876,0.00236246826395359,3.51807159508895,58.7379280583856
186.6,-55.5582739409465,-58.6585527172762,-54.3508625132885,4.30769020398768,-50.8123239022885,-54.3385119027054,-1.21976203824109,-4.32004081457077,-0.0123506105830913,3.52618800041684,58.6462021066931
186.654251621383,-55.4406110780251,-58.5478967690341,-53.9967287425691,4.55116802646503,-50.3708072867308,-53.8994310158079,-1.54118006221721,-4.64846575322618,-0.0972977267611483,3.52862372907718,58.450599042273
186.7,-55.3158006877772,-58.4539012633828,-52.473850728805,5.98005053457782,-48.8544454620475,-52.3851231506953,-2.93067753708195,-6.06877811268754,-0.0887275781097188,3.5306776886478,58.3651736852731
186.75117051617,-55.1753269356387,-58.3477128929156,-53.428131547621,4.91958134529458,-49.7751629264207,-53.3061026359445,-1.86922429969425,-5.0416102569711,-0.122028911676516,3.53093970952381,58.2256839812391
186.8,-55.021422230258,-58.2450450372933,-53.3606819538096,4.88436308348376,-49.6383510736978,-53.1695408167387,-1.85188141351932,-5.07550422055465,-0.191141137070893,3.53118974304088,58.0539039002224
186.85816980593,-54.8095485865757,-58.1199619410599,-54.3478395042096,3.77212243685031,-50.6415003631016,-54.1717890844345,-0.637759502141208,-3.94817285662542,-0.176050419775109,3.53028872133293,57.9439115212848
186.9,-54.6520015722725,-58.0280120552529,-52.7825831748388,5.24542888041402,-49.0054217308024,-52.5350625229854,-2.11693904928708,-5.49294953226747,-0.247520651853442,3.52964079218305,57.7804914033994
186.966735799619,-54.3410105836383,-57.8765909502789,-52.1452079313982,5.73138301888071,-48.2244323651165,-51.7464453771563,-2.5945652064819,-6.13014557312254,-0.398762554241827,3.52201301203986,57.4778283960371
187,-54.1552873530498,-57.7980481452196,-51.4809642218353,6.3170839233843,-47.5427439948517,-51.0609549694754,-3.0943323835744,-6.73709317574411,-0.420009252359812,3.51821097462371,57.3780388928597
187.040110800266,-53.9129315453271,-57.7000734914551,-51.3697260081455,6.3303474833096,-47.3498775203627,-50.866198891314,-3.04673265401306,-6.83387460014109,-0.503527116831485,3.51632137095139,57.1965463746236
187.1,-53.522888682871,-57.5461559465012,-50.4471622231995,7.09899372330171,-46.4385284423277,-49.9520284571605,-3.57086022571045,-7.59412748934066,-0.495133766038954,3.5135000148328,57.0510221804622
187.165387489784,-53.058635039744,-57.3672419713966,-51.3208352075349,6.0464067638617,-47.1660756618155,-50.6735572748115,-2.38507776493253,-6.69368469658506,-0.647277932723362,3.50748161299601,56.7199640386732
187.2,-52.7817959538739,-57.2671362648555,-53.3669409196583,3.90019534519718,-49.1643244779966,-52.6686202828855,-0.113175670988412,-4.59851598196999,-0.698320636772806,3.50429580488891,56.5688156280827
187.242191468118,-52.4209232607225,-57.1394172376713,-52.6792926572282,4.46012458044314,-48.4430267167024,-51.9478888500352,-0.473034410687276,-5.19152838763613,-0.731403807192983,3.50486213333279,56.4080134304783
187.3,-51.9022103496596,-56.9536556246541,-49.7557669116699,7.19788871298418,-45.4752742802706,-48.9809123670689,-2.92129798259066,-7.97274325758512,-0.774854544600942,3.50563808679835,56.1788010800531
187.360477640813,-51.3369421805263,-56.7455550830083,-52.0770183202334,4.66853676277489,-47.7736625950043,-51.2800277824554,-0.0569143980709441,-5.46552730055293,-0.796990537778036,3.50636518745108,55.9485645452302
187.4,-50.9519801274746,-56.6017956626806,-50.5122209898653,6.08957467281526,-46.1797308732721,-49.6865712236557,-1.26540890381889,-6.91522443902485,-0.825649766209587,3.50684035038363,55.776145896471
187.454191192534,-50.4115836794367,-56.3943899674674,-51.4705883171999,4.92380165026754,-47.1377760526861,-50.6485325059567,0.236948826519935,-5.74585746151076,-0.822055811243217,3.51075645327058,55.5723341562242
187.5,-49.9480259379748,-56.2098888560184,-50.7364213802319,5.47346747578641,-46.3670951615233,-49.8811619682808,-0.0668639696940545,-6.32872688773758,-0.855259411951174,3.51406680675746,55.3546294440672
187.550427436547,-49.420612210556,-55.9968778226436,-51.0616341909401,4.93524363170351,-46.7057102845535,-50.234450323721,0.813838113165062,-5.76242749892261,-0.827183867219098,3.5287400391675,55.1696939554245
187.6,-48.9003609619997,-55.7774745621304,-49.109977130615,6.66749743151546,-44.7537566708655,-48.2969211938957,-0.603439768104046,-7.48055336823478,-0.813055936719316,3.54316452303012,54.9644186254111
187.659439158503,-48.26320232915,-55.5015286144528,-49.6095062344584,5.89202237999433,-45.205886106992,-48.7505840935388,0.487381764388829,-6.75094452091395,-0.858922140919617,3.54469798654682,54.6426064735331
187.7,-47.8075875681045,-55.3049237349733,-47.73113461778,7.57378911719336,-43.3065000093847,-46.852244420077,-0.955343148027531,-8.45267931489635,-0.878890197702994,3.54574441069227,54.4260335372703
187.766044710095,-47.0712139351196,-54.9702462848228,-48.5865347817716,6.38371150305124,-44.2121207926611,-47.7542112845181,0.682997349398548,-7.21603500030473,-0.832323497253491,3.54209049185704,54.1379227875693
187.8,-46.7018830870052,-54.7916327101957,-47.4878117789188,7.30382093127688,-43.1366257593658,-46.6768376772514,-0.0250454097538082,-8.11479503294429,-0.810974101667405,3.54021191788556,53.9806586085283
187.849140590788,-46.1819028584483,-54.525890045028,-47.3373182445375,7.18857180049045,-43.0526864188591,-46.5902007385892,0.408297880140971,-7.93568930643874,-0.747117505948289,3.53751431973016,53.7787725390797
187.9,-45.676999451832,-54.2428914606758,-47.739349734963,6.50354172571274,-43.5049957695166,-47.0397181356648,1.3627186838328,-7.20317332501101,-0.699631599298264,3.53472236614811,53.5432598613775
188,-44.7661480237214,-53.6675114502801,-45.9567481400243,7.7107633102558,-41.8436558284402,-45.3752083825656,0.609060358844225,-8.29230306771451,-0.581539757458714,3.53155255412538,53.0859716928214
188.1,-43.9283242966432,-53.0733128815972,-46.8418301774779,6.23148270411922,-42.8230868327236,-46.3698147860169,2.44149048937373,-6.70349809558027,-0.472015391461056,3.5467279532933,52.6012974901361
188.2,-43.1999361617033,-52.4669194862208,-44.0787902231396,8.3881292630812,-40.2023077273799,-43.7500343943615,0.550098232658122,-8.71688509185935,-0.328755828778149,3.54772666698162,52.1381636574427
188.3,-42.5974315586614,-51.8568303834629,-44.6003260372161,7.25650434624684,-40.8327777700247,-44.3878589623558,1.79042740369435,-7.46897142110716,-0.212467074860328,3.55508119233102,51.6443633086026
188.4,-42.1040352523675,-51.2507441049798,-42.7114812878292,8.53926281715054,-39.0595368003347,-42.6180575698301,0.514022317462697,-8.63268653514962,-0.0934237179990802,3.55852076949543,51.1573203869807
188.5,-41.7019026199114,-50.6550329568473,-41.9671040106781,8.68792894616924,-38.3781351343926,-41.9555446862433,0.253642066331935,-8.69948827060399,-0.0115593244347423,3.57740955185069,50.6434736324126
188.6,-41.4110718344228,-50.0745883181462,-43.4175786388347,6.65700967931153,-39.9871375539083,-43.559822665789,2.14875083136628,-6.51476565235719,0.142244026954337,3.57268511188077,50.2168323451006
188.7,-41.2028081689274,-49.5163186351605,-40.4599435460493,9.05637508911121,-37.021624487376,-40.5782829969277,-0.624525171999686,-8.93803563823282,0.118339450878395,3.55665850955172,49.6346580860389
188.8,-41.0009500509619,-48.9803425805912,-40.4204042530424,8.55993832754874,-36.9999802233052,-40.5690166118426,-0.431933439119291,-8.41132596874851,0.148612358800229,3.56903638853744,49.1289549393914
188.9,-40.8478870554328,-48.4670599516806,-40.1936479332559,8.27341201842471,-36.805866942655,-40.3918972616963,-0.45598979373657,-8.07516268998438,0.198249328440326,3.58603031904124,48.665309280121
189,-40.7236380537003,-47.9781586414194,-40.582102268908,7.39605637251139,-37.1073972922314,-40.7174768576506,-0.00616119604968901,-7.26068178376874,0.13537458874265,3.61007956541924,48.113533230162
189.089668290627,-40.5694660817455,-47.557978055975,-40.3501414763729,7.20783657960209,-36.8736113220318,-40.4858674120119,-0.0835986697336182,-7.07211064396311,0.13572593563898,3.61225608998015,47.693703991614
189.1,-40.5515266083414,-47.510573461184,-39.6379803798533,7.87259308133074,-36.15600485517,-39.7685117274395,-0.783014880901852,-7.74206173374451,0.130531347586228,3.61250687226952,47.6411048087703
189.118838041199,-40.5181974741156,-47.4246497743132,-39.9548188201736,7.46983095413956,-36.4658366115463,-40.0800480968806,-0.438149377235007,-7.34460167743255,0.12522927670701,3.61421148533427,47.5498790510202
189.143583628363,-40.4721950317994,-47.3127492918794,-37.8788070860343,9.43394220584507,-34.368907834992,-37.9853584942791,-2.48683653752032,-9.32739079760027,0.106551408244798,3.61645065928711,47.4193007001242
189.2,-40.3604920444081,-47.0614447780184,-37.5923063725622,9.46913840545616,-34.0784926941128,-37.7000483472336,-2.66044369717453,-9.36139643078478,0.107741974671384,3.62155565312075,47.1691867526898
189.282522002908,-40.1959253824875,-46.7029514049635,-39.660228715343,7.04272268962054,-36.1158483020303,-39.7380670360404,-0.45785834644709,-6.96488436892311,0.0778383206974311,3.62221873401013,46.780789725661
189.3,-40.1583738349025,-46.6283404061411,-39.2208286717836,7.40751173435753,-35.6591231268725,-39.2814823001042,-0.876891534798219,-7.34685810603685,0.0606536283206793,3.62235917323177,46.6889940344618
189.324832416109,-40.1029632347758,-46.5230404245979,-39.5812256052336,6.94181481936424,-36.0213268122786,-39.6446511465207,-0.458312088255092,-6.87838927807721,0.0634255412870246,3.62332433424206,46.5864659658849
189.366835779282,-40.0023549702599,-46.3467030035284,-37.502133147077,8.84456985645144,-33.9006924199465,-37.5256492980481,-2.47670567221177,-8.82105370548036,0.0235161509710835,3.62495687810159,46.3702191544995
189.4,-39.9153400523728,-46.2088258322834,-38.6482143483168,7.56061148396658,-35.0517833192766,-38.6780291904682,-1.23731086190457,-7.53079664181519,0.0298148421513886,3.62624587119163,46.2386406744348
189.439154624936,-39.8147625851353,-46.0474921857739,-38.6017929887175,7.44569919705635,-34.9954705774888,-38.6268674681048,-1.18789511703055,-7.42062471766911,0.0250744793872428,3.631396890616,46.0725666651611
189.489068961445,-39.6854592084442,-45.8440607305286,-39.9076491665623,5.93641156396633,-36.2669716649862,-39.9049350778797,0.219475869435435,-5.93912565264895,-0.00271408868262313,3.63796341289351,45.841346641846
189.5,-39.6548069695679,-45.7998175098151,-38.1843371126084,7.61548039720673,-34.5473334529965,-38.1867349078076,-1.46807206176032,-7.61308260200754,0.0023977951991867,3.63940145481104,45.8022153050143
189.515932147122,-39.6115701263935,-45.7355118956903,-39.9682946086355,5.76721728705481,-36.3449057853119,-39.9839820932688,0.372411966875305,-5.75152980242145,0.0156874846333608,3.63907630795697,45.7511993803237
189.541274019782,-39.5419083119247,-45.6336828395945,-37.718707056683,7.91497578291151,-34.07393742879,-37.7124965540906,-1.82941175783417,-7.92118628550392,-0.00621050259240974,3.63855912530054,45.6274723370021
189.576436454964,-39.4382042855904,-45.4932053029938,-39.9061347512326,5.58707055176122,-36.2210257909679,-39.8588673133557,0.420663027765301,-5.63433798963811,-0.0472674378768829,3.63784152238783,45.4459378651169
189.6,-39.3626438064216,-45.3994757680558,-39.9670728524303,5.43240291562555,-36.2716956018411,-39.909056234084,0.546412427662418,-5.4904195339718,-0.0580166183462509,3.63736063224288,45.3414591497096
189.638675661909,-39.2352255431437,-45.2462093778558,-38.1528718932212,7.0933374846346,-34.4440264485806,-38.086777160788,-1.14844838235563,-7.1594322170678,-0.0660947324332,3.64275071220744,45.1801146454226
189.683119864971,-39.0893639230406,-45.0708346710437,-37.9578718258435,7.11296284520024,-34.2779428784512,-37.9268876102731,-1.16247631276742,-7.14394706077057,-0.0309842155703279,3.6489447318219,45.0398504554734
189.7,-39.0374901969294,-45.0044853996053,-39.355201746257,5.64928365334838,-35.6738556089597,-39.3251528610264,0.287662664096949,-5.67933253857898,-0.0300488852305989,3.65129725206668,44.9744365143747
189.724149738144,-38.9612929414891,-44.9098321666484,-38.1381808687452,6.77165129790323,-34.4347444231855,-38.0906670239694,-0.870625917519654,-6.81916514267896,-0.0475138447757359,3.65592260078396,44.8623183218727
189.757789963256,-38.8531669057305,-44.7784334308563,-37.9987985456896,6.77963488516668,-34.2902524488789,-37.9526180914528,-0.900548814277649,-6.82581533940347,-0.0461804542367901,3.6623656425739,44.7322529766195
189.8,-38.717956543965,-44.6142733918075,-36.9721158420516,7.64215754975597,-33.2666483759105,-36.9370984183296,-1.78085812563538,-7.67717497347795,-0.0350174237219747,3.67045004241904,44.5792559680856
189.9,-38.3855765261411,-44.2284522533397,-38.7559555311363,5.47249672220341,-34.9607662844351,-38.6388870059466,0.253310479805485,-5.58956524739316,-0.117068525189751,3.6781207215115,44.11138372815
190,-38.0033889272649,-43.8439470411964,-36.9785361549871,6.86541088620937,-33.2357426145364,-36.9312702659842,-1.07211866128068,-6.91267677521223,-0.0472658890028583,3.69552765144781,43.7966811521936
190.087191262277,-37.6811574712141,-43.5095787137659,-38.209460455429,5.30011825833688,-34.3729622932496,-38.0587711256792,0.377613654465087,-5.45080758808674,-0.150689329749859,3.68580883242956,43.358889384016
190.1,-37.6276535026446,-43.4604417341025,-37.1389180466571,6.32152368744536,-33.3146714402114,-36.9990525400846,-0.628600962560007,-6.46138919401785,-0.139865506572491,3.68438109987319,43.32057622753
190.116998025774,-37.5574539055053,-43.3951836401764,-37.9482297791409,5.4469538610355,-34.1208514186393,-37.8049123145317,0.247458409026379,-5.59027132564471,-0.143317464609204,3.68406089589236,43.2518661755672
190.143420351343,-37.4508832003161,-43.2936537574411,-36.6460634958721,6.647590261569,-32.8238900383196,-36.5074531979487,-0.943430002367407,-6.78620055949236,-0.138610297923364,3.68356315962917,43.1550434595177
190.187505766266,-37.273211526982,-43.1240702903126,-38.8401098837283,4.28396040658433,-35.0104502937433,-38.6931829848496,1.41997145786764,-4.43088730546295,-0.146926898878618,3.68273269110637,42.977143391434
190.2,-37.2220981826967,-43.0759614442116,-38.8440342701682,4.23192717404338,-35.0171584410797,-38.6996557693603,1.47755758666359,-4.37630567485132,-0.144378500807946,3.68249732828057,42.9315829434037
190.219658300617,-37.1422375745253,-43.0002209429532,-39.5344488959851,3.46577204696815,-35.7139662271823,-39.3972205102633,2.25498293573803,-3.60300043268993,-0.137228385721777,3.68325428308098,42.8629925572314
190.252536058444,-37.0155417569162,-42.8734965676464,-37.2306984505527,5.64279811709372,-33.4316684138842,-37.1161886749913,0.100646918075121,-5.75730789265509,-0.114509775561373,3.68452026110717,42.7589867920851
190.3,-36.8488050328655,-42.690765868178,-38.5889496066379,4.10181626154011,-34.8376783657867,-38.5240262547803,1.6752212219148,-4.16673961339773,-0.0649233518576224,3.68634788899356,42.6258425163204
190.352812019147,-36.6913453483346,-42.488450576063,-36.4410969164847,6.04735365957826,-32.7690376339626,-36.4531315194519,-0.238213828882635,-6.03531905661102,0.0120346029672405,3.68409388548929,42.5004851790302
190.4,-36.5696669021645,-42.3093799391542,-38.1169754212141,4.1924045179401,-34.4426712908867,-38.1247512053913,1.5550843032268,-4.18462873376282,0.00777578417727653,3.68207991450463,42.3171557233314
190.454829036978,-36.4461846039637,-42.103767924686,-37.5138988848305,4.58986903985551,-33.8605792479993,-37.5497614980504,1.10357689408667,-4.55400642663562,0.0358626132198907,3.68918225005105,42.1396305379059
190.5,-36.3516367286188,-41.936673042282,-37.4662397402168,4.47043330206518,-33.836064960828,-37.5310984779088,1.17946174928997,-4.40557456437322,0.0648587376919636,3.69503351708081,42.001531779974
190.556573807762,-36.2408678442026,-41.7306058305362,-37.0252476013547,4.70535822918152,-33.3804621777745,-37.0795809119704,0.838713067767891,-4.65102491856579,0.054333310615732,3.69911873419591,41.784939141152
190.6,-36.1672373744908,-41.5748799032745,-36.0329730055908,5.54190689768365,-32.4365748155341,-36.1388293723093,-0.0284080021814788,-5.43605053096518,0.105856366718477,3.7022545567752,41.680736269993
190.680974841767,-36.0689701939032,-41.2913596772017,-37.6160886673916,3.67527100981013,-34.1364676658583,-37.8455258958239,1.77655570192062,-3.44583378137786,0.229437228432275,3.70905822996552,41.520796905634
190.7,-36.0647899718697,-41.2263676862377,-35.928458828318,5.29790885791976,-32.46167605593,-36.1723328189236,0.107542847053914,-5.05403486731414,0.243873990605621,3.7106567629936,41.4702416768434
190.745786254032,-36.0600123048779,-41.0731268547119,-37.5006344405195,3.57249241419241,-34.0189069704073,-37.7265154252546,1.66650312037675,-3.34661142945727,0.225880984735142,3.70760845484729,41.299007839447
190.8,-36.0558878753187,-40.8973283228167,-36.8732006338498,4.02412768896689,-33.4337190086665,-37.1377180788421,1.08183020352342,-3.75961024397461,0.264517444992279,3.70399907017555,41.161845767809
190.862873534541,-36.0915377601262,-40.7017809462182,-37.5060319072713,3.19574903894695,-34.1042738919121,-37.8081707885859,1.71663302845976,-2.8936101576323,0.302138881314647,3.70389689667385,41.0039198275329
190.9,-36.1295958243725,-40.5909370899687,-37.4670752444697,3.12386184549901,-34.141129280817,-37.8449658446177,1.71537002024522,-2.74597124535101,0.377890600148007,3.70383656380074,40.9688276901167
190.942598115124,-36.2043505604062,-40.4686197228835,-37.4879413164079,2.98067840647565,-34.2087199199662,-37.9158519372738,1.71150137686762,-2.55276778560974,0.427910620865916,3.7071320173076,40.8965303437495
191,-36.3339688942983,-40.3128854093275,-35.6753306491919,4.63755476013565,-32.4602594829285,-36.1718321953763,-0.162136698921948,-4.14105321395118,0.496501546184469,3.71157271244782,40.809386955512
191.063338507173,-36.5376943097896,-40.1543830911802,-37.7154724058279,2.4389106853523,-34.6079081546279,-38.3195669198695,1.78187261007993,-1.83481617131073,0.60409451404157,3.71165876524156,40.7584776052218
191.1,-36.6897358815029,-40.0699807778416,-39.5138268334534,0.556153944388228,-36.4324483319061,-40.1441569060873,3.45442102458443,0.0741761282456892,0.630330072633917,3.71170857418119,40.7003108504756
191.150033153289,-36.9132076108759,-39.9640908730735,-38.7691472613375,1.19494361173608,-35.7384296340088,-39.449355261301,2.53614765042508,-0.514735611772572,0.680207999963507,3.71092562729213,40.644298873037
191.2,-37.1681983704923,-39.8694985854336,-36.2072544030793,3.66224418235425,-33.2126209422036,-36.9227646602093,-0.245433710283059,-2.94673392522432,0.715510257129928,3.71014371800567,40.5850088425635
191.260529102283,-37.4902315670095,-39.7703566630299,-38.1550782725391,1.61527839049074,-35.1437417660301,-38.8472613189836,1.3570297519741,-0.923095344046303,0.692183046444434,3.70351955295342,40.4625397094743
191.3,-37.7076888596762,-39.7146735977334,-37.6476234247088,2.06705017302455,-34.6610636089009,-38.3602635580376,0.652574698361406,-1.35441003969578,0.712640133328769,3.69919994913671,40.4273137310622
191.358363105234,-38.04986019854,-39.6454885689001,-40.7498243969405,-1.10433582804033,-37.7827284172854,-41.4852798765024,3.43541967796246,1.83979130760229,0.735455479561963,3.70255145921701,40.3809440484621
191.4,-38.2997901617269,-39.6057634358312,-40.0741530064033,-0.468389570572,-37.0980484850477,-40.8029909491977,2.50320078747082,1.19722751336647,0.72883794279447,3.70494246415007,40.3346013786257
191.473400382843,-38.7653086283018,-39.5551232383591,-38.4829195191427,1.07220371921633,-35.5436015895889,-39.2577582035699,0.492449575268147,-0.297365034789124,0.774838684427202,3.714156613981,40.3299619227863
191.5,-38.940699339743,-39.5429490359418,-39.4795756165628,0.063373419379019,-36.5250687095613,-40.2425644458798,1.30186510613679,0.699615409937984,0.762988829317003,3.71749573631846,40.3059378652588
191.534987361092,-39.1697567770381,-39.5318474614579,-36.0720695868194,3.45977787463847,-33.1280670371997,-36.8453355789898,-2.32442119804826,-2.68651188246803,0.773265992170437,3.71726854179014,40.3051134536283
191.6,-39.6051921769992,-39.525833114935,-38.10645388002,1.41937923491504,-35.1731805409028,-38.8900269155054,-0.71516526149378,-0.635806199429652,0.783573035485389,3.71684637460262,40.3094061504204
191.668634316562,-40.0791011109696,-39.5398846148188,-39.2337636237458,0.306120991072959,-36.2782024413325,-39.9994425646178,-0.0796585463518298,0.459557949798985,0.765678940871943,3.72124012328532,40.3055635556907
191.7,-40.3001814162103,-39.5531441443639,-39.2756347188442,0.277509425519696,-36.3510979762606,-40.0743460299397,-0.225835386270589,0.521201885575842,0.798711311095538,3.72324805367919,40.3518554554594
191.750175414346,-40.6578389934963,-39.5832531784391,-39.4383847583964,0.144868420042698,-36.4935644171357,-40.2183626120579,-0.439476381438361,0.635109433618808,0.779977853661507,3.72479819492221,40.3632310321006
191.8,-41.016432684643,-39.6237679562418,-38.6426173423843,0.981150613857487,-35.6406055183645,-39.3669430158744,-1.64948966876858,-0.256824940367373,0.724325673490114,3.72633749750985,40.3480936297319
191.855364840353,-41.3985828279093,-39.6804022638356,-40.7322245035941,-1.0518222397585,-37.7515779792475,-41.4783164370417,0.0797336091324397,1.7979141732061,0.746091933447602,3.72673845779418,40.4264941972832
191.9,-41.7199775928402,-39.7347914650711,-41.816382236482,-2.08159077141094,-38.8348583008726,-42.5619200130316,0.841942420191451,2.82712854796052,0.745537776549583,3.72706171215902,40.4803292416207
191.950068764706,-42.0773771182729,-39.8049752455838,-41.5352645797693,-1.73028933418553,-38.5246755465335,-42.2570893038897,0.1797121856168,2.45211405830591,0.721824724120381,3.73241375735618,40.5267999697041
192,-42.4151216986561,-39.8840065183846,-41.4933692030074,-1.60936268462275,-38.3962249168263,-42.1339760183253,-0.281145680330759,2.2499694999407,0.640606815317952,3.73775110149904,40.5246133337026
192.061028624665,-42.793761307689,-39.9911922764607,-41.1944338904528,-1.20324161399208,-38.038911292145,-41.7822671391827,-1.01149416850633,1.79107486272197,0.587833248729886,3.74335584703763,40.5790255251906
192.1,-43.0201808085108,-40.0650373222319,-41.6069333811304,-1.54189605889851,-38.4134194142585,-42.1603543136382,-0.859826494872593,2.09531699140634,0.553420932507834,3.74693489937973,40.6184582547397
192.147833999442,-43.2818118788538,-40.160684192714,-40.5001433825839,-0.339459189869963,-37.2802911059501,-41.0287978176347,-2.25301406121916,0.868113624920674,0.528654435050711,3.74850671168457,40.6893386277647
192.2,-43.5581385772538,-40.2706987827734,-41.8854616185392,-1.61476283576581,-38.6397979113943,-42.3900187837706,-1.16811979348321,2.11932000099722,0.504557165231411,3.7502208723763,40.7752559480048
192.268061406785,-43.8924775581148,-40.4222137324708,-44.7028434862355,-4.28062975376477,-41.3694926085839,-45.1162369636581,1.22375940554334,4.69402323118736,0.413393477422588,3.74674435507416,40.8356072098933
192.3,-44.0315397736381,-40.4958399342823,-43.9371868402011,-3.44134690591876,-40.5736446217275,-44.318757581314,0.287217807675894,3.82291764703163,0.381570741112867,3.74511295958646,40.8774106753952
192.353993812267,-44.2563840104566,-40.6232316575268,-42.8828840196982,-2.25965236217139,-39.4817631890417,-43.224912137392,-1.03147187306459,2.60168047986519,0.3420281176938,3.74314894835032,40.9652597752206
192.4,-44.4327702107669,-40.7342131496309,-45.9956730551691,-5.26145990553823,-42.5795173780309,-46.320992862963,1.88822265219614,5.58677971333216,0.325319807793925,3.74147548493207,41.0595329574248
192.485281056551,-44.7651647945475,-40.9452244544909,-43.248820644208,-2.30359618971713,-39.8332238426753,-43.5748818689218,-1.19028292562565,2.62965741443092,0.326061224713783,3.74165802624654,41.2712856792047
192.5,-44.8234543875241,-40.9823190513241,-45.0501565365741,-4.06783748525002,-41.6359821599429,-45.3776716916069,0.554217304082783,4.39535264028279,0.327515155032764,3.74168953166396,41.3098342063568
192.520978617253,-44.907766335668,-41.0355463324045,-45.5940320493861,-4.55848571698156,-42.2036791450341,-45.9468915388713,1.03912520320324,4.91134520646678,0.352859489485219,3.7432123938372,41.3884058218897
192.545902138493,-45.0099279301763,-41.0993644237325,-44.8545891119158,-3.75522468818327,-41.4415153652311,-45.1865369864003,0.176609056224045,4.08717256266783,0.331947874484563,3.7450216211692,41.4313122982171
192.581273714996,-45.1517568678687,-41.1909512202499,-44.2539308357241,-3.06297961547421,-40.8516607897427,-44.5992500747009,-0.552506793167787,3.40829885445104,0.345319238976828,3.7475892849582,41.5362704592267
192.6,-45.228324408078,-41.2399216750373,-46.4795609039275,-5.2396392288902,-43.0768198599701,-46.8257685076896,1.59744409961162,5.58584683265227,0.346207603762068,3.74894864771956,41.5861292787994
192.628794387536,-45.3482665528757,-41.3158977946388,-45.147418225976,-3.83152043133724,-41.7449548652677,-45.5009166590338,0.152650106158077,4.18501886439497,0.35349843305773,3.7559617937661,41.6693962276965
192.676843412637,-45.5596014502943,-41.4446028197771,-45.5840149251798,-4.13941210540268,-42.241457276033,-46.0091218653527,0.449520415058451,4.56451904557564,0.425106940172967,3.76766458931968,41.86970975995
192.7,-45.670965384762,-41.507662692962,-45.5203499877885,-4.01268729482653,-42.1891674075284,-45.9624720032177,0.291506618455749,4.45480931025574,0.442122015429213,3.77330459568936,41.9497847083912
192.73028037999,-45.8201424023661,-41.5912623290882,-46.3099156356092,-4.71865330652097,-42.9729125497814,-46.7469842868742,0.926841884508129,5.15572195778599,0.437068651265022,3.77407173709286,42.0283309803533
192.8,-46.1706864405097,-41.7885818148574,-47.596393161785,-5.80781134692761,-44.3404793436773,-48.1163173996592,1.94563095914948,6.32773558480181,0.519924237874207,3.77583805598196,42.3085060527316
192.866150176943,-46.5775267289287,-41.9837330549057,-46.9804523688902,-4.99671931398449,-43.80100875553,-47.5689316411464,0.991404912217696,5.58519858624062,0.58847927225613,3.7679228856164,42.5722123271619
192.9,-46.7994540328988,-42.0873588960028,-47.6227616061009,-5.53540271009809,-44.4534995052752,-48.2173721051823,1.41791807228351,6.13001320917952,0.594610499081433,3.76387259990712,42.6819693950843
192.943733014592,-47.0905098645446,-42.2251791846192,-47.5925208604565,-5.36734167583734,-44.396934423939,-48.1608092390834,1.07029937453876,5.93563005446419,0.568288378626853,3.7638748151444,42.793467563246
193,-47.4671442450034,-42.408821547555,-45.5933373663288,-3.1845158187738,-42.4285360973503,-46.1924137626235,-1.27473048237997,3.78359221506846,0.599076396294663,3.76387766527319,43.0078979438497
193.088370445241,-48.091513222055,-42.7120459439567,-48.6344334073092,-5.92238746335252,-45.5034398869747,-49.2557223572803,1.16420913522534,6.54367641332365,0.621288949971131,3.75228247030562,43.3333348939278
193.1,-48.1771232089358,-42.7533757313374,-48.5839857316256,-5.83061000028817,-45.4599718805526,-49.210728422654,1.03360521371818,6.45735269131652,0.626742691028355,3.75075654210136,43.3801184223658
193.125447482621,-48.3688557434551,-42.8450113219909,-49.7662722890907,-6.92126096709988,-46.6753417987,-50.4237740698241,2.05491832636902,7.57876274783325,0.657501780733377,3.74843227112412,43.5025131027242
193.160471695755,-48.6411608816728,-42.973948568093,-47.8074614616431,-4.83351289355003,-44.7321175440251,-48.4773508440251,-0.16381003764775,5.50340227593201,0.669889382381982,3.74523329999996,43.643837950475
193.2,-48.9613752568811,-43.1235355585369,-49.3144941342915,-6.19095857575466,-46.2570204336795,-49.9986433769418,1.03726812006069,6.87510781840496,0.6841492426503,3.74162294326235,43.8076848011872
193.248192929377,-49.3582670596455,-43.3119591318722,-48.7358860392745,-5.4239269074023,-45.668150007113,-49.4176101814495,0.0593431218039342,6.10565104957722,0.681724142174915,3.74946017433643,43.9936832740472
193.3,-49.7881966383657,-43.5218225003874,-49.0020654851325,-5.48024298474513,-45.9260107090834,-49.68389585341,-0.104300784955662,6.16207335302264,0.681830368277517,3.75788514432666,44.2036528686649
193.376927737152,-50.4223950585078,-43.84683875667,-51.4930213550772,-7.64618259840717,-48.42183786456,-52.1713306684145,1.74893560990673,8.32449191174446,0.678309313337287,3.74949280385454,44.5251480700073
193.4,-50.6171441683459,-43.9473646205329,-49.0642381869278,-5.11687356639494,-46.019707683781,-49.7666834464167,-0.850460721929132,5.81931882588384,0.702445259488897,3.74697576263575,44.6498098800218
193.428909227981,-50.8668255930519,-44.0753817128529,-50.5684914297485,-6.49310971689556,-47.5190049233807,-51.2658009978732,0.398975404821307,7.19041928502034,0.69730956812478,3.74679607449259,44.7726912809777
193.463087649937,-51.1654430051302,-44.2297097143389,-50.5036167409966,-6.27390702665775,-47.4791435494992,-51.2257271846564,0.0602841795261995,6.99601747031758,0.72211044365983,3.74658363515726,44.9518201579987
193.5,-51.4921993923122,-44.4000700434904,-49.6412036709288,-5.2411336274384,-46.5984520643612,-50.3448062671847,-1.14739312512746,5.94473622369427,0.70360259625587,3.74635420282351,45.1036726397463
193.588261166486,-52.2809520701251,-44.8225505388538,-52.9155735935481,-8.09302305469431,-49.8656344838813,-53.6342889172498,1.35333684712471,8.81173837839602,0.718715323701716,3.76865443336851,45.5412658625555
193.6,-52.3849279444939,-44.880333359291,-51.2338622173329,-6.35352885804195,-48.1785265516788,-51.9501469405645,-0.434781003929409,7.06981358127353,0.716284723231574,3.77162038888567,45.5966180825226
193.618595922776,-52.5482989622009,-44.9725879202778,-50.6045987392029,-5.63201081892515,-47.5377097326134,-51.3090362272916,-1.23926273490936,6.3364483070138,0.704437488088658,3.77132649467818,45.6770254083664
193.645677050075,-52.784285243073,-45.1084624552021,-51.0774728192839,-5.96901036408179,-48.0061795580613,-51.7770780564232,-1.00720718664973,6.66861560122116,0.699605237139366,3.77089849836191,45.8080676923414
193.69198228232,-53.190987475417,-45.3448895306673,-52.5912616204696,-7.24637208980231,-49.5465455622494,-53.3167122421532,0.125724766736134,7.97182271148582,0.725450621683514,3.77016667990376,46.0703401523508
193.7,-53.2635034213041,-45.3863607266033,-53.6660408336438,-8.27968010704045,-50.6192703895481,-54.3893103556119,1.12580693430778,9.00294962900856,0.723269521968113,3.77003996606375,46.1096302485714
193.712481622469,-53.3765635569701,-45.4512464899192,-52.6840461133507,-7.23279962343153,-49.6348353968833,-53.4049763170107,0.0284127600406663,7.95372982709156,0.720930203660032,3.77014092012747,46.1721766935792
193.741819546573,-53.6395209445522,-45.6052819329768,-53.295964250179,-7.6906823172022,-50.2396169455716,-54.0099951571783,0.370474212626142,8.40471322420149,0.714030906999291,3.77037821160671,46.3193128399761
193.77834253462,-53.9688032196727,-45.7999660391314,-54.8926200813399,-9.09265404220848,-51.8270495939479,-55.597723211386,1.62891999171335,9.79775717225459,0.705103130046112,3.77067361743808,46.5050691691775
193.8,-54.1632068849597,-45.9169175499791,-55.14732944084,-9.23041189086093,-52.0808416157152,-55.8516904034202,1.68848351846058,9.93477285344114,0.704360962580211,3.77084878770502,46.6212785125593
193.830182853878,-54.4355115579464,-46.0817502622902,-53.2552619258415,-7.17351166355138,-50.1763753192146,-53.9479366009278,-0.487574957018552,7.86618633863768,0.692674675086302,3.77156128171326,46.7744249373765
193.872778285816,-54.8093626043057,-46.3178577645083,-52.8384544348518,-6.52059667034349,-49.6937485540948,-53.4663153401304,-1.3430472641753,7.14845757562211,0.627860905278617,3.77256678603558,46.9457186697869
193.9,-55.0362200124826,-46.4706046048777,-54.6527055404363,-8.18210093555856,-51.5143318163548,-55.2875411959744,0.25132118349174,8.81693659109668,0.634835655538119,3.7732093796196,47.1054402604158
193.934062352339,-55.3194802147784,-46.6636064660926,-53.3925904140476,-6.72898394795502,-50.2152523696874,-53.996027960489,-1.32345225428938,7.33242149439643,0.60343754644142,3.7807755908016,47.267044012534
193.989285519168,-55.7686454546373,-46.9804802821782,-55.6111373473787,-8.63065706520051,-52.4473228797683,-56.2403650967327,0.471719642095479,9.25988481455456,0.629227749354051,3.79304221696448,47.6097080315322
194,-55.8575167335312,-47.042526574677,-55.2762224475598,-8.23369587288278,-52.1075911671621,-55.90301337315,0.0454966396187828,8.86048679847303,0.626790925590242,3.79542220598794,47.6693175002672
194.033657530566,-56.1292034785789,-47.2386003841053,-58.1689853732329,-10.9303849891276,-54.9489389536908,-58.7481692879449,2.61896580936597,11.5095689038396,0.579183914711969,3.79923033425408,47.8177842988173
194.09208472366,-56.5796929290077,-47.5824250540134,-55.6003610677727,-8.01793601375932,-52.3706339496035,-56.1764749365642,-0.403217992443594,8.5940498825508,0.576113868791474,3.80584098696063,48.1585389228048
194.1,-56.6412936407693,-47.6293186198451,-55.1965740076159,-7.56725538777072,-51.9676903905129,-55.7744269389439,-0.86686670182538,8.14510831909877,0.577852931328053,3.80673654843104,48.2071715511732
194.113561902796,-56.7471242439329,-47.7098436761917,-55.3941588004833,-7.68431512429162,-52.165680253026,-55.9734514237635,-0.773672820169438,8.26360774757178,0.579292623280161,3.80777117073744,48.2891362994718
194.14110601467,-56.9624480955817,-47.8740832056122,-55.1491513606671,-7.2750681550549,-51.9146659427665,-55.7245384228102,-1.2379096727715,7.85045521719793,0.575387062143029,3.80987248004362,48.4494702677553
194.182414564547,-57.2819658453803,-48.1220782997982,-57.040623982275,-8.9185456824768,-53.7915280893528,-57.604551952192,0.322586106811698,9.48247365239386,0.563927969917053,3.81302386283923,48.6860062697152
194.2,-57.4157495251155,-48.228220837677,-56.7997267950689,-8.57150595739191,-53.5368460861513,-57.3512115220767,-0.0645380030388125,9.12299068439967,0.551484727007761,3.81436543592534,48.7797055646848
194.22814528261,-57.6280738331708,-48.3987417493008,-57.4100412821689,-9.01129953286819,-54.1461441461703,-57.9629659610423,0.334892127871505,9.56422421174151,0.552924678873325,3.81682181487194,48.9516664281741
194.260818958512,-57.8730739287861,-48.5976497371267,-57.8243087185058,-9.22665898137916,-54.5353175296304,-58.3549909388781,0.481917010091919,9.75734120175139,0.530682220372228,3.81967340924767,49.1283319574989
194.3,-58.1556878030206,-48.8373610557366,-58.3412389310081,-9.50387787527152,-54.9987004720261,-58.8217934058439,0.666105602823343,9.98443235010734,0.48055447483582,3.82309293381779,49.3179155305724
194.356758634753,-58.5414681251563,-49.1860997355115,-58.2176888199167,-9.0315890844052,-54.8325431907392,-58.6551797925194,0.113711667363035,9.46908005700783,0.437490972602632,3.82263660178016,49.6235907081142
194.4,-58.8239785996729,-49.4524990696672,-56.9785856133651,-7.5260865436979,-53.5908896283734,-57.4131785752039,-1.41080002446907,7.96067950553665,0.434592961838753,3.8222889468304,49.887092031506
194.448106829053,-59.123883681366,-49.749267811586,-57.3350113684603,-7.58574355687421,-53.8543740458323,-57.6743416469566,-1.44954203440933,7.92507383537058,0.339330278496369,3.81996760112429,50.0885980900824
194.5,-59.4100042377905,-50.0688322678284,-59.4048196553303,-9.33598738750188,-55.8720390283907,-59.6895025777634,0.279498339972861,9.62067030993494,0.284682922433056,3.81746354937265,50.3535151902615
194.558811385143,-59.7062747958141,-50.4290596426657,-56.9402610972568,-6.51120145459116,-53.3962191853522,-57.2147356924142,-2.49153910339992,6.78567604974848,0.274474595157322,3.81851650706196,50.703534237823
194.6,-59.911724295286,-50.6798586203169,-58.1011011101636,-7.42124248984678,-54.5506301271838,-58.3698840742604,-1.54184022102561,7.69002545394358,0.268782964096808,3.81925394707668,50.9486415844137
194.6558019661,-60.1806343827808,-51.0175771267931,-58.6823903510646,-7.66481322427148,-55.099268453057,-58.9182967710085,-1.26233761177221,7.90071964421545,0.235906419943966,3.81902831795153,51.2534835467371
194.7,-60.3906118703172,-51.283244992609,-61.4356530303733,-10.1524080377642,-57.8294552027458,-61.6483048107984,1.25769294048117,10.3650598181893,0.212651780425091,3.8188496080526,51.4958967730341
194.755389022222,-60.6306967783058,-51.6135519992935,-59.5247678403121,-7.91121584101867,-55.8838835506154,-59.7033075200062,-0.927389258299591,8.08975552071275,0.178539679694083,3.81942396939082,51.7920916789875
194.8,-60.8092982389541,-51.8770071729762,-59.6803577050837,-7.80335053210744,-56.0030084814097,-59.8228950482588,-0.986403190695377,7.94588787528257,0.142537343175121,3.81988656684908,52.0195445161513
194.864541208917,-61.06858282522,-52.2535745941859,-60.4370322990301,-8.18345770484423,-56.8576474403608,-60.6813122115564,-0.387270613663546,8.42773761737052,0.244279912526295,3.82366477119561,52.4978545067122
194.9,-61.2354630602889,-52.4587807982166,-59.1343176744594,-6.67553687624289,-55.5504077028493,-59.3761482107849,-1.85931484950393,6.91736741256837,0.24183053632548,3.82574050793563,52.700611334542
194.967847802254,-61.531604479615,-52.8487240456696,-60.1892544376337,-7.34053039196419,-56.4696527322942,-60.2838725566258,-1.24773192298925,7.43514851095621,0.0946181189920239,3.81421982433155,52.9433421646616
195,-61.6357235323523,-53.0315787503866,-60.5998511873357,-7.56827243694902,-56.8548212661751,-60.6635815872492,-0.972141945103111,7.63200283686258,0.0637303999135597,3.80876032107417,53.0953091503002
195.0552089689,-61.796444350152,-53.3414846905844,-60.3991189402796,-7.05763424969524,-56.5904222681968,-60.4019287317006,-1.39451561845139,7.06044404111623,0.00280979142099369,3.8115064635038,53.3442944820054
195.1,-61.900776601936,-53.5885692342233,-61.6068226356549,-8.01825340143159,-57.7696858720529,-61.5834202806429,-0.317356321293161,7.99485104641958,-0.0234023550120099,3.81373440858994,53.5651668792113
195.174441529328,-62.0401375585687,-53.9893536056385,-61.2531265538131,-7.26377294817463,-57.3698215428061,-61.1907702229345,-0.849367335634163,7.20141661729601,-0.0623563308786217,3.8209486801284,53.9269972747599
195.2,-62.0830495761642,-54.1239547175927,-61.4258179269669,-7.30186320937423,-57.5609415109737,-61.3843671115683,-0.698682464595898,7.26041239397559,-0.0414508153986404,3.82342560059464,54.0825039021941
195.233392081209,-62.1465842950987,-54.2975831927194,-61.3389173813824,-7.04133418866299,-57.4962798153173,-61.3180085180371,-0.828575777061602,7.0204253253177,-0.0209088633452907,3.82172870271981,54.2766743293741
195.283286313583,-62.2415138003554,-54.5526059956372,-61.3731994334912,-6.82059343785404,-57.52996381835,-61.3491570272097,-0.89235677314565,6.79655103157253,-0.0240424062815023,3.8191932088597,54.5285635893557
195.3,-62.2733100841256,-54.6368683516717,-61.6727834065548,-7.03591505488313,-57.829398335951,-61.6477421991594,-0.625567884966131,7.01087384748774,-0.0250412073953896,3.81834386320846,54.6118271442763
195.330332203568,-62.3291288767615,-54.7883172950128,-63.1877490885461,-8.39943179353334,-59.3317037345814,-63.1526547957346,0.823525918973125,8.36433750072187,-0.0350942928114648,3.82095106115327,54.7532230022013
195.4,-62.4439715239201,-55.1289561066517,-62.4359340000963,-7.30697789344458,-58.5076383879358,-62.3345777293429,-0.109393794577187,7.20562162269114,-0.101356270753442,3.82693934140706,55.0275998358983
195.475944346767,-62.5191569218926,-55.4873291878247,-62.9588397808202,-7.47151059299559,-59.0375933082621,-62.878323045311,0.359166123418404,7.3909938574863,-0.0805167355092848,3.84072973704887,55.4068124523154
195.5,-62.5452502520689,-55.5979436775374,-62.0514695951414,-6.45352591760404,-58.1580878915117,-62.0031857874774,-0.542064464591512,6.40524210994003,-0.0482838076640135,3.84509789596569,55.5496598698734
195.532653871957,-62.5849523451493,-55.7460377161309,-61.3869803596254,-5.64094264349452,-57.4855524634724,-61.3242091876678,-1.26074315748152,5.57817147153694,-0.0627711719575785,3.83865672419538,55.6832665441733
195.6,-62.6668734003952,-56.0442273217453,-62.5551667176557,-6.51093939591041,-58.6576886555528,-62.4830609527326,-0.183812447662653,6.4388336309873,-0.0721057649231085,3.82537229717977,55.9721215568222
195.7,-62.7690294526209,-56.4693826898873,-63.3696900896831,-6.90030739979585,-59.4638165555911,-63.2900641747999,0.521034722178982,6.82068148491263,-0.0796259148832235,3.82624761920878,56.3897567750041
195.8,-62.8704898768414,-56.8739159665181,-61.3359966757129,-4.46208070919479,-57.4090546000606,-61.2523578833002,-1.61813199354111,4.37844191678212,-0.0836387924126782,3.84330328323967,56.7902771741054
195.9,-62.9578007185228,-57.2583569307564,-62.869271318466,-5.61091438770962,-58.9815489913448,-62.8238548424043,-0.133945876118503,5.56549791164793,-0.0454164760616891,3.84230585105959,57.2129404546947
196,-63.0635183948693,-57.6248204381573,-62.9931572274985,-5.36833678934119,-59.0778363603758,-62.9077355618403,-0.155782833029001,5.28291512368299,-0.0854216656581954,3.82989920146449,57.5393987724991
196.1,-63.1320266580994,-57.9733623742541,-61.9743717193519,-4.00100934509778,-58.0433803567916,-61.8793561928354,-1.25267046526402,3.90599381858129,-0.095015526516498,3.83597583604377,57.8783468477376
196.2,-63.1847178057144,-58.3033947443204,-62.7611361336663,-4.4577413893459,-58.8688084469704,-62.7110527442819,-0.473665061432499,4.40765799996148,-0.0500833893844188,3.84224429731153,58.253311354936
196.3,-63.1941432340747,-58.6154273569911,-60.0070029416452,-1.39157558465413,-55.9660203091482,-59.8172675059479,-3.37687572812683,1.20184014895678,-0.189735435697344,3.8512471967997,58.4256919212938
196.4,-63.082911339241,-58.9035222447388,-62.365536578848,-3.46201433410921,-58.3099615019997,-62.1699882277114,-0.912923111529565,3.26646598297268,-0.19554835113653,3.86002672571171,58.7079738936022
196.5,-62.9416210734959,-59.1658546008036,-64.0827821465715,-4.91692754576788,-59.8915592541583,-63.7540964764311,0.812475402935206,4.58824187562747,-0.328685670140409,3.86253722227275,58.8371689306632
196.6,-62.6341112831077,-59.3973052042798,-63.1328199695251,-3.73551476524527,-58.803201426436,-62.6636176608401,0.0295063777323818,3.26631245656026,-0.469202308685013,3.86041623440413,58.9281028955948
196.7,-62.2208137669274,-59.5904024050834,-60.9237442674898,-1.3333418624064,-56.5585069267264,-60.4136526669173,-1.80716110001003,0.823250261833962,-0.510091600572437,3.85514574019091,59.0803108045109
196.8,-61.7392242294341,-59.7428060347171,-59.7199629569195,0.0228430777975888,-55.2973209247239,-59.1473745013827,-2.59184972805132,-0.595431533334327,-0.572588455536739,3.85005357665879,59.1702175791803
196.9,-61.1652573828535,-59.8522458880385,-60.7098646723355,-0.857618784297017,-56.1471437298151,-59.9889276236498,-1.17632975920372,0.136681735611333,-0.720937048685684,3.84178389383474,59.1313088393528
197,-60.437601956894,-59.9132961290072,-61.6612415885309,-1.74794545952373,-56.9452983714508,-60.7981225136482,0.360520556754132,0.884826384640981,-0.863119074882754,3.85282414219736,59.0501770541244
197.1,-59.664284496862,-59.9212867822577,-58.725402963978,1.19588381827971,-54.1399176399571,-58.0022356884961,-1.66204880836593,-1.91905109376162,-0.723167275481913,3.86231804853904,59.1981195067758
197.2,-58.9283462268609,-59.8812309870705,-59.5974547588965,0.283776228173956,-55.0262765849546,-58.8849661834781,-0.0433800433827756,-0.996264803592368,-0.712488575418412,3.85868959852353,59.1687424116521
197.3,-58.1891756055854,-59.7968831949006,-58.9932926169298,0.803590577970795,-54.4211428334475,-58.2802056119545,0.0910300063690883,-1.51667758294615,-0.713087004975357,3.859062778507,59.0837961899253
197.4,-57.428180518417,-59.6701421708345,-58.826167664198,0.843974506636485,-54.2509372867834,-58.0921995274691,0.664019009052112,-1.57794264336537,-0.733968136728883,3.84126224068576,58.9361740341056
197.5,-56.6647129744829,-59.5028050369016,-57.8880268231474,1.61477821375428,-53.3479114122154,-57.1820284723016,0.517315497818728,-2.32077656460002,-0.705998350845732,3.83411706008626,58.7968066860559
197.6,-55.932166577806,-59.2982386658019,-56.310487636123,2.98775102967897,-51.8504377075668,-55.6738800318206,-0.258286545985378,-3.62435863398134,-0.63660760430237,3.82344232425385,58.6616310614996
197.7,-55.2538750175811,-59.0613928557931,-55.2466877923002,3.81470506349286,-50.9547964287857,-54.7550146499394,-0.498860367641754,-4.30637820585372,-0.49167314236086,3.80021822115371,58.5697197134322
197.78244088275,-54.7663285924707,-58.8475766560819,-56.2044771352108,2.64309952087115,-51.8921015428655,-55.6825616071703,0.916233014699614,-3.1650150489116,-0.521915528040445,3.79046006430479,58.3256611280415
197.8,-54.6624482496626,-58.8001009389759,-53.1994562466698,5.60064469230607,-48.8877082445131,-52.6760899150097,-1.98635833465291,-6.1240110239662,-0.523366331660128,3.78838167049653,58.2767346073158
197.831080622265,-54.4774914953315,-58.7144757995784,-53.0461373756039,5.66833842397447,-48.7273655095519,-52.5163480354937,-1.96114345983779,-6.19812776408465,-0.529789340110185,3.78898252594187,58.1846864594682
197.9,-54.0604718440906,-58.5172412947741,-53.8694089476777,4.64783234709637,-49.604163540728,-53.3944784268475,-0.665993417243101,-5.12276286792662,-0.474930520830249,3.7903148861195,58.0423107739439
197.97514046593,-53.6350837446453,-58.2918171451473,-52.8120770795422,5.47974006560506,-48.5746725658326,-52.3723337533268,-1.26274999131846,-5.91948339182048,-0.439743326215421,3.79766118749424,57.8520738189319
198,-53.4995623790331,-58.2151707005888,-51.5015894725651,6.71358122802373,-47.2584962968041,-51.0585879407382,-2.44097443829493,-7.15658275985064,-0.443001531826908,3.80009164393411,57.7721691687619
198.031056885614,-53.325043410641,-58.1180313116401,-52.985709312568,5.13232199907207,-48.7205403111518,-52.5156567766173,-0.809386634023667,-5.60237453502275,-0.470052535950678,3.79511646546552,57.6479787756894
198.075187610962,-53.0705445084381,-57.9772262132157,-52.4382297900726,5.53899642314309,-48.1554756592589,-51.9435225737951,-1.12702193464307,-6.03370363942059,-0.494707216277504,3.7880469145362,57.4825189969382
198.1,-52.9208943052524,-57.8965664407034,-51.3758036335784,6.52076280712502,-47.079344282484,-50.8634163598383,-2.0574779454141,-7.03315008086518,-0.51238727374016,3.78407207735422,57.3841791669633
198.143284063236,-52.6546144347115,-57.7531142690857,-51.3524389458247,6.400675323261,-47.0504518061171,-50.8315627582112,-1.82305167650029,-6.92155151087456,-0.520876187613567,3.78111095209407,57.2322380814722
198.2,-52.2923975282351,-57.5597927647757,-49.7441201715224,7.81567259325332,-45.3789876670522,-49.1562186000249,-3.13617892821016,-8.40357416475078,-0.587901571497461,3.77723093297265,56.9718911932782
198.258221732819,-51.8798565827924,-57.3541048448048,-51.3831493888037,5.97095545600102,-46.9782663614032,-50.7551203284955,-1.12473625429685,-6.59898451630924,-0.628029060308215,3.77685396709229,56.7260757844965
198.3,-51.5671826528527,-57.2014459379618,-51.7591515284951,5.44229440946668,-47.3311998345098,-51.1077833015585,-0.459399351294209,-6.09366263640327,-0.651368226936597,3.77658346704867,56.5500777110252
198.360191408727,-51.0965653538467,-56.9735900827807,-50.4456598534939,6.52793022928683,-45.9730016028227,-49.7537234517675,-1.34284190207917,-7.21986663101318,-0.691936401726352,3.78072184894481,56.2816536810543
198.4,-50.7769665418027,-56.8174623247937,-49.9005609050946,6.91690141969903,-45.4841922349123,-49.2676510716917,-1.50931547011096,-7.54981125310196,-0.632909833402927,3.78345883677941,56.1845524913907
198.452580316516,-50.3627136424879,-56.6050888258457,-51.4592665017199,5.14582232412581,-46.9673621256602,-50.7542783930273,0.391564750539324,-5.85081043281849,-0.704988108692682,3.78691626736708,55.9001007171531
198.5,-49.9580168574127,-56.4071133296194,-49.2838215119202,7.12329181769918,-44.7786736003748,-48.568707959739,-1.38930889767379,-7.83840536988046,-0.715113552181286,3.79003435936415,55.6919997774381
198.6,-49.1053259774007,-55.9688192381438,-48.6132491902879,7.35557004785588,-44.1555652406179,-47.9452148678351,-1.16011110956562,-8.02360437030875,-0.668034322452868,3.78964962721712,55.3007849156909
198.7,-48.2490264651735,-55.5042130957634,-46.7437268663328,8.76048622943058,-42.3224741182939,-46.1016330743231,-2.1473933908504,-9.40258002144032,-0.642093792009739,3.77915895602921,54.8621193037537
198.8,-47.4093545583548,-55.0152818714723,-47.4630233628847,7.55225850858756,-43.0093719946194,-46.8046011901235,-0.604753368231243,-8.21068068134876,-0.658422172761199,3.79522919550411,54.3568596987111
198.9,-46.4967417556468,-54.5022424695957,-46.6612590495801,7.84098342001558,-42.0912563320524,-45.8915127489366,-0.605229006710175,-8.61072972065906,-0.769746300643476,3.8002564168842,53.7324961689522
199,-45.5162069034069,-53.9607944338893,-44.3228180716215,9.63797636226784,-39.7779355322557,-43.5930786096007,-1.92312829380616,-10.3677158242886,-0.729739462020738,3.81514307734502,53.2310549718686
199.1,-44.5470004605021,-53.3917913132802,-44.8035333104755,8.58825800280468,-40.2656001822379,-44.0802424137266,-0.466758046775553,-9.31154889955365,-0.723290896748971,3.81464223148867,52.6685004165313
199.2,-43.5639893860767,-52.7967397968594,-44.0268717335991,8.76986806326029,-39.5540263183057,-43.362952639597,-0.201036746479716,-9.43378715726239,-0.663919094002097,3.80892632129127,52.1328207028573
199.3,-42.6377372218768,-52.1790943003943,-44.3169112681921,7.86218303220225,-39.8349534216839,-43.6437315171291,1.00599429525231,-8.53536278326523,-0.673179751062982,3.80877809544521,51.5059145493313
199.4,-41.7190290910648,-51.5419162746188,-43.2609069230279,8.28100935159091,-38.7823803535293,-42.5988259857171,0.87979689465228,-8.9430902889017,-0.66208093731079,3.81644563218778,50.879835337308
199.5,-40.8116301123437,-50.8867318876018,-41.5032970066607,9.38343488094105,-37.1220841919829,-40.941165766536,0.129535654192253,-9.9455661210658,-0.562131240124756,3.81908157455307,50.324600647477
199.6,-39.9691501450493,-50.2177326284378,-39.5671628484628,10.650569779975,-35.2608872567669,-39.0695011697693,-0.899648975279959,-11.1482314586685,-0.497661678693419,3.8086139130024,49.7200709497444
199.7,-39.1746031944983,-49.5391610932282,-40.6402843554284,8.89887673779975,-36.4372912235714,-40.2507641249553,1.07616093045695,-9.28839696827292,-0.389520230473167,3.8134729013839,49.149640862755
199.8,-38.5395865630438,-48.8580352780433,-40.4232341582879,8.43480111975543,-36.3286725318559,-40.1354395689773,1.59585300593348,-8.72259570906601,-0.287794589310579,3.80676703712145,48.5702406887328
199.9,-37.9918102828063,-48.1829174337311,-38.5846202747216,9.5982971590095,-34.565114541121,-38.3704457041977,0.378635421391373,-9.81247172953347,-0.214174570523973,3.80533116307663,47.9687428632072
200,-37.5401059219595,-47.5183335122696,-39.2301965293322,8.28813698293735,-35.4214241091743,-39.2256764806671,1.68557055870762,-8.29265703160247,-0.00452004866512823,3.8042523714928,47.5138134636044
200.1,-37.2795918413354,-46.8738695703339,-37.1889270375792,9.68494253275465,-33.4970221048953,-37.2996522931616,0.0200604518262111,-9.57421727717225,0.110725255582402,3.80263018826629,46.9845948259163
200.2,-37.1065650992079,-46.257064128568,-37.9740887371657,8.28297539140232,-34.3049224077521,-38.122630576779,1.0160654775711,-8.13443355178906,0.148541839613259,3.81770816902692,46.4056059681813
200.3,-36.975209033018,-45.6695799255826,-37.2214213070142,8.44815861856831,-33.6444670011579,-37.469958127683,0.494749094664989,-8.1996217978996,0.248536820668711,3.82549112652504,45.9181167462513
200.4,-36.9407654298106,-45.1145048389532,-36.9088361432461,8.20566869570709,-33.3830016185894,-37.1962567092906,0.25549127947999,-7.91824812966259,0.287420566044496,3.81325509070125,45.4019254049977
200.5,-36.9823119096637,-44.5948988415138,-36.2952618492295,8.29963699228431,-32.8249419439282,-36.6554387000522,-0.326873209611541,-7.93946014146162,0.360176850822697,3.83049675612393,44.9550756923365
200.6,-37.0851112048421,-44.113152222609,-35.2085953261981,8.90455689641087,-31.7767455010023,-35.6172044691774,-1.46790673566476,-8.49594775343162,0.408609142979252,3.84045896817506,44.5217613655882
200.7,-37.2127461452672,-43.670079347494,-35.9231510265517,7.74692832094239,-32.3778079437216,-36.2037661917849,-1.0089799534823,-7.46631315570917,0.280615165233222,3.82595824806332,43.9506945127273
200.790420203944,-37.2381625712776,-43.2981001193817,-37.8835320121924,5.41456810718922,-34.2689248713598,-38.1076706642306,0.869508092953005,-5.19042945515108,0.224138652038143,3.83874579287077,43.5222387714198
200.8,-37.237705804412,-43.2600237713957,-38.6726763117006,4.58734745969511,-35.0600243212369,-38.900124922723,1.66241911831108,-4.35989884867269,0.227448611022417,3.84010060148614,43.4874723824182
200.816118929529,-37.2371920131807,-43.1964902890199,-36.4878402700849,6.70865001893497,-32.87751231791,-36.7199867542604,-0.517205258920278,-6.47650353475945,0.232146484175516,3.84247443635043,43.4286367731954
200.853657058452,-37.2380959934338,-43.0511247342954,-37.2956574167819,5.75546731751354,-33.6788923651244,-37.5268950419835,0.288799048549691,-5.5242296923119,0.231237625201643,3.8480026768591,43.282362359497
200.9,-37.2344720326954,-42.8765156919432,-36.9062376651899,5.97027802675329,-33.2739797312906,-37.1288073334751,-0.10566469922032,-5.74770835846815,0.222569668285146,3.85482760218445,43.0990853602284
200.968998330676,-37.2497935189523,-42.6262726654498,-37.5939978467506,5.03227481869919,-34.0175653768595,-37.8562561155343,0.606462596581991,-4.77001654991544,0.262258268783746,3.83869073867479,42.8885309342335
201,-37.2714879214189,-42.5179233334387,-36.8594432996903,5.65848003374838,-33.3029095902322,-37.1343498678953,-0.13713805352365,-5.38357346554339,0.274906568204983,3.83144027766305,42.7928299016436
201.045941532286,-37.3108258918208,-42.3622949466767,-36.7164014698319,5.64589347684485,-33.1498405038167,-36.9847941956019,-0.326031696218891,-5.37750075107478,0.268392725770063,3.83495369178519,42.6306876724468
201.1,-37.3581057222521,-42.1865778589563,-39.3187613057204,2.86781655323593,-35.7557868481663,-39.5948747029721,2.23676898072002,-2.59170315598423,0.276113397251699,3.83908785480579,42.462691256208
201.164903589826,-37.4381776243655,-41.9862909477009,-39.211254910822,2.77503603687886,-35.6984688011697,-39.5425997733258,2.1044221489603,-2.44369117437505,0.331344862503812,3.84413097215613,42.3176358102047
201.2,-37.4950408345397,-41.8830940822853,-37.8019619191661,4.08113216311919,-34.3388919757774,-38.1857499976323,0.690709163092642,-3.69734408465301,0.383788078466182,3.84685802185491,42.2668821607515
201.240641105041,-37.573012337859,-41.7683722210497,-36.8418477784784,4.92652444257128,-33.3438331594383,-37.1973490225792,-0.375663315279773,-4.57102319847047,0.355501244100807,3.85351586314096,42.1238734651505
201.288548667927,-37.6572569801794,-41.6395009752558,-38.4079076150354,3.23159336022034,-34.9163475591566,-38.7777116574714,1.12045467729208,-2.86178931778431,0.36980404243603,3.86136409831479,42.0093050176918
201.3,-37.6783793551672,-41.6096899783165,-38.6620067333903,2.94768324492627,-35.170038418623,-39.0332784785137,1.35489912334646,-2.57641149980283,0.371271745123444,3.86324005989066,41.98096172344
201.333827310361,-37.7476005570464,-41.5239053802732,-37.6896805360162,3.83422484425704,-34.223023747228,-38.0850136638307,0.337413106784247,-3.43889171644257,0.395333127814467,3.86198991660265,41.9192385080877
201.4,-37.888425832302,-41.3661017269993,-38.5349105511448,2.83119117585452,-35.0382129789891,-38.8977573761898,1.00933154388779,-2.46834435080947,0.362846825045054,3.85954439720076,41.7289485520443
201.482423760505,-38.0981437651594,-41.1876351630467,-39.1993699198199,1.9882652432268,-35.8185974390093,-39.699340459866,1.6011966947066,-1.48829470318072,0.499970540046078,3.88074302085663,41.6876057030928
201.5,-38.1573419676149,-41.152450116828,-39.6735493894396,1.47890072738844,-36.318464253011,-40.2037277189925,2.04638575137761,-0.94872239783556,0.530178329552882,3.88526346598153,41.6826284463809
201.528081127489,-38.2589730237144,-41.0985492885855,-39.8862438563843,1.21230543220125,-36.5394906022049,-40.4276072329939,2.16863420927945,-0.670942055591652,0.541363376609596,3.88811663078896,41.6399126651951
201.566275809984,-38.4047723702584,-41.0298738349459,-39.3961205950163,1.63375323992961,-36.0825074623212,-39.9745048391368,1.56973246887841,-1.05536899580909,0.578384244120521,3.89199737681566,41.6082580790664
201.6,-38.5447276473751,-40.9737979119639,-39.2347500384709,1.73904787349306,-35.9304551483101,-39.8258790496537,1.2811514022786,-1.14791886231026,0.591129011182808,3.89542390134362,41.5649269231467
201.650506856414,-38.7751661653261,-40.8980958724193,-39.3715269520792,1.5265689203401,-36.1218765659385,-40.0100043013875,1.23483813606144,-0.888091571031786,0.638477349308317,3.88812773544899,41.5365732217276
201.7,-39.025471340436,-40.8340657272632,-40.0091672137589,0.824898513504309,-36.7694504559277,-40.6504284653417,1.62495712490571,-0.183637261921511,0.641261251582797,3.88097800941399,41.475326978846
201.753197113595,-39.3010670154139,-40.7766096201656,-40.2898049658289,0.486804654336787,-37.0520474805844,-40.9295870239598,1.62852000854584,0.152977403794118,0.639782058130905,3.87753954337532,41.4163916782965
201.8,-39.5457505753006,-40.735593268453,-41.1348010444149,-0.399207775961912,-37.8976569556102,-41.7721713323075,2.22642075700688,1.0365780638545,0.637370287892587,3.87451437669729,41.3729635563455
201.849955135042,-39.8148502978756,-40.7014724035586,-40.0771361705175,0.624336233041106,-36.8540512141337,-40.7265992805271,0.911748982651552,0.0251268769685282,0.649463110009634,3.87254806639348,41.3509355135682
201.9,-40.0986671522504,-40.6773515400641,-39.8660306504134,0.811320889650702,-36.6506230298427,-40.521201254026,0.422534101775618,-0.156150286038049,0.655170603612653,3.87057822418331,41.3325221436767
201.959633941269,-40.4501040637649,-40.6617967695246,-39.0381130029156,1.62368376660901,-35.8599879114838,-39.723086264734,-0.727017799030918,-0.938710504790642,0.684973261818371,3.86309835325022,41.346770031343
202,-40.7075838414823,-40.6596430496811,-47.8793574101565,-7.21971436047534,-44.7074061989243,-48.5654414471213,7.85785760563905,7.90579839744019,0.686084036964843,3.85803524819701,41.345727086646
202.083061249464,-41.4133682242911,-40.679650778944,-50.410792171919,-9.73114139297498,-47.6275585327455,-51.4849155670934,10.0715473428022,10.8052647881494,1.0741233951744,3.85735703434788,41.7537741741184
202.1,-41.5949178497944,-40.6887768862553,-49.4163664297478,-8.72758954349248,-46.7150642990293,-50.5722830246559,8.97736517486152,9.88350613840058,1.1559165949081,3.85721872562661,41.8446934811634
202.130336687241,-41.9567008891867,-40.7101923814219,-50.7833171637396,-10.0731247823177,-48.2450787198969,-52.1047539260593,10.1480530368727,11.3945615446374,1.32143676231968,3.85967520616244,42.0316291437416
202.163443291482,-42.4086234618636,-40.7418411720086,-48.2813459193702,-7.53950474736164,-45.8932062336151,-49.7555622113555,7.34693874949193,9.0137210393469,1.47421629198526,3.86235597774036,42.2160574639939
202.2,-42.9639224004322,-40.7879491328124,-48.9574432201102,-8.16949408729776,-46.7379979168082,-50.6033140346,7.63939163416774,9.81536490178757,1.64587081448981,3.86531611779177,42.4338199473022
202.25770247619,-43.9614821173139,-40.8873510409954,-48.2740326370909,-7.38668159609549,-46.2373983760566,-50.0997712602407,6.13828914292679,9.21242021924529,1.8257386231498,3.86237288418412,42.7130896641452
202.3,-44.7551444974682,-40.9825595299209,-49.9477900974745,-8.96523056755355,-47.9925128296616,-51.8527282415531,7.09758374408489,10.8701687116322,1.90493814407862,3.86021541189147,42.8874976739995
202.358486072709,-45.9161930231422,-41.1468341251126,-48.3207843298199,-7.17395020470727,-46.4571082108549,-50.3110021760383,4.39480915289606,9.1641680509257,1.99021784621844,3.8538939651834,43.137051971331
202.4,-46.7801911894682,-41.2869522004672,-48.2557580772603,-6.96880587679307,-46.460431362592,-50.3098383094673,3.52964711999908,9.02288610900008,2.05408023220701,3.84940694687524,43.3410324326742
202.460450286705,-48.0716354799988,-41.5265080773282,-46.0257280946546,-4.49922001732639,-44.1838146196642,-48.0363484375103,-0.0352870424885623,6.50984036018207,2.01062034285569,3.85253381784605,43.5371284201839
202.5,-48.9117999338682,-41.7054648055692,-47.8523468796725,-6.14688207410332,-45.9758967533957,-49.8304763324308,0.918676398562553,8.12501152686156,1.97812945275824,3.85457957903507,43.6835942583275
202.5423585922,-49.7962675772759,-41.9157774509633,-47.5989878354223,-5.68321038445897,-45.6583012954428,-49.5122396097293,-0.284027967546606,7.59646215876595,1.91325177430698,3.85393831428647,43.8290292252703
202.6,-50.9763133192974,-42.2312176190563,-47.3938224270547,-5.16260480799846,-45.3629627248587,-49.2160284085651,-1.76028491073226,6.98481078950886,1.82220598151041,3.85306568370643,44.0534236005667
202.7,-52.8789876753963,-42.8504806189042,-49.1776305665887,-6.32714994768455,-46.8912181990107,-50.7557373877741,-2.12325028762218,7.90525676886998,1.57810682118542,3.86451918876342,44.4285874400896
202.8,-54.5271469092465,-43.5441652796826,-50.0426449233928,-6.49847964371027,-47.3196176851845,-51.19247839981,-3.33466850943648,7.64831312012741,1.14983347641714,3.87286071462547,44.6939987560997
202.9,-55.7860850415124,-44.2858708444334,-48.9709066739594,-4.68503582952596,-45.8789439573251,-49.7656560186956,-6.02042902281676,5.47978517426215,0.794749344736196,3.88671206137052,45.0806201891696
203,-56.6871404368104,-45.0496545915243,-50.0601216578803,-5.01046706635599,-46.4512868714657,-50.3392338821872,-6.34790655462322,5.2895792906629,0.279112224306907,3.88794701072149,45.3287668158312
203.1,-57.0608877346898,-45.8052453845814,-49.6229258456501,-3.81768046106871,-45.524353627597,-49.4176802758188,-7.64320745887094,3.61243489123745,-0.205245569831263,3.89332664822179,45.5999998147501
203.2,-56.9782737769447,-46.5216324456072,-51.4909212778649,-4.96928883225776,-46.9402620723436,-50.8326439968974,-6.14562978004738,4.31101155129018,-0.658277280967582,3.89238192455376,45.8633551646396
203.3,-56.445700941371,-47.1726409121577,-51.5431555301158,-4.37051461795814,-46.5868037292824,-50.4897306979363,-5.95597024343464,3.31708978577861,-1.05342483217952,3.90292696865387,46.1192160799782
203.4,-55.5547265931442,-47.7358443273095,-51.7917382497055,-4.055893922396,-46.6177757406833,-50.5048144591704,-5.04991213397373,2.76897013186094,-1.28692379053506,3.88703871848708,46.4489205367744
203.5,-54.408722073257,-48.1984670517452,-51.1099600157926,-2.91149296404733,-45.6477013429003,-49.5254679405314,-4.88325413272567,1.32700088878612,-1.5844920752612,3.87776659763103,46.613974976484
203.6,-52.9837389149653,-48.5490103227859,-50.5030267918254,-1.9540164690395,-44.9084200631901,-48.7736111161352,-4.21012779883015,0.224600793349254,-1.72941567569025,3.86519105294511,46.8195946470957
203.7,-51.4130552756563,-48.7815563324647,-52.4865341487945,-3.70497781632982,-46.8070072255716,-50.6801519662767,-0.732903309379616,1.898595633812,-1.80638218251782,3.87314474070505,46.9751741499468
203.8,-49.8059188981187,-48.8966952960305,-52.1750500816494,-3.27835478561887,-46.6893332584198,-50.5549595544848,0.749040656366098,1.65826425845429,-1.62009052716459,3.86562629606502,47.2766047688659
203.9,-48.3114781961894,-48.9063211063635,-52.6737334362501,-3.7674123298866,-47.2836647948726,-51.1522354681386,2.84075727194913,2.24591436177509,-1.5214979681115,3.86857067326596,47.384823138252
204,-46.9271314016816,-48.822997201845,-52.656321613153,-3.83332441130797,-47.4910608672295,-51.3441289609688,4.41699755928718,2.52113175912375,-1.31219265218422,3.85306809373929,47.5108045496608
204.1,-45.7507031545017,-48.663369829476,-51.7481416008759,-3.08477177139982,-46.8359241852914,-50.7096578958639,4.95895474136219,2.04628806638788,-1.03848370501194,3.87373371057248,47.6248861244641
204.2,-44.8687548876307,-48.4471167902563,-49.5455025236819,-1.09838573342557,-45.1215532318566,-48.9812475353115,4.11249264768077,0.534130745055158,-0.564254988370408,3.85969430345489,47.8828618018859
204.3,-44.4172353881209,-48.2024533049268,-51.2355285697008,-3.03307526477408,-47.2716069183662,-51.1233405627289,6.70610517460807,2.92088725780219,-0.112188006971884,3.85173364436275,48.0902652979549
204.4,-44.3498122621926,-47.9578074066919,-51.3840155879991,-3.42620818130722,-47.714678711788,-51.5560877453989,7.20627548320626,3.59828033870701,0.172072157399789,3.84140903361089,48.1298795640916
204.5,-44.5864411798418,-47.7340808067047,-46.9259962936461,0.80808451305861,-43.5581133072713,-47.3923261590254,2.80588497918362,-0.341754647679252,0.466329865379357,3.83421285175407,48.200410672084
204.6,-45.1120218737015,-47.5488230999763,-50.2226994151712,-2.67387631519497,-47.1710818289384,-51.0025372963033,5.89051542260174,3.45371419632701,0.779837881132039,3.8314554673649,48.3286609811083
204.7,-45.9223803242983,-47.4183460051168,-48.064464777393,-0.646118772276225,-45.2777737908444,-49.115882211495,3.19350188719672,1.6975362063782,1.05141743410198,3.83810842065061,48.4697634392188
204.8,-47.0026136330004,-47.3566462776709,-49.9066057635971,-2.5499594859262,-47.3116257186835,-51.1263690725693,4.1237554395689,3.76972279489843,1.21976330897223,3.81474335388588,48.5764095866431
204.9,-48.2475001624657,-47.3736314838411,-50.3784326301563,-3.0048011463152,-47.8759470366125,-51.7028542973958,3.45535413493016,4.32922281355476,1.32442166723956,3.82690726078335,48.6980531510806
205,-49.5918799351725,-47.4724674291413,-48.7347007135324,-1.26223328439115,-46.2168010049552,-50.0507033715252,0.458823436352695,2.57823594238395,1.3160026579928,3.83390236657,48.7884700871341
205.1,-50.8943793208734,-47.6497221124071,-48.4650137834295,-0.815291671022379,-45.8308036439045,-49.6589515421725,-1.23542777870091,2.00922942976543,1.19393775874305,3.82814789826796,48.8436598711501
205.2,-52.1250123043723,-47.896265126481,-47.3329974066642,0.563267719816849,-44.5794636368666,-48.3965271026312,-3.72848520174107,0.500261976150178,1.06352969596703,3.81706346576461,48.959794822448
205.3,-53.2212043879475,-48.2017014781652,-48.27629103858,-0.0745895604148785,-45.3007212429554,-49.1193092582379,-4.10189512970966,0.917607780072693,0.843018219657814,3.81858801528241,49.044719697823
205.4,-54.090419981224,-48.5504855155468,-50.7100583216932,-2.15957280614642,-47.4789264040898,-51.2916080633243,-2.79881191789967,2.74112254777757,0.58154974163115,3.81268165923458,49.1320352571779
205.5,-54.7383388296704,-48.9255216947802,-51.8768357307399,-2.95131403595976,-48.3501112195386,-52.1599042018455,-2.57843462782485,3.23438250706533,0.283068471105572,3.80979298230694,49.2085901658857
205.6,-55.0887273279412,-49.3085010510966,-49.7685913064421,-0.460090255345492,-45.9411022294836,-49.7461118726871,-5.34261545525404,0.437610821590482,-0.0224794337550094,3.80500964320355,49.2860216173416
205.7,-55.1029584650339,-49.6792103506342,-49.0903472483674,0.588863102266778,-44.8338989205173,-48.6556963944062,-6.44726207062772,-1.02351395622803,-0.434650853961251,3.82179747388884,49.2445594966729
205.8,-54.7504874547954,-50.0143885502924,-49.3071148090488,0.707273741243569,-44.8353241942904,-48.653857277546,-6.09663017724935,-1.36053127274634,-0.653257531502767,3.8185330832556,49.3611310187896
205.9,-54.1349769219489,-50.2978309122316,-49.5853484639965,0.71248244823505,-44.7891977021815,-48.61220384313,-5.52277307881886,-1.68562706910154,-0.973144620866492,3.82300614094851,49.3246862913651
206,-53.2454499211298,-50.5143692439526,-52.5272559613987,-2.01288671744608,-47.6006624094294,-51.4186940512698,-1.82675586985997,0.904324807317252,-1.10856191012883,3.81803164184041,49.4058073338238
206.1,-52.2579300665308,-50.656771349971,-50.6331938749796,0.0235774749913702,-45.6810241291302,-49.5116269056896,-2.74630316084126,-1.14514444428143,-1.12156696929006,3.83060277655934,49.5352043806809
206.2,-51.2389033735063,-50.7257105989186,-50.8941457006843,-0.168435101765681,-45.9990494159107,-49.8461265128813,-1.39277686062508,-0.879584086037347,-1.04801918780303,3.84707709697057,49.6776914111156
206.3,-50.2168744016492,-50.7259212081326,-51.0317816191412,-0.305860411008609,-46.0821779792802,-49.9347986510886,-0.28207575056063,-0.791122557044012,-1.09698296805262,3.85262067180841,49.62893824008
206.4,-49.174393651756,-50.6597023511985,-50.1146000764537,0.545102274744821,-45.2418152100096,-49.1064559202109,-0.0679377315451006,-1.55324643098761,-1.00814415624279,3.86464071020123,49.6515581949557
206.5,-48.1780581203405,-50.532587129429,-52.3270804490303,-1.79449331960129,-47.5856146114064,-51.4640451890833,3.28598706874279,0.93145805965429,-0.863035259947004,3.8784305776769,49.669551869482
206.6,-47.3381770090295,-50.3548135915344,-50.8868734543468,-0.532059862812439,-46.3172067544975,-50.1897533579476,2.85157634891806,-0.165060233586814,-0.697120096399253,3.87254660345003,49.6576934951351
206.7,-46.6600539365039,-50.1396558894978,-49.2813374596365,0.858318429861271,-44.970656018714,-48.8565544689954,2.19650053249146,-1.28310142050241,-0.424782990641141,3.88589845028135,49.7148728988566
206.8,-46.2606778662387,-49.9035009842413,-50.4239788775246,-0.520477893283335,-46.4295339077335,-50.3293400822539,4.06866221601512,0.425839098012588,-0.0946387952707468,3.89980617452041,49.8088621889705
206.9,-46.1407996770856,-49.6663189299526,-51.6198453831969,-1.95352645324422,-47.894346857401,-51.7726665648372,5.63186688775165,2.10634763488458,0.152821181640356,3.87831970743618,49.819140111593
207,-46.290776413917,-49.445205730281,-49.8302673406297,-0.385061610348664,-46.3787457613745,-50.269196851188,3.97842043727107,0.823991120907039,0.438929510558374,3.89045108981357,49.8841352408394
207.1,-46.6859266144978,-49.2561534876319,-48.7046528261684,0.551500661463521,-45.3917766337823,-49.2761156100889,2.59018899559109,0.0199621224569597,0.571462783920481,3.88433897630662,49.8276162715524
207.189125408752,-47.1655498212911,-49.1225593945478,-48.6793328617372,0.44322653281062,-45.5783248270513,-49.4657022215499,2.30015240025878,0.343142827002062,0.786369359812682,3.8873773944986,49.9089287543605
207.2,-47.2377670241514,-49.1088635737498,-47.8731316382962,1.23573193545365,-44.7946089569728,-48.6823570825159,1.44459005836452,-0.426506491233944,0.809225444219706,3.88774812554311,49.9180890179695
207.220355743728,-47.3780708414876,-49.0849014443672,-50.6803132697352,-1.59541182536799,-47.6240311507155,-51.5153290441283,4.13725820264068,2.43042759976112,0.835015774393128,3.89129789341281,49.9199172187603
207.250489795598,-47.5945334362894,-49.0535095193473,-49.0026675860472,0.050841933300191,-45.9778245909834,-49.8743774576628,2.27984402137338,0.820867938315438,0.871709871615629,3.89655286667936,49.925219390963
207.291530051612,-47.9137977589241,-49.0188473107819,-49.0810357193979,-0.0621884086160094,-46.1132612131559,-50.0169709483885,2.10317318946446,0.998123637606618,0.935935228990608,3.90370973523262,49.9547825397725
207.3,-47.9827630175883,-49.0128977761628,-49.6752587963153,-0.662361020152552,-46.7179011786932,-50.6230879589823,2.64032494139402,1.61019018281954,0.947829162666991,3.90518678028916,49.9607269388298
207.312454491789,-48.0863035512345,-49.0049129957876,-49.1022014524863,-0.0972884566986778,-46.1553425268746,-50.0617991361951,1.9754955849606,1.05688614040752,0.959597683708843,3.90645660932056,49.9645106794965
207.338461042498,-48.3065888175512,-48.9911923431944,-48.9267368511002,0.0644554920942539,-45.9956454575784,-49.9047536301787,1.59816481262745,0.913561286984283,0.978016779078537,3.90910817260033,49.9692091222729
207.37680772302,-48.6364584947668,-48.9782738526426,-47.6350443726057,1.34322948003692,-44.687250498763,-48.6002684036117,-0.0361900911550705,-0.378005449030894,0.965224031006024,3.91301790484869,49.9434978836486
207.4,-48.8351032762022,-48.9746078827311,-49.185704430166,-0.21109654743492,-46.2236596331003,-50.1390421648733,1.30393888867114,1.16443428214221,0.95333773470729,3.91538253177303,49.9279456174384
207.430365585787,-49.0959548516078,-48.9744251838588,-47.8804070546823,1.09401812917656,-44.9322612962001,-48.8478145799873,-0.248140271620528,-0.126610603871583,0.967407525304978,3.91555328378718,49.9418327091638
207.471681377486,-49.4584622119305,-48.982538258877,-49.1335536421833,-0.151015383306323,-46.1977555630848,-50.113541174175,0.655078962244524,1.13100291529799,0.979987531991668,3.91578561109016,49.9625257908687
207.5,-49.7172475358718,-48.9937031638436,-49.2859343627433,-0.292231198899657,-46.3732429919185,-50.289187844522,0.571940308650149,1.29548468067838,1.00325348177872,3.91594485260345,49.9969566456223
207.547826843672,-50.1585201516571,-49.0230166290772,-48.2294105043153,0.793606124761858,-45.273679813498,-49.1935064088042,-0.965013742852896,0.17048977972707,0.964095904488929,3.9198265953062,49.9871125335661
207.6,-50.6197541428693,-49.0692214180328,-49.0672546251524,0.00196679288037416,-46.0528828217059,-49.9769439169979,-0.642810225871393,0.907722498965171,0.909689291845545,3.92406109529207,49.9789107098783
207.666870133328,-51.1727586921584,-49.1481381839264,-49.0611970257972,0.0869411581291502,-45.9538031127445,-49.8776526310102,-1.29510606114825,0.729514447083822,0.816455605212973,3.92384951826569,49.9645937891394
207.7,-51.4257816332417,-49.1945745065301,-48.7687687932686,0.425805713261497,-45.5760942794653,-49.4998389748702,-1.92594265837149,0.305264468340098,0.731070181601595,3.92374469540493,49.9256446881317
207.741073929184,-51.7051854475295,-49.2578810715507,-48.5597013910625,0.698179680488202,-45.2640144999241,-49.1900402095402,-2.51514523798924,-0.0678408620104776,0.630338818477725,3.92602570961612,49.8882198900284
207.786136630917,-51.9649281961942,-49.3333004546372,-49.6576592272026,-0.324358772565397,-46.2567101641566,-50.1852384018992,-1.77968979429507,0.851937947261945,0.527579174696548,3.92852823774253,49.8608796293338
207.8,-52.0379501469417,-49.3575291029754,-50.1293823898329,-0.771853286857464,-46.7017520220295,-50.6310501530479,-1.4068999938938,1.27352105007248,0.501667763215018,3.92929813101844,49.8591968661904
207.822137863291,-52.1480071726859,-49.397091631407,-50.1116706273445,-0.714578995937565,-46.6565534637658,-50.5861046940955,-1.5619024785904,1.18901306268852,0.474434066750952,3.92955123032966,49.8715256981579
207.853492668065,-52.2972985958674,-49.4548081511079,-48.3276487580969,1.12715939301101,-44.8283102594336,-48.7582199651674,-3.53907863069993,-0.696588185940492,0.430571207070521,3.92990970573387,49.8853793581785
207.9,-52.4957201711705,-49.5435334593205,-50.1018981610121,-0.55836470169163,-46.5245607767901,-50.4550021948001,-2.04071797637039,0.911468735479616,0.353104033787986,3.93044141801001,49.8966374931085
207.947277375898,-52.6601038930673,-49.636549916874,-49.3880262818671,0.248523635006826,-45.7430300766079,-49.67810800572,-2.98199588734723,0.0415580888460738,0.2900817238529,3.9350779291121,49.9266316407269
208,-52.8070874376034,-49.742285613618,-49.247413538934,0.494872074683975,-45.5214609381082,-49.4617093959846,-3.34537804161877,-0.280576217633396,0.21429585705058,3.94024845787643,49.9565814706686
208.057619833935,-52.92170658381,-49.858626690165,-50.1286238639728,-0.269997173807774,-46.2820303488569,-50.2278355394486,-2.69387104436133,0.369208849283602,0.0992116754758285,3.9458051905917,49.9578383656409
208.1,-52.9723641844373,-49.9435941633391,-48.8494420153372,1.09415214800187,-44.9605610531425,-48.9104532956948,-4.06191088874245,-1.03314086764425,0.0610112803576186,3.94989224255232,50.0046054436967
208.158722683387,-52.9834793097173,-50.0588611351848,-49.9305391556955,0.128321979489328,-45.8901512674902,-49.8455128502678,-3.13796645944947,-0.213348284916997,-0.0850263054276681,3.95536158277759,49.9738348297571
208.2,-52.9423809095056,-50.1367537413562,-50.1047438231063,0.032009918249976,-45.9700374533885,-49.9292435418175,-3.0131373676881,-0.207510199538739,-0.175500281288762,3.95920608842901,49.9612534600675
208.253227205935,-52.8496564440261,-50.2318083806555,-51.9932089104428,-1.76140052978727,-47.7853720637989,-51.7397265291345,-1.10992991489163,1.50791814847896,-0.253482381308309,3.95435446533558,49.9783259993472
208.3,-52.7336966360125,-50.3094739424815,-49.6615365020243,0.647937440457191,-45.3634125240584,-49.3135036814889,-3.42019295452356,-0.995970260992522,-0.34803282053533,3.95009115743054,49.9614411219461
208.349535467558,-52.5681340331738,-50.3845924925638,-51.4423135713728,-1.05772107880907,-47.0988617762317,-51.0595717284165,-1.50856230475731,0.674979235852724,-0.382741842956349,3.96070995218484,50.0018506496074
208.4,-52.3790539901926,-50.4528357995044,-51.352950673067,-0.900114873562593,-46.9718759973792,-50.9434039056425,-1.43565008455017,0.490568106138049,-0.409546767424544,3.97152790826328,50.0432890320799
208.470350858781,-52.0843623618023,-50.5333725023452,-49.4869545791247,1.0464179232205,-45.0655743596434,-49.0470242198241,-3.03733814197825,-1.48634828252111,-0.439930359300618,3.98144986018067,50.0934421430446
208.5,-51.9472468163241,-50.5620283009884,-50.757072056753,-0.195043755764566,-46.2886991837785,-50.2743306184086,-1.67291619791545,-0.287697682579818,-0.482741438344384,3.98563143463007,50.0792868626441
208.538344729655,-51.7532537321475,-50.5941477169003,-49.8394164945685,0.754731222331834,-45.3214652379865,-49.3097480444323,-2.44350568771521,-1.28439967246799,-0.529668450136157,3.98828280644585,50.0644792667641
208.582021732555,-51.504735982148,-50.6235072404528,-49.4376380211246,1.18586921932823,-44.864499506819,-48.8558023886581,-2.64893359348994,-1.7677048517947,-0.581835632466472,3.99130288183905,50.0416716079863
208.6,-51.395284666823,-50.6332270403865,-49.8498019821782,0.783425058208309,-45.2671904527977,-49.2597364538876,-2.13554821293542,-1.37349058649891,-0.590065528290602,3.99254600108984,50.0431615120959
208.635972565974,-51.1728079261167,-50.6484366479703,-50.5794032756048,0.0690333723654817,-46.0070937027322,-50.0011030166983,-1.17170490941839,-0.647333631271977,-0.578300258906495,3.99400931396616,50.0701363890638
208.677423383147,-50.9176502176672,-50.6590932496211,-47.8760387360645,2.78305451355662,-43.3131956278656,-47.3088911021838,-3.60875911548346,-3.35020214743737,-0.567147633880751,3.99569547431812,50.0919456157404
208.7,-50.7780027430039,-50.6618791756399,-48.0498862079642,2.61199296767574,-43.4718493378711,-47.4684631968874,-3.30953954611651,-3.19341597875252,-0.58142301107678,3.99661385901631,50.0804561645631
208.73404910142,-50.5616871318407,-50.6620435985012,-49.7423443858901,0.91969921261115,-45.1756983702217,-49.1713434122104,-1.39034371963027,-1.49070018629084,-0.571000973679695,3.99564504198867,50.0910426248216
208.77464440638,-50.3102904605559,-50.6560508184342,-51.1252833662608,-0.469232547826572,-46.5942238323338,-50.5887137947154,0.278423334159541,-0.0673370237187996,-0.536569571545371,3.99448996238166,50.1194812468888
208.8,-50.1597155385023,-50.6490798142076,-51.0569295719446,-0.407849757736933,-46.5387853232957,-50.5325538296089,0.372838291106653,-0.116525984598681,-0.524375742335614,3.99376850631321,50.124704071872
208.83675975101,-49.9447603281406,-50.6348092307734,-49.9552180753378,0.679591155435624,-45.4474962564888,-49.4327241726386,-0.512036155502003,-1.20208505813485,-0.522493902699225,3.98522791614975,50.1123153280742
208.878880359585,-49.707601074988,-50.612651361493,-51.1749487769248,-0.562297415431743,-46.7035720028829,-50.6790138120708,0.971412737082801,0.066362450577742,-0.495934964854001,3.9754418091879,50.116716396639
208.9,-49.594028583064,-50.5993735618495,-49.5402473014384,1.05912626041115,-45.0843784030091,-49.0549133728354,-0.539115210228637,-1.54446018901414,-0.485333928602984,3.97053496982625,50.1140396332466
208.947032429182,-49.3410251145974,-50.5648598888207,-51.3408439763741,-0.775984087553439,-46.8940634517755,-50.8681773235419,1.52715220894444,0.303317434721194,-0.472666652832245,3.97411387176634,50.0921932359884
209,-49.0646178601259,-50.5181700616347,-50.9382128388988,-0.420042777264065,-46.5046978738757,-50.4828422783035,1.41822441817756,-0.0353277833312475,-0.455370560595313,3.97814440442774,50.0627995010394
209.067873132644,-48.7192412805809,-50.4469747099622,-50.2261106424134,0.220864067548867,-45.8551500286822,-49.8293129264212,1.11007164584029,-0.617661783541053,-0.396797715992186,3.97416289773897,50.0501769939701
209.1,-48.5713513692924,-50.4092823735617,-51.2974430584854,-0.888160684923662,-46.9317564250309,-50.9040347281993,2.33268335890693,0.494752354637605,-0.393408330286057,3.97227830316846,50.0158740432757
209.137179253951,-48.4059170602068,-50.3628300887527,-50.4712219226863,-0.108391833933617,-46.1482342636444,-50.1252085651202,1.71929150491338,-0.237621523632463,-0.346013357566079,3.97697430147583,50.0168167311866
209.181153108045,-48.2291306902456,-50.3044197892947,-51.0397574938214,-0.735337704526628,-46.7823143886474,-50.7648428936763,2.53571220343068,0.460423104381583,-0.274914600145046,3.98252850502895,50.0295051891497
209.2,-48.1608271443612,-50.2784186731919,-50.183729926886,0.0946887463059767,-45.957120275249,-49.9420292737875,1.78120212942631,-0.33638939940446,-0.241700653098484,3.98490899853846,50.0367180200935
209.227767392371,-48.0718030354769,-50.2392507491165,-49.5908241874472,0.648426561669304,-45.4227847928604,-49.4044785926949,1.332675557218,-0.834772156421678,-0.186345594752375,3.9816937998345,50.0529051543642
209.3,-47.8849251030874,-50.1340990345842,-49.3623718963808,0.771727138203332,-45.2799789864682,-49.2533089405614,1.36838383747397,-0.880790094022757,-0.109062955819425,3.97332995409322,50.0250360787647
209.4,-47.7449898305074,-49.9855565471947,-49.3051084085914,0.68044813860331,-45.3813083219318,-49.3611264107679,1.61613658026052,-0.624430136426788,0.056018002176522,3.97981808883606,50.0415745493712
209.5,-47.7371337366658,-49.8420163987535,-48.5242736731922,1.31774272556129,-44.7256730693352,-48.6948946534374,0.95776091677164,-1.14712174531608,0.170620980245211,3.96922158410222,50.0126373789987
209.6,-47.9025683568498,-49.7122896294385,-49.043667114344,0.668622515094441,-45.4154265746845,-49.3980649926081,1.49549663575824,-0.314224636830403,0.354397878264038,3.98263841792359,50.0666875077025
209.7,-48.1973785192927,-49.6060331352104,-50.254334424615,-0.648301289404607,-46.6980284529881,-50.6626614213048,2.46528290201209,1.0566282860944,0.408326996689794,3.96463296831671,50.0143601319002
209.8,-48.5638099188449,-49.5278739166498,-50.063735346152,-0.535861429502233,-46.5460021274684,-50.5145985959053,1.95078867706036,0.986724679255474,0.45086324975324,3.96859646843689,49.978737166403
209.9,-48.9764116756077,-49.4794935287718,-48.3910123934624,1.08848113530944,-44.9297539617583,-48.8919637000734,-0.0844479755342888,-0.587529828698393,0.500951306611043,3.96220973831509,49.9804448353828
210,-49.4012630895003,-49.4615889687508,-49.7154761311711,-0.253887162420313,-46.1632497857563,-50.146645047401,0.745381957900655,0.685056078650206,0.431168916229893,3.98339526164468,49.8927578849807
210.1,-49.7801848643234,-49.4698574013561,-49.8633471067956,-0.393489705439507,-46.3038643101429,-50.2664709253549,0.486286061031535,0.796613523998822,0.403123818559315,3.962606615212,49.8729812199154
210.2,-50.1660875448921,-49.5018867096292,-50.333350330024,-0.831463620394779,-46.7873115233682,-50.7368126871913,0.570725142299246,1.2349259775621,0.403462357167321,3.94950116382311,49.9053490667965
210.3,-50.5635865036934,-49.5570754024173,-50.5558287627016,-0.998753360284354,-46.9800051112201,-50.9346956551797,0.371109151486316,1.37762025276245,0.378866892478101,3.95469054395959,49.9359422948954
210.4,-50.901711291322,-49.6326624909572,-50.2942347088416,-0.661572217884412,-46.6025233923857,-50.5673234785067,-0.334387812815351,0.934660987549485,0.273088769665073,3.96480008612098,49.9057512606223
210.5,-51.177905121753,-49.7222266483292,-51.2131488553291,-1.49092220699986,-47.5633383321406,-51.5231270445012,0.345221922748195,1.80090039617198,0.309978189172121,3.9597887123606,50.0322048375013
210.587739735171,-51.4192928970498,-49.8112992314076,-50.7311956315788,-0.919896400171261,-46.9450247977908,-50.8914078405769,-0.527885056472961,1.08010860916931,0.160212208998047,3.94638304278611,49.9715114404056
210.6,-51.444630109377,-49.8243201661058,-50.1418213473717,-0.317501181265875,-46.3515599189679,-50.2960697277071,-1.14856038166991,0.47174956160125,0.154248380335375,3.94450980873916,49.9785685464412
210.6168952025,-51.4789611913057,-49.8424223284626,-49.5111592789612,0.331263049501409,-45.7139882541841,-49.6590790963078,-1.8198820949979,-0.183343232154826,0.147919817346583,3.94509084212366,49.9903421458092
210.657840184436,-51.5498021676576,-49.8869074452576,-50.5950774885496,-0.708170043292014,-46.7521719804855,-50.6986709384003,-0.851131229257327,0.81176349314272,0.103593449850706,3.94649895791474,49.9905008951083
210.7,-51.6112468399748,-49.9332534000325,-50.0222601631,-0.0890067630675091,-46.1716935182523,-50.1196423706165,-1.49160446935828,0.186388970584012,0.0973822075165032,3.94794885236423,50.030635607549
210.747343705414,-51.67329774438,-49.9857312198033,-50.8909085011918,-0.905177281388497,-46.9919245457513,-50.9297775822287,-0.743520162151341,0.944046362425432,0.0388690810369354,3.93785303647745,50.0246003008402
210.8,-51.7067274057658,-50.0438807003765,-51.7611697573009,-1.71728905692438,-47.7819492707406,-51.70857360742,0.00184620165420313,1.66469290704341,-0.0525961498809693,3.92662433667938,49.9912845504956
210.86335720957,-51.6998997673142,-50.1118481249022,-50.802206557976,-0.690358433073889,-46.7196932725654,-50.6584858561268,-1.04141391118736,0.546637731224678,-0.143720701849212,3.93879258356146,49.9681274230529
210.9,-51.6696104576241,-50.149326265314,-49.2565227500232,0.892803515290801,-45.1589264859342,-49.1047566035573,-2.56485385406674,-1.04456966175673,-0.151766146465924,3.9458301176231,49.9975601188481
210.950682271296,-51.6104314038741,-50.1982886525477,-48.818042591667,1.38024606088078,-44.6608820727044,-48.6062566439301,-3.00417475994406,-1.59203200861769,-0.211785947736907,3.94537457122561,49.9865027048108
211,-51.5285370527343,-50.2421033770098,-51.3289856420491,-1.08688226503934,-47.1371620523123,-51.0820933420301,-0.446443710704251,0.839989965020273,-0.246892300019063,3.94493128971774,49.9952110769907
211.1,-51.3075197645649,-50.3174197057833,-49.025159075901,1.29226062988229,-44.7399421561272,-48.7009602902787,-2.60655947428619,-1.61645941550454,-0.324198785622258,3.96101813415149,49.993220920161
211.2,-50.9550259528578,-50.369710940622,-49.9491324478432,0.420578492778816,-45.5609043697254,-49.5282222585573,-1.42680369430055,-0.841488682064778,-0.420910189285962,3.96731788883186,49.9488007513361
211.3,-50.5410818221566,-50.3938281092784,-51.2352765792864,-0.841448470008061,-46.8309582606889,-50.7752359443106,0.234154122153974,0.381407835032164,-0.460040634975897,3.94427768362169,49.9337874743025
211.4,-50.1195747983891,-50.3896750836272,-50.5651646428346,-0.175489559207371,-46.1562652334099,-50.1157297310932,-0.00384506729592005,-0.273945352534007,-0.449434911741378,3.95946449768325,49.9402401718858
211.5,-49.6736646950693,-50.3579618236167,-49.4138674775966,0.944094346020073,-45.0721505623318,-49.0163180284605,-0.657346666608824,-1.3416437951562,-0.397549449136129,3.94416746612869,49.9604123744805
211.6,-49.2848756295413,-50.3018312480345,-51.7701790190291,-1.46834777099465,-47.4548857315098,-51.4072606234232,2.12238499388191,1.10542937538873,-0.362918395605917,3.95237489191342,49.9389128524285
211.7,-48.9342634977157,-50.2255154182126,-52.5015471455552,-2.27603172734256,-48.2606819884437,-52.1948662398438,3.26060274212807,1.96935082163121,-0.306680905711346,3.93418425140013,49.9188345125012
211.8,-48.653125441417,-50.1341012569645,-51.0768269496525,-0.942725692688008,-46.8741987176089,-50.7982641880246,2.14513874660756,0.664162931060062,-0.278562761627946,3.92406547041565,49.8555384953365
211.9,-48.4189467461858,-50.0319542082753,-50.1098540525111,-0.0778998442358372,-45.9748463597034,-49.8954002161743,1.47645346998848,-0.13655399210095,-0.214453836336787,3.92055385647094,49.8175003719385
212,-48.2420296209304,-49.9227223354559,-50.4341338000797,-0.511411464623741,-46.488235872073,-50.4213808514006,2.1793512304702,0.498658515944626,-0.0127529486791147,3.93314497932754,49.9099693867768
212.1,-48.2279640642624,-49.814571467099,-50.67585689341,-0.861285426310928,-46.867521839099,-50.7977574447934,2.56979338053107,0.98318597769439,0.121900551383462,3.93023560569441,49.9364720184825
212.2,-48.3497409249118,-49.7168689017967,-50.0589832880158,-0.34211438621913,-46.3931375851078,-50.3174628756273,1.96772195071556,0.600593973830662,0.258479587611532,3.92432529051956,49.9753484894082
212.3,-48.6044229317546,-49.637579032121,-49.1632555182499,0.474323513871092,-45.589555503436,-49.5191849621786,0.914762030424086,-0.118394069942333,0.355929443928758,3.92962945874265,49.9935084760497
212.4,-48.934385974971,-49.5822921623621,-48.3121712380432,1.27012092431885,-44.7299399941019,-48.6611980265609,-0.273187948410097,-0.92109413580117,0.349026788517683,3.93125803245905,49.9313189508798
212.5,-49.277634683362,-49.5518416163797,-49.9210454162891,-0.369203799909478,-46.3637436637312,-50.3212082637958,1.04357358043383,0.769366647416135,0.400162847506657,3.95746460006461,49.9520044638863
212.6,-49.6264960465298,-49.5455336995976,-49.4938038850652,0.0517298145324716,-45.9495461187673,-49.9250439069314,0.298547860401527,0.379510207333709,0.431240021866181,3.97549778816406,49.9767737214638
212.7,-50.0068128231835,-49.5628794216181,-50.9867791963502,-1.42389977473212,-47.4457354074387,-51.4160375904766,1.40922476729314,1.85315816885851,0.429258394126386,3.97030218303787,49.9921378157445
212.8,-50.4149666222903,-49.6043487862009,-49.3637484576494,0.240600328551466,-45.7996067939416,-49.7871613546129,-0.627805267677374,0.182812568412075,0.423412896963541,3.98755456067132,50.0277616831644
212.9,-50.7805083400985,-49.6681263054246,-49.5967420397057,0.0713842657189758,-45.96568218885,-49.9573598304223,-0.823148509676209,0.289233524997634,0.36061779071661,3.99167764157227,50.0287440961413
212.989378224254,-51.0547789403104,-49.739873598272,-51.4308800122507,-1.69100641397876,-47.7234421770419,-51.7168902986079,0.662111358297494,1.97701670033592,0.286010286357161,3.99344812156597,50.0258838846291
213,-51.0843166863344,-49.7491332604617,-49.9451140731725,-0.195980812710786,-46.2406181171295,-50.2342766438765,-0.85004004245787,0.48514338341478,0.289162570703994,3.99365852674701,50.0382958311657
213.028548512036,-51.1645089639426,-49.7747188938701,-50.2289384026373,-0.454219508767196,-46.541091998147,-50.5355246598303,-0.628984304112322,0.760805765960207,0.306586257193011,3.99443266168328,50.0813051510631
213.06173020669,-51.2608210955056,-49.8057843763376,-48.642879419828,1.16290495650965,-44.9311345603165,-48.9264669925043,-2.33435410300132,-0.87931738383331,0.283587572676339,3.99533243218777,50.0893719490139
213.1,-51.3571188526057,-49.8432146913526,-50.0896006193921,-0.246385928039444,-46.323437254433,-50.3198074284116,-1.0373114241941,0.476592737058965,0.230206809019521,3.99637017397858,50.0734215003722
213.14373129589,-51.443480404585,-49.887446609156,-49.7183407377261,0.169105871429828,-45.8913371494178,-49.8932466374902,-1.55023376709477,0.00580002833425652,0.174905899764084,4.00190948807239,50.06235250892
213.2,-51.5182019580944,-49.9455051946029,-49.7232181808702,0.222287013732746,-45.80200034069,-49.8110372193272,-1.7071647387672,-0.134467975275747,0.087819038456999,4.00903687863725,50.0333242330599
213.270820166342,-51.5526389661552,-50.0180940253417,-50.0525171104041,-0.0344230850624569,-46.0512204549173,-50.0590739866045,-1.49356497955069,0.0409799612628419,0.00655687620038492,4.00785353168722,50.0246509015421
213.3,-51.5493910275285,-50.0472621365564,-51.0855425025192,-1.0382803659628,-47.0444951807672,-51.0518611413437,-0.497529886184743,1.00459900478731,-0.0336813611754891,4.00736596057654,50.0135807753809
213.35578813094,-51.5239207188788,-50.101034037638,-48.0896048124006,2.01142922523739,-43.9848236088844,-47.9914922347767,-3.53242848410204,-2.10954180286126,-0.0981125776238656,4.00666862589232,50.0029214600141
213.4,-51.4760971703376,-50.1411773915824,-51.5683698582615,-1.42719246667913,-47.4309588973793,-51.4370748883432,-0.0390222819943915,1.29589749676079,-0.131294969918343,4.00611599096391,50.0098824216641
213.459853705859,-51.3889418935853,-50.1911697720408,-49.8460471296621,0.345122642378669,-45.6296965108406,-49.6334137094482,-1.75552818413713,-0.55775606259256,-0.212633420213891,4.00371719860762,49.9785363518269
213.5,-51.3052911027741,-50.2213167525659,-51.3522199366794,-1.13090318411349,-47.1134074602222,-51.1155156920643,-0.189775410709778,0.894198939498402,-0.23670424461509,4.00210823184211,49.9846125079508
213.557849340486,-51.1674178280312,-50.259298122369,-49.538091185004,0.721206937365068,-45.2468290320103,-49.2516136199781,-1.91580420805309,-1.00768450239089,-0.28647756502582,4.00478458796785,49.9728205573432
213.6,-51.0466305885303,-50.2824793200418,-50.0245046931324,0.257974626909416,-45.7325004345602,-49.7392350910137,-1.30739549751662,-0.543244229028176,-0.28526960211876,4.00673465645347,49.9972097179231
213.651794994899,-50.8919505801943,-50.3055709159217,-50.3647083460684,-0.0591374301466701,-46.0067485963017,-50.0169788227741,-0.874971757420255,-0.288592093147663,-0.347729523294333,4.01023022647238,49.9578413926274
213.7,-50.7165131763745,-50.321172109685,-50.6296731460911,-0.308501036406163,-46.2334515958139,-50.2469351090358,-0.469578067338702,-0.0742370006491697,-0.382738037055333,4.01348351322188,49.9384340726296
213.760701389686,-50.4785245669911,-50.3320020528886,-50.7588375749285,-0.426835522039958,-46.3318745108468,-50.3474666434115,-0.13105792357959,0.0154645905229529,-0.411370931517006,4.01559213256478,49.9206311213716
213.8,-50.3139833357003,-50.3336145141232,-53.0287683665181,-2.6951538523949,-48.6282841495866,-52.6452414207468,2.33125808504659,2.31162690662365,-0.383526945771244,4.01695727116023,49.9500875683519
213.887846469283,-49.9583614552498,-50.3225690327366,-50.8952555228183,-0.572686490081736,-46.4958069688917,-50.5084113910298,0.550049935780052,0.185842358293215,-0.386844131788521,4.0126044221381,49.9357249009481
213.9,-49.9074791020901,-50.319466811348,-51.3306943998081,-1.01122758846019,-46.9161256938326,-50.9281279007112,1.02064879862116,0.608661089363274,-0.40256649909692,4.0120022068786,49.916900312251
213.919847284614,-49.8236719572755,-50.3135784586964,-50.0779060416273,0.235672417069154,-45.6568260322555,-49.6688252526548,-0.154846704620738,-0.644753206041656,-0.409080788972503,4.01199922039924,49.9044976697239
213.943784767302,-49.7193710696897,-50.3051074373301,-50.0354429271685,0.269664510161547,-45.6187749944303,-49.6307706128861,-0.0886004568036753,-0.674336824444005,-0.404672314282458,4.01199561845574,49.9004351230476
213.980795849854,-49.5576415096192,-50.2890632517573,-51.9052195595819,-1.61615630782457,-47.5033683784258,-51.515358427715,1.95771691809579,1.22629517595767,-0.389861131866901,4.01199004928917,49.8992021198904
214,-49.476761886248,-50.2793707577843,-51.5464019135918,-1.26703115580747,-47.1497222811568,-51.1617094407409,1.68494755449287,0.8823386829566,-0.384692472850865,4.01198715958414,49.8946782849335
214.041549736932,-49.3162890333402,-50.2554875866455,-48.9298576706233,1.32562991602221,-44.6068769071857,-48.6141278075204,-0.702161225819829,-1.64135977912511,-0.315729863102902,4.00725090033467,49.9397577235426
214.1,-49.1299725001132,-50.2164064432446,-49.254197766045,0.962208677199584,-45.0128957046087,-49.0134838527929,-0.116488647320267,-1.20292259045165,-0.240713913252065,4.00058814818425,49.9756925299925
214.2,-48.8920755310978,-50.1390116091825,-49.3002609040659,0.838750705116603,-45.1563519606,-49.1548658494656,0.262790318367756,-0.984145759716995,-0.145395054600392,3.99851388886552,49.9936165545822
214.3,-48.7146772651298,-50.0538236761019,-49.5260959717869,0.527727704315026,-45.3925602117395,-49.3927580452931,0.678080780163278,-0.661065630808793,-0.133337926493766,4.00019783355364,49.9204857496081
214.4,-48.5469174683216,-49.9630152847087,-49.622902612401,0.340112672307647,-45.5342339366423,-49.5524889320833,1.00557146376168,-0.41052635262534,-0.0704136803176922,4.018254995441,49.892601604391
214.5,-48.453896141058,-49.8692665307546,-50.3305072771197,-0.461240746365192,-46.3612496573603,-50.3874179565637,1.93352181550569,0.518151425809137,0.0569106794439449,4.02616829920334,49.9261772101985
214.6,-48.4562084945249,-49.7790802462934,-50.2810905270937,-0.502010280800263,-46.3301174464034,-50.3581082571641,1.90189976263926,0.579028010870715,0.0770177300704518,4.02799081076073,49.8560979763639
214.7,-48.5424383259235,-49.696434665068,-50.2739041664392,-0.577469501371176,-46.544416505149,-50.5734771991468,2.03103887322325,0.87704253407874,0.299573032707563,4.02906069399778,49.9960076977756
214.8,-48.8246492921646,-49.631115483596,-49.5411001754411,0.0900153081548751,-45.9674691925413,-50.0059391620717,1.18128986990717,0.374823678475714,0.464838986630589,4.03846996953048,50.0959544702266
214.9,-49.1916202218745,-49.5916591414478,-49.1616312937949,0.430027847652873,-45.5741389055069,-49.6024248378102,0.410804615935717,0.0107656963624194,0.440793544015293,4.02828593230332,50.0324526854631
215,-49.5764425125493,-49.5786840263277,-48.6012064437799,0.977477582547834,-44.9589183414698,-48.9828250183256,-0.593617494223714,-0.595859008002094,0.38161857454574,4.02390667685581,49.9603026008734
215.1,-49.9421511737499,-49.5898595261046,-51.0779722755232,-1.4881127494186,-47.5082667688791,-51.5491826475253,1.60703147377544,1.9593231214207,0.471210372002105,4.04091587864625,50.0610698981067
215.2,-50.3649855578712,-49.6257632004786,-51.4336016156034,-1.80783841512473,-47.8681778669211,-51.8967355339243,1.5317499760531,2.27097233344563,0.463133918320899,4.02855766700316,50.0888971187995
215.3,-50.7561025283234,-49.686163294263,-49.6909665714244,-0.00480327716145013,-45.9822681017624,-50.0215901991965,-0.734512329126979,0.335426904933492,0.330623627772042,4.03932209743409,50.016786922035
215.4,-51.03824117949,-49.7638671161689,-48.4082670440268,1.35560007214209,-44.6071357639892,-48.632865860337,-2.40537531915302,-1.13100125583196,0.224598816310127,4.0257300963478,49.988465932479
215.5,-51.2356320242363,-49.8515567720033,-48.3571100702054,1.4944467017979,-44.5139656372381,-48.526096727806,-2.70953529643032,-1.32546004419729,0.168986657600605,4.01213109056791,50.0205434296039
215.6,-51.393924479402,-49.9453492185593,-49.246226174414,0.699123044145345,-45.2722177217007,-49.2752718074786,-2.11865267192347,-0.670077411080733,0.0290456330646123,4.00305408577792,49.9743948516239
215.7,-51.4229290378853,-50.0390823686897,-51.1135690202552,-1.07448665156543,-47.0317256143886,-51.0293500592888,-0.393578978596551,0.990267690599019,-0.0842189609664104,3.99762444490017,49.9548634077233
215.8,-51.3518221712918,-50.1255271663654,-50.1484115547758,-0.0228843884103966,-45.9536028579134,-49.9421407873138,-1.40968138397803,-0.183386379051619,-0.206270767462016,3.98853792940036,49.9192563989034
215.9,-51.1688561325369,-50.1980751250653,-48.6837883368628,1.51428678820248,-44.4373606394258,-48.4365801768665,-2.73227595567035,-1.76149494819871,-0.247208159996227,3.9992195374407,49.950866965069
216,-50.9526334866474,-50.2531419285595,-50.8242212715322,-0.571079342972745,-46.5302651959425,-50.5244268441197,-0.428206642527705,0.271284915560244,-0.2997944274125,3.99416164817725,49.953347501147
216.1,-50.6861945210488,-50.2891674373601,-50.9262466551243,-0.637079217764196,-46.6257240758061,-50.6142307189593,-0.0719638020895417,0.325063281599213,-0.312015936164983,3.98850664315319,49.9771515011951
216.2,-50.3729445403224,-50.3049763521278,-50.6606144139878,-0.355638061859999,-46.2598896246105,-50.2500548365675,-0.122889703754907,-0.0549215155602809,-0.41055957742028,3.99016521195701,49.8944167747075
216.3,-49.9855786940683,-50.2971506905465,-48.5592563998933,1.73789429065319,-44.1139573009765,-48.1086262214629,-1.87695247260541,-2.18852446908367,-0.45063017843048,3.99466892048637,49.8465205121161
216.4,-49.5215729842068,-50.2626505896082,-49.8561204519331,0.406530137675084,-45.3957610279121,-49.4180687683086,-0.103504215898212,-0.84458182129957,-0.438051683624487,4.02230774039647,49.8245989059837
216.5,-49.0526781279924,-50.2005587124319,-50.4740453266096,-0.273486614177656,-45.9754117413667,-49.9963703858393,0.943692257846898,-0.204188326592607,-0.477674940770264,4.02095864447265,49.7228837716617
216.58929579575,-48.6447724356595,-50.1228867797703,-51.2803965356799,-1.15750975590962,-46.8959287501963,-50.9235473366689,2.27877490100939,0.800660556898578,-0.356849199011045,4.02761858647258,49.7660375807593
216.6,-48.6014609742336,-50.1123609959078,-49.5333106982078,0.579050297699993,-45.1558479877123,-49.1842649250911,0.582803950857453,-0.928096070816778,-0.349045773116785,4.02841693737881,49.7633152227911
216.617540610966,-48.5327958402276,-50.0946244420219,-50.63397172735,-0.539347285328091,-46.2907996846384,-50.3183546394776,1.78555879924996,0.223730197455701,-0.31561708787239,4.02755495483915,49.7790073541495
216.644197532441,-48.4381127492606,-50.066632790308,-50.2126867965157,-0.146054006207684,-45.9081155781213,-49.9343605557357,1.49624780647517,-0.132272234572305,-0.27832624077999,4.02624497761444,49.7883065495281
216.68238042458,-48.3220942128385,-50.0247349654521,-49.0956951533265,0.929039812125545,-44.8609883410893,-48.8853569310226,0.563262718184092,-1.13937803442948,-0.210338222303939,4.02436858993325,49.8143967431481
216.7,-48.2760767937376,-50.0048408577869,-50.1382225174701,-0.133381659683295,-45.9309883689127,-49.9544910958268,1.6784143020892,-0.050349761960014,-0.183731421643309,4.02350272691412,49.8211094361435
216.730487295623,-48.2035226359158,-49.9697740080879,-49.9254842705082,0.0442897375797671,-45.7529595722097,-49.779069065842,1.57554642992624,-0.190704942245887,-0.14641520466612,4.02610949363238,49.8233588034218
216.770737617011,-48.128710361736,-49.9225903753994,-50.385024874523,-0.462434499123574,-46.2585254329245,-50.2880764649435,2.1593661032075,0.365486089544149,-0.0969484095794257,4.02955103201908,49.82564196582
216.8,-48.0855228339418,-49.8879449738341,-48.9237233106192,0.964221663214872,-44.8469798887236,-48.8790329532947,0.793510119352916,-1.00891202053943,-0.0446903573245621,4.03205306457109,49.8432546165095
216.842507339431,-48.0471912942475,-49.8375966509814,-51.0097880475813,-1.17219139659997,-47.0475337314521,-51.0869335232865,3.03974222903897,1.24933687230513,0.0771454757051586,4.03939979183437,49.9147421266865
216.887840359438,-48.0509391050378,-49.7850060255417,-50.5252529001604,-0.740246874618649,-46.5922162851288,-50.6394511788179,2.58851207378019,0.854445153276217,0.114198278657568,4.04723489368915,49.8992043041993
216.9,-48.0537349312198,-49.7711982278151,-50.3758243819472,-0.604626154132085,-46.4654465723214,-50.5147830692635,2.46104813804376,0.74358484144846,0.138958687316375,4.04933649694218,49.9101569151315
216.9157108714,-48.0618125510564,-49.7535743240969,-48.0605572030037,1.69301712109314,-44.1790372738639,-48.2302057353468,0.168393184290395,-1.52336858875008,0.169648532343061,4.05116846148294,49.9232228564399
216.956505040144,-48.1016198360715,-49.7092503460877,-49.1496556145326,0.559594731555102,-45.3230049990901,-49.3789302604159,1.27731042434436,-0.330320085671865,0.229274645883237,4.05592526132578,49.938524991971
217,-48.1644416969927,-49.6647331397936,-50.1730306014584,-0.50829746166481,-46.4054486682403,-50.4664456548782,2.30200395788555,0.801712515084596,0.293415053419785,4.06099698663796,49.9581481932134
217.052918156929,-48.2794337394222,-49.6152729774918,-49.3425045099853,0.272768467506516,-45.6400122727011,-49.7023616308661,1.4229278914439,0.0870886533742592,0.359857120880775,4.06234935816499,49.9751300983726
217.1,-48.407693018829,-49.5764608925036,-48.9388420353223,0.637618857181316,-45.2676894114255,-49.33124198882,0.923548969991039,-0.245218903683536,0.39239995349778,4.06355257739455,49.9688608460014
217.18409260961,-48.6780818945536,-49.5206249573743,-50.8504807255759,-1.32985576820158,-47.229855959762,-51.3169227935861,2.6388408990325,1.79629783621183,0.466442068010252,4.08706683382409,49.9870670253845
217.2,-48.7351821647056,-49.5121490971904,-49.5400112295814,-0.0278621323910002,-45.9302385442886,-50.0217534557557,1.28657129105005,0.509604358565277,0.481742226174276,4.09151491146706,49.9938913233647
217.227670283611,-48.8380884419173,-49.4990589893106,-50.9751897441627,-1.47613075485209,-47.3628396734198,-51.4580982576599,2.62000981574256,1.95903926834933,0.482908513497236,4.09525858424009,49.9819675028078
217.258909848278,-48.9573166800133,-49.4868156936926,-48.768248132608,0.718567561084605,-45.1712999227115,-49.2707850884108,0.313468408397455,-0.216030605281794,0.50253695580281,4.09948516569931,49.9893526494954
217.3,-49.1173667820655,-49.4748484951359,-48.8811640168394,0.593684478296566,-45.2639574650515,-49.3690019551294,0.251635173063917,-0.105846540006539,0.487837938290028,4.10504449007785,49.962686433426
217.350759205955,-49.3207984380112,-49.4663771315286,-49.7157626463286,-0.249385514799933,-46.1443136174138,-50.2591569578636,0.938358519852358,0.792779826334929,0.543394311534996,4.11484334044977,50.0097714430636
217.4,-49.5261802382487,-49.4650943598408,-49.6057827400647,-0.140688380223885,-45.9751665114175,-50.0995155792317,0.573335340982965,0.634421219390937,0.493732839167052,4.12434906781423,49.9588271990078
217.460477058619,-49.7483761232404,-49.4718885726315,-50.4169272518637,-0.945038679232219,-46.7587194468953,-50.8815974574511,1.13322133421066,1.40970888481957,0.464670205587346,4.12287801055573,49.9365587782188
217.5,-49.8943806798389,-49.4808752527309,-49.0314229441365,0.449452308594367,-45.3549984842106,-49.4769151300584,-0.417465549780552,-0.00396012267250256,0.445492185921864,4.12191664584782,49.9263674386527
217.553936067488,-50.0804122970086,-49.4985816592963,-49.3683304098678,0.130251249428461,-45.6713500535672,-49.79233110101,-0.288081195998593,0.293749441713679,0.42400069114214,4.12098104744273,49.9225823504384
217.6,-50.2513807706892,-49.5184786267812,-49.2963905060281,0.222088120753043,-45.6192381928642,-49.7394201953673,-0.511960575321915,0.220941568586063,0.443029689339106,4.12018200250306,49.9615083161203
217.663509094134,-50.4872433091566,-49.5533759582114,-49.1376208753496,0.415755082861772,-45.4193002189372,-49.5417506781776,-0.945492630979004,-0.0116252800337975,0.404129802827974,4.12245045924042,49.9575057610394
217.7,-50.6071490089063,-49.5769672247057,-51.6968971257712,-2.11992990106543,-47.9560556562933,-52.079809520068,1.47266051116171,2.50284229536225,0.382912394296817,4.12375386377472,49.9598796190025
217.763807895575,-50.8190085125648,-49.6236817863169,-48.636077043299,0.987604743017918,-44.9081994248611,-49.0333261450319,-1.78568236753293,-0.590355641285029,0.397249101732889,4.12512672017086,50.0209308880498
217.8,-50.9419510094662,-49.6532665893014,-49.035518537192,0.617748052109363,-45.3000114676354,-49.4259168776784,-1.51603413178776,-0.227349711622928,0.390398340486435,4.12590541004305,50.0436649297878
217.844507174261,-51.0865915262562,-49.6925918808624,-47.597364510481,2.09522737038147,-43.8108010332004,-47.9428247503593,-3.1437667758969,-1.74976713050311,0.345460239878356,4.13202371715894,50.0380521207408
217.9,-51.2388242801873,-49.7453732745672,-48.3775579947349,1.36781527983229,-44.552697207922,-48.6923494064716,-2.54647487371578,-1.05302386809561,0.314791411736671,4.13965219854953,50.0601646863038
217.971167865265,-51.3888363016169,-49.8174262076935,-48.5085155643139,1.30891064337963,-44.5788103182943,-48.7142353148415,-2.67460098677538,-1.10319089285202,0.205719750527614,4.13542499654722,50.0231459582211
218,-51.4316041815018,-49.8473703321193,-50.7334952418718,-0.88612490975251,-46.7696769252857,-50.9033893615751,-0.528214819926724,1.05601902945581,0.169894119703301,4.13371243628944,50.0172644518226
218.051457343509,-51.4848872966669,-49.9011537815482,-49.3552394917533,0.545914289794858,-45.2881846887473,-49.4304284802083,-2.05445881645854,-0.470725301339819,0.0751889884550394,4.14224379146101,49.9763427700032
218.1,-51.5009143753237,-49.9512199266146,-51.5576069216813,-1.60638699506674,-47.4607863768737,-51.6110782838273,0.110163908503637,1.65985835721271,0.0534713621459773,4.15029190695361,50.0046912887606
218.164978977474,-51.4976014781077,-50.0160869169849,-49.2088670597368,0.807219857248086,-45.0896623676345,-49.2480740790817,-2.24952739902603,-0.768012837903228,0.0392070193448575,4.15841171144718,50.0552939363297
218.2,-51.4960137975906,-50.0498144969927,-48.3162725980767,1.73354189891605,-44.195282294322,-48.3580702497042,-3.13794354788644,-1.69174424728853,0.041797651627526,4.16278795538216,50.0916121486202
218.251693663796,-51.4843899527904,-50.0980498918375,-48.4015992556848,1.69645063615274,-44.2293856528357,-48.4008648464121,-3.08352510637828,-1.69718504542544,-0.000734409272702408,4.17147919357639,50.0973154825648
218.3,-51.4533537366172,-50.1409717770394,-51.5860851652438,-1.4451133882044,-47.3744961530166,-51.5540970745458,0.100743337928606,1.41312529750637,-0.0319880906980359,4.17960092152924,50.1089836863414
218.372632527245,-51.3813918140168,-50.2005410117858,-49.4922406545634,0.708300357222413,-45.2774469168315,-49.4449344229622,-1.93645739105458,-0.755606588823653,-0.0473062316012403,4.16748750613067,50.1532347801846
218.4,-51.3545734020261,-50.2213783162204,-48.9512195421625,1.27015877405793,-44.7251814261388,-48.8881046746501,-2.46646872737598,-1.33327364157036,-0.0631148675124322,4.16292324851123,50.158263448708
218.43817449398,-51.3090313433293,-50.2489564153303,-51.0207846203624,-0.771828205032108,-46.7417033985007,-50.9061343424544,-0.402897000874887,0.65717792712406,-0.114650277908048,4.16443094395367,50.1343061374223
218.493524073511,-51.2135913526271,-50.2852297545424,-51.3188700237429,-1.03364026920047,-46.9802947647068,-51.1469117313185,-0.066679621308559,0.861681976776126,-0.171958292424343,4.16661696661169,50.1132714621181
218.5,-51.2000652900638,-50.2891482333407,-50.2814199643431,0.00772826899756751,-45.9350362964078,-50.1019090286849,-1.09815626137889,-0.187239204655818,-0.17951093565825,4.16687273227705,50.1096372976824
218.512464183831,-51.1727566353891,-50.2964764704981,-49.6435472235406,0.652929246957477,-45.2935350633241,-49.4605136390205,-1.71224299636862,-0.835962831477616,-0.183033584520139,4.16697857569636,50.1134428859779
218.536196856349,-51.1210814353044,-50.3096491770346,-49.1178105200622,1.19183865697243,-44.7759858624945,-48.9431659714194,-2.17791546388504,-1.36648320561521,-0.174644548642782,4.16718010892492,50.1350046283918
218.569356298304,-51.0476435010371,-50.3263812587774,-51.0343191369323,-0.707937878154937,-46.6670133861113,-50.8344750785531,-0.213168422483932,0.508093819775766,-0.199844058379171,4.16746169244189,50.1265372003982
218.6,-50.9714481121639,-50.3400273325393,-50.5180674830543,-0.17804015051496,-46.128565977237,-50.29628789002,-0.675160222143916,-0.0437394425193247,-0.221779593034285,4.16772191278299,50.118247739505
218.64925468512,-50.8333313547901,-50.3579922719257,-50.7184937032726,-0.360501431346876,-46.3080765693583,-50.472810172645,-0.360521182145057,0.114817900719316,-0.245683530627559,4.16473360328669,50.1123087412981
218.7,-50.6800219871807,-50.3711172237315,-49.8733792584063,0.4977379653252,-45.426810767544,-49.588465623987,-1.09155636319367,-0.782651599744504,-0.284913634419304,4.16165485644304,50.0862035893122
218.769296336631,-50.4498024219581,-50.3797757621055,-49.5754009098404,0.80437485226512,-45.1128887409704,-49.2784305763613,-1.17137184559687,-1.10134518574424,-0.296970333479116,4.16554183539089,50.0828054286264
218.8,-50.3453298796946,-50.3801314997779,-49.5062660226492,0.873865477128753,-45.0306821425246,-49.1979462117151,-1.14738366797955,-1.18218528806285,-0.308319810934094,4.16726406919051,50.0718116888438
218.840356619335,-50.2064648576005,-50.3773658239085,-49.1030445728725,1.27432125103595,-44.6555082659079,-48.8205906871451,-1.38587417045537,-1.55677513676337,-0.282453885727421,4.1650824212372,50.094911938181
218.9,-50.0005379959532,-50.3668557602678,-49.6651121656384,0.701743594629377,-45.1961598424987,-49.3580179882266,-0.642520007726517,-1.00883777204118,-0.307094177411798,4.16185814572795,50.059761582856
219,-49.6646804156752,-50.3324364049877,-49.575822583667,0.756613821320705,-45.1446625286817,-49.3010945834843,-0.363585832190928,-1.03134182150346,-0.274728000182755,4.15643205480259,50.057708404805
219.1,-49.3406759061975,-50.2794452346123,-48.7638308913015,1.51561434331083,-44.366889445699,-48.5336833579828,-0.806992548214652,-1.74576187662947,-0.230147533318636,4.16679391228381,50.0492977012936
219.2,-49.0720100694733,-50.2104265948627,-51.0654230533886,-0.854996458525818,-46.7955576373657,-50.9514609382477,1.87945086877441,0.741034343384982,-0.113962115140836,4.15590330088201,50.0964644797219
219.289828792939,-48.9598884593604,-50.1412386709422,-50.4277991875173,-0.286560516575122,-46.3104751975754,-50.4714517614222,1.51156330206174,0.330213090479987,0.0436525739048648,4.16097656384675,50.184891244847
219.3,-48.9567516987807,-50.1333486604389,-49.202637358643,0.930711301795867,-45.0894820608181,-49.2510330641781,0.294281365397467,-0.882315596260788,0.0483957055350785,4.16155100336,50.181744365974
219.317615112997,-48.9520669808681,-50.1197641572594,-48.7825176588118,1.33724649844757,-44.6613987124893,-48.8236459683962,-0.128421012471897,-1.29611818886316,0.0411283095844084,4.16224725590691,50.1608924668438
219.338948039262,-48.9441445442039,-50.1034335574042,-49.3127886648295,0.790644892574676,-45.1877913659276,-49.3508818241601,0.406737279956218,-0.752551733244019,0.038093159330657,4.16309045823257,50.1415267167348
219.366679325699,-48.9383072022828,-50.0823987184151,-48.1510503155951,1.93134840282003,-44.0820084217444,-48.2461949830116,-0.692112219271195,-1.83620373540352,0.0951446674165126,4.16418656126719,50.1775433858316
219.4,-48.9433240060002,-50.0576331665725,-50.3431729634627,-0.285539796890156,-46.2988515133933,-50.4643551030753,1.52103109707509,0.40672193650272,0.121182139612564,4.16550358968201,50.1788153061851
219.438217708745,-48.9617171654733,-50.0301831582551,-48.5149876628979,1.51519549535712,-44.4854844572783,-48.6569490857775,-0.304768079695847,-1.37323407247761,0.141961422879511,4.17146462849919,50.1721445811346
219.5,-49.0153637359976,-49.9885715941698,-49.4919062826461,0.496665311523735,-45.5164715637331,-49.6975727363496,0.682209000352046,-0.290998857820206,0.205666453703529,4.18110117261652,50.1942380478734
219.56915120331,-49.0924446815309,-49.9469538016945,-50.8215407754492,-0.874586973754646,-46.8555528539849,-51.0503937382841,1.95794905675324,1.10343993658957,0.228852962834921,4.19484088429923,50.1758067645295
219.6,-49.1320249698036,-49.9301781128791,-48.7208059459055,1.20937216697358,-44.755178990004,-48.9561492480813,-0.17587572172237,-0.974028864797788,0.235343302175792,4.20097025807725,50.1655214150548
219.640647040361,-49.1933602911908,-49.9098799552831,-48.5330462018288,1.37683375345427,-44.6106994806142,-48.8082221630284,-0.385138128162453,-1.10165779225471,0.275175961199565,4.1975226824142,50.1850559164827
219.7,-49.3075940425528,-49.8845964426577,-48.6019261200749,1.28267032258275,-44.6912201307871,-48.8837086503849,-0.423885392167833,-1.00088779227272,0.281782530310025,4.19248851959781,50.1663789729677
219.778433825497,-49.4489180444542,-49.8592450636393,-51.2487013096389,-1.3894562459996,-47.2933774191628,-51.4983270062898,2.04940896183563,1.63908194265055,0.249625696650952,4.20494958712703,50.1088707602903
219.8,-49.4840612023504,-49.8537110277591,-48.6878507124073,1.16586031535181,-44.7382723125255,-48.9466481963443,-0.537413006006076,-0.907062831414791,0.258797483937016,4.20837588381887,50.1125085116961
219.835520410905,-49.5483657021225,-49.8458952515099,-49.4317487379464,0.414146513563509,-45.5107004930341,-49.7188886377208,0.170522935598392,-0.127006613789092,0.287139899774417,4.20818814468679,50.1330351512844
219.881269039056,-49.6368062312649,-49.8383940459059,-50.6356056830387,-0.797211637132847,-46.6999959629027,-50.9079423083669,1.27113607710194,1.06954826246099,0.272336625328144,4.20794634546421,50.110730671234
219.9,-49.6720398342428,-49.8361420095438,-50.9866226104019,-1.15048060085807,-47.0465884599573,-51.2544358050367,1.58239597079381,1.41829379549281,0.267813194634741,4.20784734507933,50.1039552041786
219.926856806804,-49.723068466458,-49.8337102518007,-49.0606927413397,0.773017510460967,-45.135033294818,-49.3456938317498,-0.377374634708168,-0.48801642005084,0.285001090410127,4.21066053693185,50.1187113422108
219.96472102315,-49.798865872959,-49.8319374004179,-49.6836989621753,0.148238438242572,-45.7311016651266,-49.9457283960184,0.146862523059355,0.113790995600461,0.262029433843033,4.21462673089179,50.0939668342609
220,-49.866806007826,-49.8319454830519,-50.3435238936597,-0.511578410607854,-46.4066670725822,-50.6249891992432,0.758183191417174,0.793043716191342,0.281465305583488,4.21832212666106,50.1134107886354
220.1,-50.0496821637637,-49.8403152465153,-48.5232860292924,1.31702921722288,-44.5074981011301,-48.7083689969367,-1.34131316682706,-1.13194624957861,0.18508296764427,4.20087089580659,50.0253982141595
220.2,-50.1862484189566,-49.8580792913403,-49.835400292161,0.0226789991792913,-45.8072773172162,-50.0370662062807,-0.149182212675875,0.17898691494041,0.201665914119701,4.22978888906448,50.05974520546
220.3,-50.3227263374859,-49.8833245048468,-48.8347767059523,1.0485477988945,-44.7928728135803,-49.0259058080047,-1.29682052948119,-0.857418696842082,0.191129102052415,4.23303299442446,50.0744536068992
220.4,-50.4153547438017,-49.9146834190017,-49.7250854141486,0.189598004853124,-45.5958043355414,-49.8251871439167,-0.590167599884985,-0.0894962750850041,0.10010172976812,4.22938280837534,50.0147851487698
220.5,-50.4428238485038,-49.9477320217022,-50.7725962019243,-0.824864180222157,-46.5811830115981,-50.8071950210078,0.364371172504079,0.85946299930567,0.0345988190835129,4.22601200940973,49.9823308407857
220.6,-50.4340027867249,-49.9791234022415,-48.3106526834133,1.6684707188282,-44.0716389194215,-48.3124699710309,-2.12153281569396,-1.66665343121058,0.00181728761762656,4.24083105160941,49.9809406898591
220.7,-50.3911634371774,-50.0064884382913,-50.5648481782653,-0.558359739973973,-46.3495335869021,-50.6038195817157,0.212656144538286,0.597331143424363,0.0389714034503896,4.25428599481365,50.0454598417417
220.8,-50.3675855590435,-50.0304642501397,-49.3821178090412,0.648346441098525,-45.1032106513507,-49.3693688412524,-0.998216717791095,-0.661095408887306,-0.0127489677887809,4.26615818990172,50.0177152823509
220.9,-50.3168505150205,-50.0500267409861,-50.5125441552057,-0.462517414219683,-46.2629432655815,-50.5246987468559,0.207848231835385,0.474672005869799,0.0121545916501162,4.2617554812744,50.0621813326362
221,-50.2661659657808,-50.0656109999533,-48.9456295013943,1.11998149855897,-44.6535023818725,-48.9060980798629,-1.36006788591788,-1.15951292009033,-0.0395314215313576,4.25259569799043,50.0260795784219
221.1,-50.1935374448028,-50.0756190010743,-49.7928890771595,0.282729923914829,-45.5841847388487,-49.8344924481219,-0.359044996680886,-0.241126552952466,0.0416033709623633,4.25030770927316,50.1172223720367
221.2,-50.1870059050141,-50.0826744222708,-50.4116718470469,-0.328997424776148,-46.2487517229517,-50.5197277236558,0.332721818641673,0.437053301385063,0.108055876608915,4.27097600070414,50.1907302988797
221.3,-50.2315964078538,-50.090973851385,-49.8670530119619,0.223920839423116,-45.6426579780537,-49.916165749028,-0.315430658825889,-0.174808102357076,0.0491127370660394,4.27350777097426,50.1400865884511
221.4,-50.1839102821505,-50.0990318591996,-49.2458096394249,0.853222219774622,-44.9014535561341,-49.1711814354321,-1.01272884671845,-0.927850423767502,-0.0746282039928801,4.26972787929796,50.0244036552067
221.5,-50.0410141560444,-50.100144460746,-51.1777925592862,-1.07764809854021,-46.7552701866683,-51.0145835753882,0.973569419343789,0.914439114642207,-0.163208983898002,4.25931338871982,49.9369354768479
221.6,-49.8368021183727,-50.0897187173611,-48.424904786511,1.66481393085007,-44.0437184852714,-48.3048201974117,-1.53198192096096,-1.78489851994936,-0.120084589099285,4.26110171214034,49.9696341282618
221.7,-49.6978432014222,-50.0687194450602,-48.5384109157607,1.53030852929951,-44.2079721547352,-48.4639850145621,-1.23385818686008,-1.60473443049811,-0.0744259011986017,4.25601285982693,49.9942935438616
221.8,-49.6028836942978,-50.0416255234984,-49.1456704468334,0.895955076665039,-44.8743568926628,-49.1258740531098,-0.477009641188054,-0.915751470388656,-0.0197963937236167,4.25151716044698,50.0218291297748
221.9,-49.5178156415754,-50.0115200734413,-49.917167514576,0.0943525588652818,-45.5353178730409,-49.7947497016739,0.276934060098469,-0.216770371767424,-0.122417812902142,4.25943182863303,49.8891022605392
221.965168782474,-49.4182023936665,-49.9886448929437,-51.4641586473016,-1.47551375435794,-47.0974099596701,-51.3614742225571,1.94327182889066,1.37282932961347,-0.102684424744474,4.26406426288701,49.8859604681992
221.992969453826,-49.3753545098558,-49.9779109556446,-50.8670020094382,-0.889091053793599,-46.5200544131051,-50.7860948488983,1.4107403390425,0.808183893253656,-0.0809071605399438,4.26604043579319,49.8970037951047
222,-49.3660571449564,-49.9751085681517,-100.372503134062,-50.3973945659105,-96.0595639882688,-100.326104180873,50.9600470359169,50.3509956127215,-0.0463989531889837,4.2665401926044,49.9287096149627
222.008045298261,-49.3681514979416,-49.9718895112563,-100.150821933054,-50.1789324217976,-96.1121665268231,-100.378104807249,51.0099533093071,50.4062152959924,0.227282874194799,4.26593828042553,50.1991723854511
222.02270034036,-49.4255293556,-49.9663177093557,-97.5816618924517,-47.615344183096,-94.025734298732,-98.290576156373,48.865046800773,48.3242584470173,0.708914263921272,4.26484185764102,50.675231973277
222.045116975354,-49.6440307158812,-49.9598110680821,-97.8097826885081,-47.849971620426,-94.9857870170392,-99.2489517652462,49.604921049365,49.289140697164,1.43916907673803,4.263164748207,51.3989801448201
222.087423285233,-50.4828755618703,-49.9614360592348,-97.9767448825194,-48.0153088232846,-96.4935769256312,-100.753576510493,50.2707009486223,50.7921404512579,2.77683162797319,4.2599995848614,52.738267687208
222.1,-50.8365415583517,-49.9671589581084,-98.1686232207946,-48.2014642626862,-97.0786376753904,-101.337696328351,50.5011547699989,51.3705373702422,3.16907310755595,4.25905865296019,53.1362320656644
222.117572613385,-51.4112371248324,-49.9803738682457,-93.78990178509,-43.8095279168443,-93.2318657192826,-97.4902257332924,46.07898860846,47.5098518650467,3.70032394820237,4.25836001400975,53.6806978164481
222.15910168512,-53.1238114665649,-50.0410345577405,-95.1977656312511,-45.1567310735106,-95.8173573503114,-100.074066282239,46.9502548156745,50.033031724499,4.87630065098838,4.25670893192802,54.9173352087288
222.2,-55.272921201171,-50.1505491753307,-94.0502845735909,-43.8997353982602,-95.7481781358843,-100.003261062895,44.7303398617235,49.8527118875638,5.95297648930365,4.25508292701025,56.1035256646343
222.267537938554,-59.7640986870139,-50.4673936441814,-94.4690321284553,-44.0016384842739,-97.79701310267,-102.058678581601,42.2945798945868,51.5912849374193,7.58964645314543,4.26166547893074,58.0570400973268
222.3,-62.3071897836285,-50.69041865512,-91.8879112332842,-41.1974925781643,-95.851362830375,-100.116192208138,37.8090024245094,49.425773553018,8.22828097485372,4.26482937776291,58.9186996299737
222.33463228957,-65.2593410309087,-50.9850338936292,-91.1656340383409,-40.1806001447117,-95.7935766306235,-100.059237072676,34.7998960417678,49.0742031790472,8.89360303433556,4.26566044205288,59.8786369279648
222.379091449927,-69.3804987149959,-51.4554008743223,-90.2507905444844,-38.7953896701621,-95.5531579352072,-99.8198852550494,30.4393865400535,48.3644843807271,9.56909471056497,4.26672731984219,61.0244955848873
222.4,-71.4286629630599,-51.7142488367304,-90.4871749060765,-38.7729260693461,-96.0508193167041,-100.318048374939,28.8893854118795,48.6037995382091,9.83087346886298,4.26722905823536,61.5451223055933
222.452889205421,-76.882357184235,-52.4811836491887,-89.3020765723423,-36.8208929231536,-95.4630389675888,-99.7278271294608,22.8454699452259,47.2466434802721,10.4257505571185,4.26478816187203,62.9069342063072
222.5,-82.0124417239339,-53.3040939746908,-91.1790399564279,-37.8749459817371,-97.6529813153743,-101.915595261048,19.9031535371137,48.6115012863568,10.7365553046197,4.26261394567332,64.0406492793104
222.550078727189,-87.662428757185,-54.3262018825857,-88.4920330392229,-34.1658311566372,-95.1561946606558,-99.4296398511662,11.7672110939812,45.1034379685805,10.9376068119433,4.2734451905104,65.263808694529
222.6,-93.3878880628952,-55.496277813091,-88.3059855133144,-32.8097077002234,-94.8678800992844,-99.1521224797143,5.76423441681912,43.6558446666233,10.8461369664,4.28424238042997,66.342414779491
222.670959683144,-101.509231738361,-57.4116745521489,-89.3459379900799,-31.9342634379311,-95.5476200192582,-99.8456176157947,-1.66361412256587,42.4339430636458,10.4996796257147,4.29799759653649,67.9113541778636
222.7,-104.782868595944,-58.277380747289,-89.1562832095828,-30.8789024622939,-95.1053299780204,-99.4089569096448,-5.37391168629883,41.1315761623559,10.252673700062,4.30362693162438,68.5300544473509
222.736166777655,-108.780909448263,-59.4183207261489,-90.5573325928354,-31.1390118666864,-96.1097768214281,-100.417701215329,-8.36320823293435,40.99938048918,9.86036862249351,4.30792439390076,69.2786893486425
222.790348681885,-114.550778141611,-61.2494642786896,-90.7800861296481,-29.5306218509585,-95.6410960233255,-99.9554584994827,-14.5953196421284,38.7059942207931,9.17537236983453,4.31436247615714,70.4248366485241
222.8,-115.546531353963,-61.590012383038,-90.2803857314036,-28.6903733483656,-94.9861116712987,-99.3016209506328,-16.2449104033299,37.7116085675948,9.02123521922925,4.31550927933412,70.6112476022673
222.819959400453,-117.566838705081,-62.3072017887469,-90.3202447791539,-28.013042990407,-94.6899888513862,-99.0031860224549,-18.5636526826262,36.695984233708,8.68294124330095,4.31319717106867,70.9901430320478
222.852537809959,-120.735921614577,-63.513079368246,-91.7623939699574,-28.2493146017114,-95.5126427253452,-99.8220659949847,-20.9138556195922,36.3089866267388,8.05967202502733,4.30942326963948,71.5727513932733
222.889361807855,-124.103194078299,-64.9237338059646,-91.5239991933507,-26.6002653873861,-94.5354912747495,-98.8406488315935,-25.2625452467056,33.9169150256289,7.31664963824278,4.30515755684402,72.2403834442074
222.9,-125.031863765331,-65.3397510960087,-92.3271085329566,-26.9873574369479,-95.1297396474766,-99.4336648701106,-25.5981988952208,34.0939137741019,7.10655633715399,4.30392522263404,72.4463074331627
222.921907175562,-126.878801529175,-66.2073039438241,-93.106676257358,-26.8993723135339,-95.4437064810574,-99.746810969082,-27.1319905600929,33.539507025258,6.64013471172406,4.30310448802469,72.8474386555481
222.950390240115,-129.137333726314,-67.3549918577742,-94.0565520821696,-26.7015602243954,-95.7231295383582,-100.025166931412,-29.1121667949015,32.6701750736382,5.96861484924278,4.30203739305425,73.323606707017
222.990640660592,-132.031172716943,-69.0083973373933,-94.376208037209,-25.3678106998157,-95.0782428280944,-99.3787722717083,-32.6524004452344,30.3703749343151,5.00256423449935,4.30052944361398,74.0109615718926
223,-132.653307041342,-69.3972096954526,-96.1448532223274,-26.7476435268748,-96.6121419828731,-100.912320786408,-31.7409862549345,31.5151110909554,4.76746756408062,4.30017880353485,74.1646772595332
223.014089116478,-133.551934678896,-69.9850521144466,-97.7375865355155,-27.7525344210689,-97.8578701647341,-102.159124988143,-31.3928096907534,32.1740728736964,4.42153845262752,4.30125482340888,74.4065905670741
223.045607997801,-135.396640903651,-71.3090810082925,-96.351131237327,-25.0420502290345,-95.6684137525917,-99.9720757491378,-35.4245651545136,28.6629947408453,3.62094451181082,4.30366199654605,74.9300255201033
223.083675985826,-137.306794618882,-72.9187285190189,-97.9383642313959,-25.019635712377,-96.2920809709261,-100.598650311715,-36.7081443071665,27.6799217926961,2.6602860803192,4.30656934078895,75.5790145993381
223.1,-138.019124828038,-73.6104351238096,-99.05861344184,-25.4481783180304,-96.9737175673081,-101.281533612509,-36.737591215529,27.6710984886996,2.22292017066921,4.30781604520105,75.8333552944788
223.126412940952,-139.02844765461,-74.7290312534916,-96.9599743379445,-22.230943084453,-94.1685303549562,-98.4762214506718,-40.5522262039386,23.7471901971802,1.51624711272724,4.30769109571551,76.2452783662188
223.162924433385,-140.124477225313,-76.2689898284596,-100.479380186555,-24.2103903580959,-96.6956717804332,-101.003190154292,-39.1212870710212,24.7342003258326,0.523809967736767,4.30751837385904,76.7927997961964
223.2,-140.88743051098,-77.8177039361272,-99.7811652709373,-21.9634613348101,-95.0524227835408,-99.3597657671249,-41.5276647438553,21.5420618309977,-0.421399503812424,4.30734298358414,77.3963044323148
223.256554368009,-141.360033926266,-80.1326729262166,-102.378955952198,-22.246283025981,-96.0975968228241,-100.400128363699,-40.9599055625669,20.2674554374827,-1.97882758849826,4.30253154087518,78.1538453377183
223.3,-141.150956027761,-81.856194370754,-103.671775161973,-21.8155807912187,-96.297993399455,-100.596828741847,-40.5541272859144,18.7406343710925,-3.07494642012617,4.29883534239154,78.7812479506278
223.4,-138.920949141761,-85.5727966193101,-105.7153847174,-20.1425880980896,-95.9966151928863,-100.313333026346,-38.6076161154153,14.7405364070354,-5.40205169105414,4.31671783345925,80.170744928256
223.5,-134.366001864199,-88.8345701410028,-107.213442191183,-18.3788720501805,-95.5154642140747,-99.8151759923348,-34.5508258718645,10.9806058513319,-7.39826619884853,4.29971177826002,81.4363039421543
223.6,-127.894548950116,-91.5346702414161,-109.532273365873,-17.9976031244569,-96.3253476424204,-100.614179359557,-27.2803695905589,9.07950911814103,-8.9180940063159,4.28883171713672,82.6165762351002
223.7,-119.950606025914,-93.6005756179398,-109.226557891756,-15.6259822738163,-95.0680617617856,-99.370078358369,-20.5805276675451,5.76950274042913,-9.85647953338714,4.30201659658341,83.7440960845527
223.785996520644,-112.307793113365,-94.8403115761087,-108.866860056137,-14.0265484800281,-94.359288795033,-98.6665421600735,-13.6412509532911,3.82623058396483,-10.2003178960633,4.30725336504057,84.6399936800454
223.8,-111.021641881265,-94.9946061386073,-110.205585401591,-15.210979262984,-95.6835487925991,-99.9916549011975,-11.029986980067,4.99704876259021,-10.2139305003938,4.30810610859847,84.7806756382135
223.825748575696,-108.637484498113,-95.243781046759,-109.092482119947,-13.8487010731882,-94.5674292968258,-98.8778757244755,-9.75960877363796,3.6340946777165,-10.2146063954717,4.31044642764969,85.0291746512873
223.872578288129,-104.267679167214,-95.5835732877079,-109.33964332507,-13.7560700373624,-94.9258656500626,-99.2405684866673,-5.0271106805468,3.65699519895939,-10.0990748384031,4.3147028366047,85.4844984493049
223.9,-101.707810316614,-95.7158740990693,-109.315192127036,-13.5993180279662,-95.0408650832595,-99.3580603122771,-2.34975000433738,3.64218621320775,-9.95713181475847,4.3171952290176,85.7587422843108
223.936075384011,-98.367307580625,-95.8170098538268,-109.140525944739,-13.3235160909125,-95.0967385223695,-99.416510591052,1.04920301042708,3.59950073722521,-9.72401535368732,4.3197720686825,86.0929945001395
223.99275006453,-93.2463642306607,-95.8154480745236,-110.02790615186,-14.2124580773367,-96.527502720388,-100.851323022201,7.60495879154055,5.03587494767764,-9.17658312965909,4.32382030181323,86.6388649448645
224,-92.6072094391412,-95.8016992182145,-109.780626678257,-13.9789274600425,-96.35935867085,-100.683696830527,8.07648739138546,4.88199761231222,-9.09692984773027,4.3243381596767,86.7047693704842
224.014620048262,-91.331231899452,-95.7649861166128,-108.931137126282,-13.1661510096687,-95.6920491916334,-100.014942714458,8.68371081500567,4.24995659784491,-8.91619441182382,4.32289352282427,86.848791704789
224.034076967721,-89.6627260721674,-95.6979216180255,-106.554341468238,-10.856419850212,-93.5447232592434,-97.8656942040856,8.20296813191823,2.16777258606007,-8.68864726415192,4.32097094484222,87.0092743538736
224.06856293197,-86.7953268293455,-95.5300169728674,-108.71690692936,-13.1868899564925,-96.1666585533702,-100.484221869595,13.6888950402495,4.95420489672759,-8.23268505976495,4.31756331622479,87.2973319131025
224.1,-84.2918050521467,-95.3253034508173,-108.286733738177,-12.9614302873597,-96.1868168461113,-100.501273801386,16.2094687492394,5.17597035056876,-7.78545993679093,4.31445695527475,87.5398435140264
224.143171335747,-81.0600335073067,-94.9702422374871,-107.593851658688,-12.6236094212012,-96.2243007562835,-100.544887083696,19.4848535763889,5.57464484620846,-7.04896457499274,4.32058632741206,87.9212776624944
224.2,-77.2178123340369,-94.3873021666219,-105.505463210528,-11.1181610439058,-95.1649211239015,-99.4935758611797,22.2757635271429,5.1062736945579,-6.01188734934792,4.32865473727827,88.3754148172739
224.275629535599,-72.9497407550608,-93.4452579690067,-105.008076408352,-11.562818439345,-96.2005706905241,-100.533265603419,27.5835248483585,7.08800763441252,-4.47481080493249,4.33269491289512,88.9704471640742
224.3,-71.7949441704737,-93.1098976427306,-104.685892979923,-11.5759953371923,-96.3749170289066,-100.708913826776,28.9139696563028,7.59901618404592,-3.97697915314636,4.33399679786987,89.1329184895842
224.334619658597,-70.3437305894392,-92.6130717068873,-103.151615558992,-10.5385438521047,-95.5459479163127,-99.8867827234258,29.5430521339866,7.27371101653846,-3.26483283556622,4.34083480711303,89.3482388713211
224.38405222553,-68.6692251317678,-91.8722508797492,-101.687168413394,-9.81491753364496,-95.1147732251478,-99.4653718590371,30.7961467272693,7.5931209792879,-2.22179655435706,4.35059863388926,89.6504543253921
224.4,-68.2285363306245,-91.6277166690547,-101.753299390918,-10.1255827218629,-95.5210225361404,-99.8747711441674,31.6462348135429,8.24705447511263,-1.87852824675031,4.35374860802692,89.7491884223044
224.430892689857,-67.5222944306902,-91.1494681250975,-102.042769779996,-10.8933016548983,-96.4777184179071,-100.83069466048,33.3084002297903,9.68122653538298,-1.21207511951532,4.35297624257338,89.9373930055822
224.5,-66.6414630263038,-90.0759575870564,-98.9873386764432,-8.91138108938678,-94.8684140187976,-99.2196624707776,32.5781994444738,9.14370488372117,0.232323794334391,4.35124845197997,90.3082813813908
224.580770222379,-66.841543748886,-88.8625898086706,-98.5428731587507,-9.6802833500801,-96.0913940086085,-100.45280441074,33.6112606618545,11.5902146020699,1.90993125198976,4.36141040213201,90.7725210606604
224.6,-67.0784979935529,-88.5871525672462,-96.8238934434038,-8.23674087615755,-94.7518216187182,-99.1156513783296,32.0371533847767,10.5284988110834,2.29175793492585,4.36382975961138,90.8789105021721
224.62641064837,-67.5262569720827,-88.2202951732988,-98.1660961367168,-9.94580096341807,-96.6383842087735,-101.002999317416,33.4767423453328,12.7827041441167,2.83690318069868,4.36461510864204,91.0571983539974
224.668390220628,-68.5281729209201,-87.6694445228633,-96.4423447564557,-8.77290023359244,-95.763097343177,-100.128960759544,31.6007878386239,12.4595162366807,3.68661600308826,4.36586341636699,91.3560605259515
224.7,-69.5102439264389,-87.2853133749942,-94.2436443306346,-6.95833095564039,-94.1014258723971,-98.4682292395462,28.9579853131073,11.182915864552,4.22458490891161,4.36680336714906,91.5098982839058
224.745438493681,-71.225015343593,-86.7862836205853,-95.3028034048745,-8.51651978428927,-95.9035089523363,-100.266774189389,29.0417588457959,13.4804905688037,4.96397078451439,4.36326523705262,91.7502544050996
224.8,-73.7252253372107,-86.2805824121556,-93.3914510121861,-7.11086860003057,-94.7744196827621,-99.133436413934,25.4082110767232,12.8528540017784,5.74198540174784,4.35901673117185,92.0225678139034
224.867692184007,-77.4004029304726,-85.8122557420123,-94.6006897277504,-8.78843398573805,-96.7253081741949,-101.092124315245,23.6917213847725,15.2798685732327,6.49143458749467,4.36681614105021,92.303690329507
224.9,-79.3471812328814,-85.655670529211,-91.7128412264193,-6.05717069720838,-94.1610086897114,-98.5315472974378,19.1843660645564,12.8758767682268,6.81870607101843,4.37053860772642,92.4743766002294
224.945424208356,-82.2674470030071,-85.5126651859136,-92.0758521285331,-6.56318694261947,-94.8474660688425,-99.2240928333896,16.9566458303825,13.7114276474759,7.14824070485645,4.37662676454705,92.6609058907701
225,-86.0017003341503,-85.463789409883,-92.2117690545887,-6.74797964470562,-95.2916099415643,-99.6755514396018,13.6738511054515,14.2117620297188,7.46378238501316,4.38394149803749,92.9275717948962
225.080067882743,-91.8088188108073,-85.6404845153549,-91.9643707966113,-6.32388628125646,-95.2091704897578,-99.5981466736661,7.78932786285884,13.9576621583113,7.63377587705482,4.38897618390837,93.2742603924097
225.1,-93.2846979516423,-85.730476310545,-92.9558897532844,-7.22541344273938,-96.1838006910734,-100.574030210847,7.28933225920515,14.8435539003024,7.61814045756304,4.39022951977404,93.3486167681081
225.126445916919,-95.2493610063708,-85.8777604229291,-92.0049543047194,-6.12719388179026,-95.2047787098736,-99.5980492687638,4.348688262393,13.7202888458347,7.59309496404445,4.39327055889024,93.4708553869736
225.2,-100.704994952715,-86.4505917059449,-92.4560224620578,-6.00543075611293,-95.4224091304245,-99.8241377376589,-0.880857215056253,13.373546031714,7.36811527560103,4.40172860723435,93.8187069815459
225.27970786217,-106.44492735899,-87.3280989848089,-92.8092194751755,-5.48112049036659,-95.2103010949272,-99.6254735149425,-6.81945384404764,12.2973745301336,6.81625403976705,4.41517242001527,94.1443530245759
225.3,-107.853718391517,-87.5910248598463,-93.8851287317645,-6.29410387191815,-96.0933453646125,-100.511940329086,-7.34177806243115,12.9209154692393,6.62681159732116,4.4185949644731,94.2178364571675
225.335453052189,-110.241736268272,-88.0860173621746,-93.2717344527623,-5.18571709058766,-95.1269911096747,-99.5409192366437,-10.7008170316282,11.4549018744691,6.26918478388146,4.41392812696905,94.3552021460561
225.4,-114.299953600277,-89.0936917906081,-94.8697936246555,-5.77610183404734,-95.9021048267735,-100.307536361821,-13.9924172384557,11.2138445712131,5.43774273716576,4.4054315350477,94.5314345277739
225.467931258458,-118.057153423365,-90.2801398466837,-95.8997006551669,-5.61956080848317,-96.0209994749306,-100.422563733427,-17.6345896899385,10.142423886743,4.52286307825987,4.40156425849612,94.8030029249436
225.5,-119.635232716078,-90.8768367073541,-95.8003141987778,-4.9234774914237,-95.442125558954,-99.8418641675944,-19.7933685484838,8.96502746024028,4.04154996881658,4.39973860864039,94.9183866761707
225.541989560875,-121.493157735005,-91.6864530095399,-98.0783753286972,-6.3919223191573,-97.0495469858153,-101.449200031149,-20.0439577038562,9.7627470216092,3.3708247024519,4.39965304533382,95.0572777119918
225.6,-123.632760059471,-92.8444787679097,-97.7447690090554,-4.90029024114571,-95.8005428445496,-100.200077680384,-23.4326823790878,7.35559891247387,2.45530867132815,4.39953483583403,95.2997874392379
225.661836058315,-125.352849677275,-94.1085280948277,-96.6655060965369,-2.55697800170918,-93.6344430482738,-98.0426462124716,-27.3102034648039,3.93411811764386,1.37714011593468,4.40820316419783,95.4856682107624
225.7,-126.102829839347,-94.8930867550331,-99.0122301749208,-4.11914341988765,-95.3689934766433,-99.782546554584,-26.3202832847628,4.88945979955086,0.770316379663214,4.41355307794075,95.6634031346964
225.742749988934,-126.667376674933,-95.7672732933837,-100.368376121094,-4.60110282771042,-95.9557616842358,-100.370792475423,-26.2965841995104,4.60351918203932,0.00241635432890064,4.41503079118723,95.7696896477126
225.8,-126.936223314047,-96.9162032818655,-101.67409050334,-4.75788722147469,-96.2876266337467,-100.704636351755,-26.2315869622913,3.78843306988981,-0.969454151584884,4.41700971800861,95.9467491302806
225.9,-126.094826820213,-98.8093350332538,-100.597666580319,-1.78833154706537,-93.5880032385393,-98.0003637518439,-28.0944630683691,-0.80897128140991,-2.59730282847528,4.41236051330463,96.2120322047785
226,-123.679275508912,-100.476856927246,-104.231018255057,-3.75416132781078,-95.8078544839643,-100.221707533134,-23.4575679757778,-0.255149394111513,-4.00931072192229,4.41385304917009,96.4675462053236
226.1,-119.915019051019,-101.839923407185,-105.370739705987,-3.53081629880231,-95.7800407270099,-100.204269543999,-19.71074950702,-1.63565386318595,-5.16647016198826,4.42422881698865,96.6734532451963
226.2,-115.042228085127,-102.839018521854,-105.862208346991,-3.02318982513698,-95.4793905699875,-99.9089887640047,-15.1332393211224,-2.93002975784889,-5.95321958298587,4.4295981940172,96.8857989388678
226.3,-109.401787098289,-103.43748848169,-105.694110661083,-2.25662217939374,-94.9417449615807,-99.3804058653443,-10.0213812329446,-4.05708261634533,-6.31370479573907,4.43866090376363,97.1237836859506
226.4,-103.406563252796,-103.625204319439,-105.091289243301,-1.46608492386194,-94.3518346470525,-98.7879543104066,-4.61860894238919,-4.83725000903227,-6.30333493289422,4.43611966335409,97.3218693865446
226.5,-97.3807767281921,-103.416720533777,-104.610315389105,-1.19359485532833,-94.197358221258,-98.6380935035421,1.25731677534992,-4.7786270302345,-5.97222188556283,4.44073528228409,97.4444986482137
226.6,-91.7020093083966,-102.846729763712,-105.650643290797,-2.80391352708455,-95.9611657363171,-100.414782018459,8.71277271006238,-2.43194774525315,-5.2358612723377,4.45361628214188,97.6108684913745
226.7,-86.6929768236414,-101.971566707167,-104.962887414354,-2.99132070718672,-96.25270781854,-100.721980542345,14.0290037187036,-1.24958616482201,-4.24090687200872,4.46927272380499,97.7306598351583
226.8,-82.5998115887951,-100.861483754881,-103.643841751581,-2.7823579967004,-96.1268663062914,-100.574645933187,17.9748343443915,-0.286837821694078,-3.06919581839448,4.44777962689523,97.7922879364862
226.9,-79.6723023509969,-99.5975882146473,-100.112033186874,-0.514444972227082,-94.0154727363948,-98.4648322620799,18.792529911083,-1.13275595256744,-1.64720092479452,4.44935952568513,97.9503872898528
227,-78.1079663660052,-98.2708411091444,-100.230800637402,-1.95995952825763,-95.6355418500205,-100.084022109405,21.9760557433998,1.8131810002606,-0.146778527997029,4.44848025938441,98.1240625811473
227.1,-77.9833813086179,-96.975224032532,-98.0150281074378,-1.03980407490577,-94.9044571751543,-99.3687058675641,21.3853245589463,2.39348183503211,1.35367776012633,4.46424869240981,98.3289017926584
227.2,-79.2558559621477,-95.7999412227891,-99.3880604242428,-3.58811920145374,-97.5609684834705,-102.018629192172,22.7627732300245,6.21868796938315,2.63056876792942,4.45766070870171,98.4305099907185
227.3,-81.747354134512,-94.8210015930125,-95.7756608502353,-0.954659257222758,-94.9553892623495,-99.4156784450013,17.6683243104893,4.59467685198877,3.64001759476601,4.46028918265181,98.4610191877785
227.4,-85.1965161300506,-94.0948230619819,-95.2934400279178,-1.19861696593594,-95.266514375366,-99.7278131491216,14.531297019071,5.6329900871397,4.43437312120376,4.46129877375562,98.5291961831856
227.5,-89.452379820496,-93.6614017205482,-95.5278488154615,-1.86644709491323,-96.074035511329,-100.532296415653,11.0799165951568,6.87089469510461,5.00444760019138,4.45826090432384,98.6658493207396
227.6,-94.2657090923155,-93.5461252789531,-93.1832769193851,0.362848359567991,-94.0117963910639,-98.474238637076,4.20852954476047,4.92811335812291,5.29096171769091,4.46244224601213,98.837086996644
227.7,-99.2801023801512,-93.7534427278721,-95.2824011551446,-1.52895842727243,-95.9054276293797,-100.367528565452,1.08742618530088,6.61408583757999,5.08512741030756,4.46210093607242,98.8385701381797
227.8,-104.187852490566,-94.2642388425539,-95.6983634216647,-1.43412457911086,-95.9688221787634,-100.427720641068,-3.76013184949822,6.1634817985142,4.72935721940334,4.45889846230463,98.9935960619572
227.9,-108.712734317238,-95.0448963167149,-96.0176320440566,-0.972735727341743,-95.5296597119261,-99.9963629859199,-8.71637133131786,4.95146666920496,3.97873094186322,4.4667032739938,99.0236272585781
228,-112.484385086232,-96.0412198720429,-97.4392068429752,-1.39798697093229,-95.9631405978354,-100.429553713151,-12.0548313730808,4.38833384110784,2.99034687017554,4.46641311531532,99.0315667422185
228.1,-115.325389062138,-97.1852628013656,-98.8251578502128,-1.63989504884724,-96.2083151136104,-100.683955338267,-14.6414337238717,3.49869253690096,1.85879748805372,4.47564022465616,99.0440602894193
228.2,-117.099401049476,-98.4030920804332,-99.5035724998333,-1.10048041940011,-95.7569344170851,-100.234757482365,-16.8646435671118,1.83166540193139,0.731184982531275,4.47782306527949,99.1342770629645
228.3,-117.809854636361,-99.6224691194349,-100.427719181268,-0.805250061833561,-95.509913498275,-99.9884524282367,-17.8214022081245,0.365983308801859,-0.439266753031703,4.47853892996176,99.1832023664032
228.4,-117.415819650693,-100.773285062318,-101.104733219275,-0.331448156956824,-95.1568814570131,-99.651313282183,-17.7645063685101,-1.12197178013527,-1.45341993709209,4.4944318251699,99.3198651252262
228.5,-116.011210824191,-101.793085317393,-102.747674146169,-0.954588828776181,-95.8343564389552,-100.334291283202,-15.6769195409892,-1.45879403419079,-2.41338286296697,4.4999348442467,99.3797024544257
228.6,-113.707722791984,-102.628595397937,-102.964914563912,-0.336319165974544,-95.3002664091355,-99.8061341338087,-13.9015886581757,-2.82246126412875,-3.15878043010329,4.50586772467321,99.4698149678342
228.7,-110.655549746893,-103.239529596614,-103.776930303293,-0.537400706678341,-95.4812773073737,-99.9791628397875,-10.6763869071058,-3.26036675682676,-3.7977674635051,4.49788553241372,99.4417621331091
228.8,-107.000328011099,-103.596383751989,-106.300609885539,-2.70422613355041,-97.6965198615952,-102.20140707242,-4.79892093867909,-1.39497667956859,-4.09920281311899,4.50488721082516,99.49718093887
228.9,-103.072724267301,-103.687525418153,-103.463133431424,0.22439198672852,-94.8443105980851,-99.3479873331374,-3.72473693416327,-4.33953808501506,-4.11514609828654,4.50367673505237,99.572379319866
229,-99.0782012724299,-103.519678919957,-103.2346769671,0.285001952857016,-94.7646265790999,-99.2755213446001,0.197320072170214,-4.24415757535682,-3.95915562249981,4.51089476550015,99.5605232974571
229.1,-95.2326078950343,-103.111768372162,-102.779992440621,0.33177593154079,-94.6822498876485,-99.1922029069762,3.9595950119419,-3.91956546518546,-3.58778953364467,4.50995301932767,99.523978838517
229.2,-91.7916663909103,-102.496198238919,-101.720458129718,0.775740109201109,-94.330000112697,-98.8480669066805,7.05640051577029,-3.64813133223822,-2.87239122303711,4.51806679398352,99.6238070158817
229.3,-88.9967394511127,-101.720823784843,-102.915536696162,-1.19471291131904,-96.3557982291506,-100.881225329609,11.8844858784965,-0.83959845523357,-2.03431136655261,4.52542710045864,99.6865124182902
229.4,-87.0106957511365,-100.842440067124,-102.605139017487,-1.76269895036323,-96.896560189401,-101.425387999645,14.4146922485082,0.582947932520653,-1.17975101784258,4.52882781024364,99.6626890492814
229.5,-85.8048489156844,-99.9186263271483,-98.583075170472,1.33555115667623,-93.7614599904234,-98.2882820607983,12.4834331451139,-1.63034426634995,-0.294793109673719,4.52682207037495,99.6238332174745
229.6,-85.4819719527842,-99.0045036727662,-100.211044850603,-1.20654117783731,-96.3270158484884,-100.863310712136,15.3813387593522,1.85880703937023,0.652265861532925,4.53629486364804,99.6567695342991
229.7,-86.059021176919,-98.1573846885439,-98.9761500847212,-0.818765396177298,-95.9625199640898,-100.50462837282,14.445607195901,2.34724368427612,1.52847828809882,4.5421084087303,99.6858629766428
229.8,-87.4541683839806,-97.4280948695491,-98.3238595536201,-0.895764684070997,-95.995846170936,-100.548591495876,13.094423111895,3.12049662632658,2.22473194225559,4.55274532493971,99.6528268118047
229.9,-89.5514072531746,-96.8568708816301,-97.8033090676305,-0.946438186000421,-96.098219478766,-100.658809662452,11.1074024092778,3.80193878082238,2.85550059482196,4.56059018368649,99.712371476452
230,-92.2609035093456,-96.4757615633289,-97.7426322027285,-1.2668706393996,-96.5459724797871,-101.124144793749,8.86324128440356,4.64838323042031,3.38151259102071,4.5781723139621,99.8572741543496
230.1,-95.4301618505579,-96.3078604458414,-96.6470303085327,-0.339169862691236,-95.6490549671689,-100.224761008321,4.79459915776309,3.91690056247953,3.57773069978829,4.5757060411521,99.8855911456297
230.2,-98.7875633236349,-96.3597325205145,-96.571027635818,-0.211295115303585,-95.5253341063432,-100.085125567362,1.29756224372747,3.72539304684793,3.51409793154434,4.55979146101916,99.8738304520588
230.3,-102.120972971354,-96.6221936624908,-97.483626052917,-0.861432390426245,-96.1938367415967,-100.765823993171,-1.35514897818283,4.14363033068065,3.28219794025441,4.57198725157468,99.9043916027452
230.4,-105.239889925965,-97.0740778100967,-96.5538802488933,0.520197561203446,-94.8969837095968,-99.4748327079611,-5.76505721800348,2.40075489786433,2.92095245906778,4.57784899836427,99.9950302691645
230.5,-107.972720092205,-97.6848569026787,-95.3586015016164,2.32625540106224,-93.0733517453283,-97.6576984746088,-10.3150216175962,-0.0271584280699102,2.29909697299233,4.58434672928044,99.983953875671
230.6,-110.103398950803,-98.4117928012089,-100.78717176712,-2.37537896591135,-97.804994800409,-102.375471955992,-7.72792699481097,3.96367915478321,1.58830018887186,4.57047715558308,100.000092990081
230.7,-111.569710032957,-99.2076863195239,-98.2106458469694,0.997040472554559,-94.4048597628861,-98.971378758419,-12.5983312745376,-0.236307561104923,0.760732911449637,4.5665189955329,99.9684192309736
230.8,-112.277888690507,-100.021510565985,-99.4340903489316,0.587420217052951,-94.8537803996396,-99.3936140742943,-12.8842746162128,-0.627896491690251,-0.0404762746372995,4.53983367465473,99.9810342913473
230.9,-112.22722351519,-100.804574349409,-100.691232070432,0.113342278977555,-95.2957134673484,-99.8338480797834,-12.3933754354067,-0.9707262696258,-0.857383990648245,4.5381346124349,99.9471903587609
231,-111.457128842695,-101.510750041082,-101.47426133012,0.0364887109617769,-95.3893448443437,-99.9197921678888,-11.5373366748061,-1.59095787319296,-1.55446916223119,4.53044732354512,99.9562808788506
231.1,-109.94404034673,-102.099137453104,-100.909454063217,1.18968338988753,-94.1678270091032,-98.6970293760429,-11.2470109706866,-3.40210807706143,-2.21242468717389,4.52920236693973,99.8867127659305
231.2,-107.841792675318,-102.533302494353,-102.052968812741,0.480333681611683,-94.9676604587515,-99.5002461274879,-8.34154654783048,-3.03305636686527,-2.55272268525358,4.53258566873636,99.9805798090995
231.281744520112,-105.896287190656,-102.760525845627,-101.731353542804,1.02917230282357,-94.5185980960212,-99.0501613896908,-6.84612580096498,-3.71036445593636,-2.68119215311279,4.53156329366963,100.079333692514
231.3,-105.444824816952,-102.795274307103,-103.693006665697,-0.897732358593785,-96.435329061529,-100.966664034726,-4.47816078222624,-1.82861027237742,-2.7263426309712,4.53133497319698,100.068931676132
231.333674069943,-104.583767483564,-102.843922415485,-104.11467388029,-1.27075146480473,-96.7902874964816,-101.320112890787,-3.26365459277775,-1.52380952469856,-2.7945609895033,4.52982539430506,100.049361425982
231.379135908669,-103.381084904372,-102.877473840525,-102.85853055214,0.0189432883852305,-95.4900313040005,-100.017818684123,-3.36326622024878,-2.8596551564019,-2.84071186801667,4.52778738012245,100.036761972508
231.4,-102.820519660327,-102.880511531575,-101.470668305799,1.40984322577619,-94.1136551255844,-98.6405071868717,-4.18001247345551,-4.24000434470308,-2.8301611189269,4.52685206128733,100.050350412648
231.432583818739,-101.942294648711,-102.869900303155,-103.762467849264,-0.892567546109518,-96.4128800778226,-100.939975370695,-1.0023192780159,-1.92992493245936,-2.82249247856888,4.52709529287254,100.047407824586
231.47839181595,-100.69675135027,-102.823782070562,-102.64131550803,0.182466562532028,-95.3323982327222,-99.8598354729849,-0.83691587728535,-2.96394659757706,-2.78148003504504,4.52743724026266,100.042302035517
231.5,-100.111840486472,-102.789616536555,-99.5208185947491,3.26879794180537,-92.2358156885169,-96.7634142294823,-3.34842625699018,-6.0262023070722,-2.75740436526682,4.52759854096537,100.032212171288
231.527420691037,-99.3712337449384,-102.73509466166,-104.437174278973,-1.70207961731337,-97.1809237470611,-101.70756354025,2.33632979531116,-1.02753112141012,-2.72961073872349,4.52663979318852,100.005483922936
231.563044044976,-98.4153435629182,-102.646029238621,-102.932250442897,-0.286221204275762,-95.7540489382967,-100.279443182591,1.86409961967298,-2.36658605602965,-2.65280726030541,4.52539424429453,99.9932219783154
231.6,-97.4487592834852,-102.532687235564,-102.685121772443,-0.152434536878573,-95.6157444370632,-100.139846538878,2.69108725539243,-2.39284069668658,-2.54527523356515,4.52410210181449,99.9874120019991
231.682440973115,-95.415429399858,-102.209242473656,-103.738906202219,-1.52966372856235,-96.9879228406044,-101.490350147131,6.07492074727315,-0.71889232652498,-2.24855605508733,4.50242730652681,99.9606864185688
231.7,-95.010607231119,-102.12886880909,-102.386558822507,-0.257690013417317,-95.709982695606,-100.20779350746,5.19718627634131,-1.92107530162971,-2.17876531504703,4.49781081185431,99.950103494043
231.724703230353,-94.4613592224635,-102.009637039247,-101.273970435996,0.735666603250706,-94.7208606265365,-99.2197109633152,4.75835174085172,-2.78992607593143,-2.05425947268073,4.49885033677866,99.9553775665659
231.770405085057,-93.5294638456166,-101.771858028093,-102.736116619283,-0.964258591189633,-96.4957031902374,-100.996476685096,7.46701283947934,-0.775381342997392,-1.73963993418703,4.50077349485861,100.032218093906
231.8,-92.9899429120431,-101.607632281557,-99.6323662788574,1.9752660026994,-93.5551929573616,-98.0572118218046,5.06726890976154,-3.55042045975217,-1.57515445705278,4.502018864443,100.032477824504
231.842637743196,-92.2909212387952,-101.359292557069,-102.9328439998,-1.57355144273085,-97.1142483265706,-101.623901057834,9.33297981903921,0.264608500765704,-1.30894294196514,4.50965273126386,100.050349615104
231.9,-91.5144002873228,-101.008303140448,-100.152204076032,0.856099064416256,-94.7433695779914,-99.2632924548154,7.74889216749261,-1.74501068563285,-0.888911621216593,4.51992287682404,100.119391519232
231.961173098448,-90.9111724727315,-100.621094223008,-101.087578890842,-0.466484667834052,-96.0679118772741,-100.571533133566,9.66036066083478,-0.0495610894412835,-0.516045757275336,4.50362125629212,100.105048465732
232,-90.6570534286792,-100.372755261103,-100.217816257816,0.154939003286842,-95.4743396890052,-99.9676142172159,9.31056078853665,-0.405141043886644,-0.250202040599802,4.49327452821068,100.122553220503
232.050845704947,-90.4844112128081,-100.049760627847,-100.311701613121,-0.261940985273625,-95.9231761028956,-100.422104622931,9.93769341012289,0.37234399508398,0.110403009810355,4.49892852003539,100.160163637657
232.1,-90.4645457005409,-99.7446316341232,-99.2355840924321,0.509047541691089,-95.1758289159796,-99.6802233447416,9.2156776442007,-0.0644082893816034,0.444639252309486,4.50439442876205,100.189270886433
232.15475417865,-90.6307556655624,-99.4186519774744,-96.6493339704001,2.76931800707433,-92.9589339333608,-97.4624042222848,6.83164855672243,-1.95624775518964,0.813070251884696,4.50347028892401,100.231722229359
232.2,-90.9090151996958,-99.1647627354471,-98.5786744034986,0.586088331948531,-95.0972926248339,-99.5999992557679,8.6909840560721,0.435236520320728,1.02132485226926,4.50270663093394,100.186087587716
232.257281180067,-91.4139161589052,-98.8682413906264,-99.0013095001125,-0.13306810948616,-95.8259021048166,-100.332162435606,8.91824627670104,1.46392104497986,1.3308529354937,4.50626033078959,100.19909432612
232.3,-91.9083806615905,-98.6683096982558,-97.3966623577398,1.27164734051595,-94.4300808976514,-98.9389914857166,7.03061082412614,0.270681787460845,1.5423291279768,4.50891058806522,100.210638826233
232.351277712982,-92.6108654565527,-98.4554751683126,-96.0691248520055,2.38635031630712,-93.2735466032982,-97.7824354138199,5.17156995726712,-0.67303975449272,1.7133105618144,4.50888881052161,100.168785730127
232.4,-93.3605704141122,-98.2827414681272,-98.0387907439806,0.243950724146629,-95.4039416480845,-99.9128097663469,6.55223935223475,1.63006829821973,1.87401902236635,4.50886811826238,100.156760490494
232.466938851884,-94.5392086301835,-98.095640852276,-96.9016570687929,1.19398378348306,-94.476495853854,-98.9868797008806,4.44767107069713,0.891238848604573,2.08522263208764,4.51038384702656,100.180863484364
232.5,-95.1744257760896,-98.0259199993681,-97.7870584326389,0.238861566729128,-95.4369666046667,-99.9480990712433,4.77367329515364,1.92217907187522,2.16104063860435,4.51113246657658,100.186960637972
232.545379320472,-96.0915464367593,-97.9554894383056,-95.4000962295599,2.55539320874571,-93.1183879398153,-97.6342682669322,1.54272183017289,-0.321221171373381,2.23417203737233,4.51588032711692,100.189661475678
232.6,-97.2366243043197,-97.9099187321607,-99.0235182418689,-1.11359950970821,-96.7684821307402,-101.290077205595,4.05345290127535,3.38015847343431,2.2665589637261,4.52159507485484,100.176477695887
232.7,-99.3667944197837,-97.9358763597026,-97.3901919490764,0.545684410626194,-95.034674169036,-99.5591529950875,0.192358575303757,1.6232766353849,2.16896104601109,4.52447882605153,100.104837405714
232.8,-101.436294048494,-98.0940991602074,-98.046141910123,0.0479572500843375,-95.5336878363995,-100.054564134561,-1.3817299139324,1.9604649743539,2.00842222443823,4.52087629816181,100.102521384646
232.9,-103.3461816116,-98.3695073012033,-99.2863866546462,-0.916879353442894,-96.4988892818201,-101.012829182616,-2.33335242898376,2.64332188141313,1.72644252797024,4.51393990079634,100.095949829174
233,-105.025091521551,-98.7417852622221,-98.4484528632823,0.293332398939768,-95.3517293212249,-99.8780366797447,-5.1470548418062,1.13625141752264,1.42958381646241,4.52630735851982,100.171369078684
233.1,-106.382325166909,-99.1875110364102,-98.1552209354245,1.03229010098563,-94.6463712214906,-99.1704947660897,-7.21183040081894,-0.0170162703204824,1.01527383066515,4.52412354459912,100.202784867075
233.2,-107.31118495954,-99.6784590075165,-100.043734440266,-0.365275432749712,-95.9219309302258,-100.463001313176,-6.8481836463633,0.784542305659798,0.419266872910086,4.54107038295052,100.097725880427
233.288923566582,-107.671497088366,-100.124462422361,-100.891853496304,-0.767391073943458,-96.2956262438874,-100.832782128148,-6.83871496021804,0.708319705787176,-0.0590713681562818,4.53715588426033,100.065391054204
233.3,-107.687465261393,-100.179323643512,-98.6013436310293,1.57798001248287,-93.9495266663397,-98.4861949556263,-9.20127030576707,-1.69312868788587,-0.115148675403006,4.53666828928665,100.064174968109
233.317430844229,-107.700674728408,-100.265027420263,-99.7657870135961,0.499240406667056,-95.0232968193416,-99.5592768007336,-8.14139792767426,-0.705750619529596,-0.20651021286254,4.53597998139202,100.058517207401
233.346817699046,-107.688146200753,-100.40735953876,-101.869916440297,-1.46255690153669,-96.9777308025586,-101.512550357989,-6.17559584276354,1.10519081922948,-0.357366082307209,4.53481955543083,100.049993456453
233.38662622004,-107.60278553036,-100.594648401605,-99.4790348040653,1.11561359753951,-94.3751737975797,-98.908421397062,-8.69436413329757,-1.68622700454281,-0.570613407003307,4.53324759948227,100.024034994601
233.4,-107.555626916211,-100.655841111194,-101.4311317946,-0.775290683405913,-96.2760415630469,-100.80876105969,-6.74686585652144,0.152919948496191,-0.622370734909723,4.53271949664303,100.033470376284
233.417963873225,-107.481415745377,-100.736486940864,-101.483548255192,-0.747061314327397,-96.2488084962234,-100.782038120185,-6.6993776251923,0.045551179320654,-0.701510135006743,4.53322962396167,100.034976805858
233.444865648248,-107.343203946507,-100.853642246622,-100.171257912471,0.682384334151308,-94.8428018351577,-99.3767953996231,-7.96640854688353,-1.47684684699898,-0.794462512847673,4.53399356446533,100.059179733774
233.478253628943,-107.133726391896,-100.992446382186,-101.264592249699,-0.272145867512691,-95.7981722784859,-100.333113974841,-6.80061241705496,-0.659332407345374,-0.931478274858065,4.53494169635499,100.060968107328
233.5,-106.971150263768,-101.078557291856,-102.286684146573,-1.20812685471769,-96.7185961600351,-101.254155396818,-5.71699486694983,0.175598104962333,-1.03252874975536,4.53555923678286,100.0460285421
233.531831104913,-106.696727856587,-101.1978899092,-100.755216834998,0.442673074201906,-95.087358998466,-99.6219528266118,-7.0747750299755,-1.57593708258808,-1.13326400838618,4.53459382814579,100.064625900814
233.569602826312,-106.323776836669,-101.328384524845,-100.818475780797,0.509908744048403,-95.0080892983742,-99.5415375443551,-6.78223929231348,-1.78684698048986,-1.27693823644145,4.53344824598092,100.051446288404
233.6,-105.986201034757,-101.423998534681,-99.6432790022409,1.78071953243975,-93.7260252816192,-98.2585516088008,-7.72764942595572,-3.16544692587986,-1.38472739344012,4.53252632718164,100.039271141241
233.635207192767,-105.552654190817,-101.523543003752,-101.015166061691,0.508376942061204,-95.0151758136323,-99.5480631585895,-6.00459103222794,-1.97547984516225,-1.46710290310105,4.5328873449572,100.056440100651
233.681433818945,-104.93694032978,-101.635099171678,-100.610891863099,1.02420730857905,-94.5221748375284,-99.0555361945395,-5.88140413524026,-2.57956297713805,-1.555355668559,4.53336135701106,100.079743503119
233.7,-104.675835059191,-101.673608985496,-99.8461907549969,1.82741823049946,-93.7047735317468,-98.2383252680769,-6.43750979111408,-3.43528371741947,-1.60786548692001,4.53355173633012,100.065743498576
233.724785686997,-104.312362554052,-101.719238825894,-102.309041014353,-0.589802188459103,-96.126983155128,-100.662358243393,-3.65000431065953,-1.05688058250064,-1.64668277095974,4.53537508826491,100.072556054934
233.770459388087,-103.611696600313,-101.785684384344,-101.586392917483,0.19929146686151,-95.3204551241198,-99.8591901850682,-3.75250641524464,-1.92649419927601,-1.7272027324145,4.53873506094844,100.05848165193
233.8,-103.134959852445,-101.816244188371,-101.577799965616,0.238444222754907,-95.292823214886,-99.833731422453,-3.30122842999226,-1.98251276591809,-1.74406854316318,4.54090820756704,100.072175645208
233.848089413983,-102.336074518138,-101.844889719747,-101.028884012155,0.816005707591273,-94.7032555550881,-99.2406222269229,-3.09545229121541,-2.60426749282382,-1.78826178523255,4.53736667183479,100.056627934514
233.9,-101.445926251977,-101.846390297669,-103.301073624803,-1.45468332713381,-96.9894648791465,-101.523008605763,0.07708235378594,-0.32338169190669,-1.7780650190405,4.53354372661602,100.068325278629
233.966119957171,-100.310594612329,-101.805040318258,-102.885167487436,-1.0801271691777,-96.5999315175725,-101.142435833521,0.831841221192036,-0.662604484737571,-1.74273165391527,4.54250431594821,100.062308664343
234,-99.7300340849305,-101.765661438749,-102.655732343887,-0.890070905137989,-96.4104729506515,-100.95756869653,1.22753461159962,-0.808092742219287,-1.69816364735728,4.54709574587862,100.067497791392
234.1,-98.1081181809174,-101.583015683783,-100.898168651698,0.68484703208496,-94.8908692661924,-99.4301031643027,1.32198498338532,-2.15291251948071,-1.46806548739575,4.53923389811033,100.114950196388
234.187681368309,-96.8339274470153,-101.351628221511,-101.291213306457,0.0604149150538404,-95.4608288694504,-100.00341800995,3.16949056293501,-1.34821021156063,-1.28779529650679,4.54258914049993,100.063832925004
234.2,-96.6649614596674,-101.31447615707,-102.424367910882,-1.10989175381225,-96.6201641169694,-101.163224646044,4.49826318637662,-0.151251511025734,-1.26114326483798,4.54306052907461,100.053332892232
234.217853448686,-96.4249024436825,-101.258770559616,-102.282770213048,-1.02399965343167,-96.5229547366147,-101.065685985954,4.64078354227125,-0.193084573662176,-1.21708422709385,4.54273124933904,100.041686332522
234.248725957373,-96.0313891677285,-101.157545033298,-102.009357875649,-0.851812842351222,-96.386659603345,-100.928821456167,4.89743228843858,-0.228723577130822,-1.08053641948204,4.54216185282215,100.077008613816
234.285448704988,-95.6085166879897,-101.030028407146,-101.821607656147,-0.791579249000563,-96.3208523101032,-100.86233686764,5.25382017965025,-0.167691539506137,-0.9592707885067,4.54148455753672,100.070757618639
234.3,-95.4519670396634,-100.977618962568,-101.342142965432,-0.364524002863831,-95.8981839584739,-100.439400139483,4.98743309981914,-0.538218823085927,-0.902742825949758,4.54121618100859,100.074876136619
234.323041277375,-95.219771637452,-100.892711460385,-99.8794568891241,1.01325457126077,-94.5182352724199,-99.0629206840248,3.84314904657285,-1.82979077636011,-0.816536205099339,4.54468541160493,100.076175255286
234.36964535216,-94.8057520103467,-100.714929204867,-100.902919293373,-0.187990088506353,-95.7144142115969,-100.266116607527,5.46036459717982,-0.448812597340378,-0.636802685846732,4.55170239592967,100.07812651902
234.4,-94.5721364204546,-100.595727998571,-100.508762443509,0.0869655550617381,-95.3991607475898,-99.9554335183002,5.38329709784558,-0.640294480270512,-0.553328925208774,4.55627277071038,100.042399073362
234.43333166727,-94.3441878429155,-100.462507084246,-100.826363347941,-0.363856263694856,-95.855078925329,-100.415133622626,6.07094577971057,-0.0473734616200403,-0.411229725314897,4.56005469729712,100.051277358931
234.493222941995,-94.0457393769622,-100.219860621611,-99.3748770345791,0.844983587031592,-94.6442642158113,-99.2111143848849,5.16537500792269,-1.00874623672586,-0.163762649694263,4.5668501690735,100.056097971916
234.5,-94.0202921044009,-100.192335111303,-100.441595398267,-0.24926028696467,-95.7390765995028,-100.306695717085,6.28640361268444,0.114360605782537,-0.134899681182134,4.56761911758251,100.057435430121
234.512767780378,-93.9771904313958,-100.140519674097,-101.080996710024,-0.940477035926307,-96.4378466313204,-101.005002132756,7.02781170136038,0.864482458658841,-0.0759945772674655,4.56715550143579,100.06452509683
234.53049104517,-93.9296669783908,-100.068781497446,-100.102687969525,-0.0339064720789395,-95.5261488445729,-100.092660789221,6.16299381082995,0.0238792917748043,-0.0100271803041352,4.56651194464783,100.058754317142
234.568511000855,-93.867198003674,-99.916215041887,-99.4400628000225,0.476152241864455,-95.0301200438432,-99.595251430177,5.72805342650295,-0.320963611709999,0.155188630154456,4.5651313863338,100.071403672041
234.6,-93.8610481948291,-99.7920523257111,-99.235632882452,0.556419443259031,-94.9561205120921,-99.5201084883722,5.65906029354312,-0.271943837338839,0.284475605920193,4.56398797628013,100.076527931631
234.638960594314,-93.9126824925077,-99.6424654052634,-99.3493520716214,0.293113333641969,-95.2417179876489,-99.8050943056442,5.8924118131365,0.162628900380838,0.455742234022807,4.56337631799528,100.098207639286
234.7,-94.1128255880901,-99.4204505568328,-98.577512476541,0.842938080291802,-94.6875606923717,-99.2499787278036,5.13715313971353,-0.170471829029239,0.672466251262563,4.56241803543189,100.092916808095
234.8,-94.7364563224484,-99.1006876862535,-99.4035796227818,-0.302891936528312,-95.841739388348,-100.407937197574,5.6714808751253,1.30724951132021,1.0043575747919,4.56619780922574,100.105045261045
234.9,-95.6749363778057,-98.8516377377826,-97.7718369815739,1.07980075620874,-94.4337228123956,-98.9851185378295,3.31018216002376,0.133480800046868,1.21328155625561,4.55139572543388,100.064919294038
235,-96.803437595596,-98.6847857898981,-99.0330753137391,-0.348289523841075,-95.8158073249287,-100.366516685601,3.56307909000532,1.68173089570328,1.33344137186221,4.55070936067267,100.01822716176
235.1,-98.0650929151054,-98.6051578717302,-98.3688161012012,0.236341770528966,-95.1847111520843,-99.7449066511151,1.67981373600972,1.13974877938493,1.3760905499139,4.56019549903084,99.9812484216441
235.2,-99.4008671671456,-98.6129788121357,-99.3839788121988,-0.771000000063111,-96.3027909774921,-100.856964753378,1.45609758623212,2.24398594124207,1.47298594117896,4.55417377588567,100.085964753315
235.3,-100.815419585416,-98.7089340506012,-97.5612604369237,1.14767361367747,-94.3795539261176,-98.9536107726817,-1.86180881273397,0.244676722080484,1.39235033575795,4.57405684656403,100.101284386359
235.4,-102.116394896021,-98.8856562478592,-99.6027303544482,-0.717074106588967,-96.2326345784324,-100.809385399082,-1.30700949693947,1.9237291512228,1.20665504463383,4.57675082064964,100.092311292493
235.5,-103.243614019709,-99.1288399458108,-100.52432240593,-1.39548246011961,-96.8785743129101,-101.450273933176,-1.79334008653295,2.32143398736562,0.925951527246013,4.5716996202663,100.054791473057
235.6,-104.12865990599,-99.4206860386216,-97.6610711038343,1.75961493478728,-93.7142066797916,-98.3111268988036,-5.81753300718644,-1.10955913981799,0.65005579496929,4.59692021901192,100.070741833591
235.7,-104.686309491633,-99.7400120178237,-99.8625283871127,-0.122516369288931,-95.5924405077615,-100.179597345873,-4.5067121457592,0.439585328049617,0.317068958760686,4.58715683811185,100.057080976584
235.8,-104.945513969444,-100.065221641786,-101.076598797806,-1.01137715601953,-96.4285370346875,-101.032002050014,-3.91351191943019,0.966780408227422,-0.044596747792113,4.60346501532636,100.020624893994
235.9,-104.888036224774,-100.375234748954,-100.561655349368,-0.186420600414237,-95.7126436067006,-100.315718810943,-4.57231741383046,-0.0595159380105343,-0.245936538424772,4.60307520424264,100.129298210529
236,-104.635568784029,-100.655489151218,-102.300378630628,-1.64488947941061,-97.2642454488064,-101.878245848216,-2.75732293581292,1.22275669699862,-0.422132782411992,4.6140003994098,100.233356368806
236.1,-104.190234677678,-100.895583540057,-100.931469451542,-0.0358859114851526,-95.7462627217105,-100.364095560912,-3.8261391167658,-0.531487979144813,-0.567373890629966,4.61783283920124,100.328209649427
236.2,-103.627217045226,-101.088071749628,-101.905251791962,-0.81718004233403,-96.5939709219725,-101.204011782481,-2.42320526274554,0.115940032852421,-0.701240009481609,4.61004086050815,100.386831740147
236.3,-102.918844822507,-101.228056717754,-101.900150258571,-0.672093540817059,-96.3980416748872,-101.022992959326,-1.89585186318152,-0.205063758428011,-0.87715729924507,4.62495128443858,100.350899418509
236.4,-102.017577764135,-101.307516847272,-100.317594595437,0.989922251835111,-94.7006628856035,-99.3240733950694,-2.69350436906555,-1.98344345220291,-0.993521200367795,4.62341050946591,100.313995646905
236.5,-101.000140390823,-101.32050308633,-100.3244574366,0.996045649729894,-94.6204228609529,-99.2437796652399,-1.75636072558258,-2.07672342108994,-1.08067777136004,4.62335680428703,100.23982531497
236.6,-99.9237663230726,-101.265362670902,-101.137145355614,0.128217315287586,-95.4743835146341,-100.085762411952,0.161996088879363,-1.17960025894959,-1.05138294366201,4.61137889731791,100.21397972724
236.7,-98.9126740874871,-101.146734430341,-100.220009562614,0.926724867727842,-94.7098965163993,-99.3317961895175,0.419122102030414,-1.81493824082398,-0.888213373096136,4.62189967311822,100.258521057245
236.8,-98.0522261294235,-100.975510393195,-100.781242100196,0.194268292999269,-95.5275614248607,-100.161488911663,2.10926278223921,-0.814021481532194,-0.619753188532925,4.63392748680199,100.355757204662
236.9,-97.3935904215417,-100.767323944532,-100.451777415234,0.315546529298146,-95.3815452080387,-100.017404699545,2.62381427800374,-0.749919244986884,-0.434372715688738,4.63585949150671,100.332951228844
237,-96.9392910392439,-100.536738262733,-99.8792383019865,0.657499960746705,-95.0242453408702,-99.6782875600207,2.73899652077682,-0.858450702712574,-0.200950741965869,4.65404221915045,100.335787520767
237.1,-96.6846632691548,-100.298390750445,-100.944057630616,-0.645666880171689,-96.2986526241195,-100.954891067532,4.27022779837682,0.656500317087065,0.0108334369153766,4.65623844341221,100.30922418736
237.2,-96.6797094517151,-100.066432728102,-100.509660762249,-0.443228034147381,-96.1788431529733,-100.838813397172,4.15910394545651,0.772380669069648,0.329152634922266,4.65997024419835,100.395585363024
237.3,-96.9264520786561,-99.8577388730564,-98.9781038052759,0.879635067780512,-94.8140936389104,-99.4819179021949,2.55546582353882,-0.37582097086144,0.503814096919072,4.6678242632845,100.361552969975
237.4,-97.3115293447364,-99.682926275362,-100.140623059701,-0.457696784338708,-96.0639612321575,-100.716923637305,3.40539429256843,1.03399736194284,0.57630057760413,4.65296240514733,100.259226852966
237.5,-97.8161409213924,-99.5472690809682,-99.8541910121004,-0.306921931132138,-95.9458396856078,-100.603357191442,2.78721627004916,1.05608811047335,0.749166179341216,4.65751750583382,100.296435260309
237.6,-98.4881800421748,-99.458203680695,-101.053798964394,-1.59559528369877,-97.1937707945381,-101.853541591233,3.36536154905781,2.39533791053759,0.799742626838821,4.6597707966945,100.257946307534
237.7,-99.1774306487178,-99.4188125482061,-100.305737715421,-0.886925167214628,-96.3835771096173,-101.03723238946,1.85980174074231,1.61841984125404,0.731494674039411,4.65365527984281,100.150307222245
237.8,-99.8582969394919,-99.4249785019818,-99.4396692526111,-0.0146907506293275,-95.5661689998385,-100.232704838713,0.374407899221026,0.807726336731065,0.793035586101738,4.66653583887442,100.218014088084
237.9,-100.58189302269,-99.4756639011121,-99.2480370404334,0.227626860678683,-95.3975613157626,-100.072028089027,-0.509864933663209,0.596364187914787,0.82399104859347,4.67446677326433,100.299654949706
238,-101.298774011658,-99.5697275566125,-98.7599625723125,0.809764984300017,-94.7724688274589,-99.441622063994,-1.85715194766441,-0.128105492618488,0.681659491681529,4.66915323653511,100.251387048294
238.1,-101.944708985674,-99.7007011403112,-100.732766832464,-1.03206569215311,-96.6991050058495,-101.392101546163,-0.552607439510851,1.69140040585143,0.659334713698314,4.69299654031313,100.36003585401
238.2,-102.499616755297,-99.8625536276421,-100.556122151939,-0.693568524296609,-96.2789141589945,-100.964200959488,-1.53541579580897,1.10164733184546,0.408078807548847,4.68528680049307,100.270632435191
238.3,-102.834232629774,-100.042073416011,-100.966642213532,-0.924568797520294,-96.5359429378198,-101.205458229007,-1.6287744007668,1.16338481299559,0.238816015475294,4.6695152911871,100.280889431487
238.4,-103.039744902704,-100.227474679622,-100.431735750622,-0.204261070999308,-95.8225481720388,-100.507972331648,-2.53177257105659,0.280497652025289,0.0762365810259809,4.6854241596089,100.303711260648
238.5,-103.063749746532,-100.408519290694,-99.9841111671617,0.42440812353243,-95.1522650194131,-99.8510569326427,-3.21269281388932,-0.557462358051367,-0.133054234518937,4.69879191322968,100.275465056175
238.6,-102.87042318617,-100.572562709314,-99.8053030532404,0.767259656073293,-94.7508086051015,-99.451389967389,-3.41903321878122,-1.12117274192468,-0.353913085851389,4.70058136228749,100.218649623462
238.7,-102.489312726545,-100.707325107043,-101.287775246105,-0.580450139061639,-96.1012636362075,-100.806174823278,-1.68313790326752,0.0988497162344544,-0.481600422827185,4.70491118707,100.225724684216
238.8,-101.98372750833,-100.805256303994,-100.235399452979,0.569856851014947,-94.9193336043107,-99.6359108345495,-2.34781667378049,-1.16934546944454,-0.599488618429589,4.71657723023887,100.205767685564
238.9,-101.320252798918,-100.859767570266,-100.681433268927,0.178334301339817,-95.2209711952089,-99.9519851334239,-1.3682676654943,-0.907782436842496,-0.729448135502679,4.73101393821507,100.130319434764
239,-100.548223289546,-100.864411859213,-98.4711310624722,2.3932807967411,-93.00339794447,-97.7396448871421,-2.80857840240436,-3.12476697207127,-0.731486175330176,4.73624694267211,100.132925683883
239.1,-99.7331609569911,-100.818374815252,-98.8435170400556,1.97485777519692,-93.3288547057819,-98.0843803430532,-1.64878061393796,-2.73399447219934,-0.759136697002418,4.75552563727126,100.05923811825
239.2,-98.8857227280612,-100.722015761175,-99.9012847476351,0.820731013539842,-94.3904187705758,-99.1309602794495,0.245237551388229,-1.5910554817255,-0.770324468185663,4.7405415088736,99.9516912929893
239.3,-98.1051768960208,-100.579005223855,-100.899501419053,-0.320496195198572,-95.5885762973306,-100.317257087077,2.21208019105654,-0.261748136777243,-0.582244331975815,4.72868078974672,99.9967608918787
239.4,-97.4816386249539,-100.400829265027,-98.9431753281798,1.45765393684739,-93.7606265196147,-98.4833189145167,1.00168028956287,-1.91751035051045,-0.459856413663061,4.722692394902,99.9409728513641
239.5,-96.9790130196186,-100.197921947749,-100.236632329051,-0.0387103813022804,-95.2249037907885,-99.9576605950571,2.97864757543849,-0.240261352691419,-0.2789717339937,4.73275680426866,99.9189502137548
239.6,-96.695724118728,-99.9821350341794,-98.8710898835522,1.11104515062713,-94.1880276852768,-98.9244069662468,2.22868284751884,-1.05772806793256,0.0533170826945764,4.73637928097,100.035452116874
239.7,-96.6838060872914,-99.7714204772703,-98.1833859541844,1.58803452308597,-93.7060348637017,-98.4446434970067,1.76083740971538,-1.32677698026359,0.261257542822378,4.73860863330505,100.032678020093
239.8,-96.8916363158133,-99.5801113290328,-99.0899037208592,0.49020760817362,-94.8613308971849,-99.5967864631613,2.70515014734796,0.0166751341284339,0.506882742302054,4.73545556597638,100.086994071335
239.9,-97.338188262162,-99.4225423674542,-97.7878702424976,1.63467212495659,-93.6832699040458,-98.403056305752,1.06486804359,-1.0194860617022,0.615186063254399,4.7197864017062,100.037728430709
240,-97.8782419598043,-99.3066517411168,-97.9596291632862,1.34702257783063,-93.9261081571773,-98.6426766533629,0.764434693558613,-0.66397508775394,0.683047490076689,4.7165684961856,99.9896992311935
240.1,-98.4837164855706,-99.2350877361655,-100.257508162935,-1.02242042676913,-96.2061407938589,-100.928438421582,2.44472193601156,1.69335068541672,0.670930258647587,4.72229762772334,99.9060179948131
240.2,-99.0912299367748,-99.2068495440004,-98.1929731993088,1.01387634469164,-94.1161181849233,-98.8437280601443,-0.247501876630537,-0.363121483856148,0.650754860835491,4.72760987522101,99.8576044048359
240.3,-99.6853120682262,-99.2186572733922,-100.070388096616,-0.851730823223363,-95.9639593243315,-100.693883743914,1.00857167568732,1.47522647052128,0.623495647297915,4.72992441958202,99.8421529206901
240.4,-100.286625735551,-99.2674240710164,-98.3094278412531,0.957996229763339,-94.2569164187206,-98.9841261818706,-1.30249955368053,-0.2832978891458,0.674698340617539,4.72720976315003,99.942122411634
240.5,-100.949328218739,-99.3534768732287,-99.3152891483019,0.0381877249267575,-95.2524668673005,-99.9898996571505,-0.959428561588453,0.636422783921773,0.674610508848531,4.73743278984999,100.028087382077
240.6,-101.609349452767,-99.4766494443732,-100.231247774495,-0.754598330121752,-96.0670437983025,-100.801175812009,-0.808173640758014,1.32452636763597,0.569928037514217,4.73413201370667,100.046577481887
240.7,-102.116469099791,-99.6298183618542,-101.168271520516,-1.53845315866194,-96.7826072573571,-101.517718939328,-0.598750160463339,1.88790057747366,0.349447418811721,4.73511168197079,99.9792657806659
240.8,-102.438070570923,-99.7992806999571,-98.661882466753,1.13739823320402,-94.1163296947944,-98.8602373518382,-3.57783321908441,-0.939043348118858,0.198354885085166,4.74390765704376,99.9976355850422
240.9,-102.582753904943,-99.9730988114705,-98.9273186631102,1.04578014836028,-94.1443749231914,-98.8815297319699,-3.70122417297311,-1.09156907950063,-0.0457889311403505,4.73715480877844,99.9273098803301
241,-102.508275656247,-100.137749915278,-100.802418935418,-0.664669020139769,-95.8587409984654,-100.600389925064,-1.90788573118223,0.462640009786398,-0.202029010353371,4.74164892659905,99.9357209049247
241.1,-102.262989733376,-100.282133316614,-99.8160393022924,0.466094014321456,-94.6188307200754,-99.350101465356,-2.9128882680197,-0.932031851257832,-0.465937836936376,4.73127074528068,99.8161954796775
241.2,-101.823208687436,-100.394416256718,-102.195719453282,-1.80130319656381,-96.9704000606968,-101.703572899044,-0.119635788392145,1.30915664232593,-0.492146554237877,4.73317283834734,99.9022697024803
241.288186021473,-101.435533937574,-100.463866462842,-102.003869460264,-1.54000299742178,-96.8119562205736,-101.538735028873,0.103201091298686,1.0748685660307,-0.465134431391078,4.726778808299,99.9987320314508
241.3,-101.385723275811,-100.471196961067,-100.234403507614,0.236793453452748,-95.0431737433701,-99.7690959654161,-1.61662731039516,-0.702100995650738,-0.465307542197991,4.72592222204608,100.005889418869
241.319350520977,-101.302470187217,-100.482243457335,-101.607803870517,-1.12556041318207,-96.3984715704504,-101.126110124196,-0.176360063020894,0.643866666861825,-0.481693746320246,4.72763855374603,100.000549711014
241.348417640577,-101.172887594951,-100.496553420131,-99.9742875518322,0.522265868299101,-94.7584679775539,-99.4886846954152,-1.68420289953552,-1.00786872471616,-0.48560285641706,4.7302167178613,100.010950563714
241.4,-100.93630410998,-100.515172169334,-102.045480488608,-1.53030831927337,-96.8207540411387,-101.555545955644,0.619241845664149,1.04037378630964,-0.48993453296373,4.73479191450538,100.025237636371
241.5,-100.500924729486,-100.527773445547,-101.064269907819,-0.536496462271543,-95.8873583345113,-100.617857363758,0.116932634271677,0.0900839182111071,-0.446412544060436,4.7304990292468,100.081360901487
241.6,-100.035572471479,-100.511746701376,-101.317959255824,-0.806212554447939,-96.029811375684,-100.746137384394,0.710564912914919,0.234390683017949,-0.571821871429989,4.7163260087104,99.9399248299464
241.7,-99.5075871321578,-100.464132471747,-98.3737457512847,2.09038672046253,-93.1868480702591,-97.9023217608613,-1.6052653712965,-2.56181071088601,-0.471423990423474,4.71547369060212,99.9927084813238
241.8,-99.0590879787716,-100.388586482501,-100.648864110789,-0.260277628288492,-95.4959002624005,-100.210712670676,1.151624691904,-0.177873811825037,-0.438151440113529,4.71481240827504,99.9504350423871
241.9,-98.631180537592,-100.289684267662,-100.981084830503,-0.69140056284121,-95.9519786716622,-100.666684875944,2.03550433835218,0.377000608282486,-0.314399954558723,4.71470620428198,99.9752843131029
241.964011725419,-98.4241631101601,-100.216915088623,-100.826837656759,-0.609922568136156,-95.8375078193539,-100.55918396765,2.1350208574901,0.342268879026818,-0.267653689109338,4.72167614829623,99.949261399514
242,-98.318471109161,-100.173686635638,-50.2555278617267,49.918158773911,-45.1698189849266,-49.8954137318445,-48.4230573773165,-50.2782729037932,-0.360114129882191,4.72559474691799,99.8135725057555
242.029077331546,-98.0744535966342,-100.136607016098,-51.4790161946175,48.6575908214804,-45.4914630758776,-50.2161528456205,-47.8583007510136,-49.9204541704774,-1.26286334899693,4.72468976974297,98.873743667101
242.074815230761,-97.1895621817442,-100.063760407968,-51.7955514876455,48.2682089203224,-44.469814485943,-49.1930807497236,-47.9964814320205,-50.8706796582442,-2.60247073792181,4.72326626378064,97.4612896700461
242.1,-96.4517090931904,-100.010694841368,-52.2949486589347,47.7157461824331,-44.2359993529171,-48.9584817881925,-47.4932273049979,-51.0522130531753,-3.3364668707422,4.72248243527547,96.6742279706257
242.132550628881,-95.2348216329373,-99.9228626735003,-55.2661190121383,44.6567436613621,-46.2986663611575,-51.0246992938124,-44.2101223391249,-48.8981633796879,-4.24141971832586,4.72603293265487,95.6814429551745
242.2,-91.8359267369453,-99.6490031215832,-55.6892405806244,43.9597625409589,-45.1265852164312,-49.8599752670168,-41.9759514699285,-49.7890278545664,-5.82926531360756,4.73339005058558,93.8197378079757
242.262368506614,-87.7641564350333,-99.2554164685508,-55.4818943833264,43.7735220852244,-43.5623485206716,-48.2994386897889,-39.4647177452444,-50.955977778762,-7.18245569353754,4.73709016911726,92.0729607750133
242.3,-84.9017807877548,-98.9398511176839,-57.4918597224096,41.4479913952743,-44.8341258062862,-49.5734485282352,-35.3283322595197,-49.3664025894487,-7.91841119417445,4.73932272194897,91.0214399235094
242.344624898888,-81.1534715922603,-98.4800344919925,-59.1252307533359,39.3548037386566,-45.7529716403335,-50.4810687039817,-30.6724028882787,-47.9989657880108,-8.64416204935423,4.7280970636482,89.8358724426382
242.4,-76.0566921873461,-97.7697311642438,-60.7557972157479,37.0139339484959,-46.6734502633896,-51.3876173915325,-24.6690747958136,-46.3821137727113,-9.3681798242154,4.71416712814284,88.4015513400284
242.470487315266,-69.0182693325744,-96.6269228571386,-60.6923757955393,35.9345470615993,-46.0661852332169,-50.7756409451012,-18.2426283874732,-45.8512819120375,-9.91673485043817,4.70945571188421,86.7101880067004
242.5,-65.9450324875575,-96.0664566278736,-58.293810723709,37.7726459041646,-43.5357737632541,-48.2432568288237,-17.7017756587338,-47.8231997990499,-10.0505538948853,4.70748306556955,86.0159027329883
242.546055750587,-61.032864427277,-95.0940482446858,-58.1407783915386,36.9532698531472,-43.2371032024366,-47.9460907312178,-13.0867736960592,-47.147957513468,-10.1946876603207,4.70898752878126,84.8993605843651
242.6,-55.1843541001431,-93.8039512746313,-61.566516350755,32.2374349238763,-46.7134460773022,-51.4241957560363,-3.76015834410684,-42.379755518595,-10.1423205947187,4.71074967873412,83.6616306799126
242.667792712786,-47.8559768979162,-91.9577066580535,-60.2801044288343,31.6776022292192,-45.8457154860824,-50.5561479066309,2.70017100871469,-41.4015587514226,-9.72395652220339,4.71043242054852,82.2337501358501
242.7,-44.4513765227409,-90.9970864347125,-60.2320470732883,30.7650393614242,-46.0829142960771,-50.7931959920848,6.34181946934392,-40.2038904426277,-9.43885108120347,4.71028169600771,81.558235353509
242.751890909079,-39.1131295046316,-89.3441285755452,-58.3475503203583,30.9965782551868,-44.7631551242618,-49.4717865792809,10.3586570746493,-39.8723419962642,-8.87576374107741,4.70863145501914,80.4683648344677
242.8,-34.4065687338604,-87.7046720264405,-60.4319467198009,27.2727253066396,-47.5488071693716,-52.2559086532422,17.8493399193818,-35.4487633731983,-8.1760380665587,4.70710148387065,79.5286339598818
242.869793390489,-28.1180420728331,-85.1678693601534,-57.7103236783936,27.4575456817599,-45.9995994250026,-50.7153046566672,22.5972625838341,-34.4525647034862,-6.99501902172634,4.71570523166459,78.1728503384271
242.9,-25.632829681061,-84.0204604545373,-58.021852751088,25.9986077034493,-46.9179447595614,-51.6373736969827,26.0045440159216,-32.3830867575546,-6.38447905410533,4.71942893742126,77.6359814004319
242.944433015868,-22.2762276156729,-82.2888129355314,-54.6345927235707,27.6542202119607,-44.4440564690366,-49.1724870647853,26.8962594491123,-33.1163258707462,-5.46210565878547,4.72843059574864,76.826707276746
243,-18.6141903746984,-80.0664284983839,-53.9779173514427,26.0885111469412,-45.003946443501,-49.7436343216032,31.1294439469047,-30.3227941767808,-4.23428302983954,4.73968787810217,75.8321454685444
243.062491092005,-15.280296043624,-77.520423395538,-54.0413657126727,23.4790576828653,-46.6140883664694,-51.3470519592847,36.0667559156607,-26.1733714362533,-2.69431375338807,4.7329635928153,74.8261096421499
243.1,-13.7195592649722,-75.9834799106815,-51.5303518249853,24.4531280856963,-45.0157521998941,-49.7446796878812,36.025120422909,-26.2388002228003,-1.78567213710404,4.72892748798709,74.1978077735775
243.170084672586,-11.6913942807209,-73.1271581194793,-48.9230522067018,24.2041059127775,-44.1481585111163,-48.8785192993843,37.1871250186634,-24.248638820095,-0.044532907317496,4.73036078826797,73.0826252121618
243.2,-11.1905492567826,-71.9245224237674,-49.4248440764131,22.4996783473543,-45.4243386272347,-50.1553112132839,38.9647619565013,-21.7692112104836,0.730467136870729,4.73097258604918,72.6549895606382
243.23622538291,-10.8853291288005,-70.4898777546303,-49.2136960779705,21.2761816766599,-46.0974927842968,-50.8310941892725,39.945765060472,-19.6587835653578,1.61739811130206,4.73360140497575,72.1072758659324
243.287825683901,-11.003544962956,-68.5004344340543,-46.9082396284416,21.5921948056127,-45.068380707139,-49.8057266646071,38.8021817016511,-18.6947077694471,2.89748703616551,4.73734595746816,71.3979214702198
243.3,-11.1274902578026,-68.0422016171378,-46.1043072452577,21.9378943718801,-44.5557868762694,-49.2940163046635,38.1665260468609,-18.7481853124744,3.18970905940574,4.73822942839406,71.2319106765436
243.322294750263,-11.4474271193488,-67.2156310288309,-46.3552015693749,20.860429459456,-45.3390931279343,-50.0804694136441,38.6330422942953,-17.1351616151868,3.72526784426918,4.74137628570978,70.9408988731
243.361112532727,-12.2851702186248,-65.8192602329139,-46.322345964467,19.4969142684469,-46.1512794325211,-50.8981347669435,38.6129645483187,-14.9211254659703,4.57578880247655,4.74685533442242,70.3950490353904
243.4,-13.4592752951979,-64.4811365495281,-45.2185749481523,19.2625616013758,-45.8674108385915,-50.6197550575913,37.1604797623935,-13.8613814919368,5.40118010943905,4.75234421899984,69.8823166589671
243.450977598886,-15.490697297297,-62.830449521956,-44.195674834149,18.634774687807,-45.8385213835648,-50.5879714501613,35.0972741528643,-12.2424780717947,6.3922966160123,4.74945006659654,69.2227461379683
243.5,-17.9264712941415,-61.3656326468827,-42.4114608865071,18.9541717603756,-44.8636041243744,-49.6102710410561,31.6837997469146,-11.7553616058266,7.19881015454901,4.74666691668167,68.5644428014317
243.571375448412,-22.2290649226877,-59.4690310104565,-41.6422227914349,17.8268082190216,-45.1387375453781,-49.8923439414624,27.6632790187747,-9.57668706899412,8.2501211500275,4.75360639608424,67.719152160484
243.6,-24.1775989869259,-58.7923094869245,-40.8884754319592,17.9038340549653,-44.7100203086866,-49.4664097273728,25.2888107404469,-9.32589975955165,8.57793429541361,4.75638941868618,67.3702437823381
243.63868939236,-26.9822626551495,-57.9573131290511,-42.8700557078883,15.0872574211629,-47.0735477523545,-51.8306697908082,24.8484071356588,-6.12664333824289,8.96061408291996,4.75712203845379,66.9179272119711
243.687561678554,-30.7678170533036,-57.0367554298372,-40.3427993972393,16.693956032598,-44.8842915009299,-49.6423389817535,18.8745219284499,-7.3944164480837,9.29953958451426,4.75804748082363,66.3362950143515
243.7,-31.7643164535924,-56.8267154883447,-42.1928081959414,14.6339072924034,-46.811027442498,-51.5693104545516,19.8049940009591,-5.25740503379318,9.3765022586102,4.75828301205355,66.2032177469549
243.721287292729,-33.4995448798662,-56.49020324029,-38.4066986053521,18.0835046349379,-43.1276770709972,-47.8877897451053,14.3882448652391,-8.60241349518477,9.48109113975316,4.76011267410806,65.9712943800432
243.751587506065,-36.0286547756077,-56.0613420558337,-40.5267244894819,15.5346175663519,-45.3702782860416,-50.1329952908782,14.1043405152705,-5.92834676495556,9.60627080139632,4.76271700483662,65.6676128572301
243.791997331459,-39.4780851513267,-55.5810319478664,-41.2013259637423,14.3797059841241,-46.1175572696087,-50.8837475354698,11.4056623841431,-4.6972844123966,9.68242157172752,4.76619026586103,65.2634535195939
243.8,-40.1707168034268,-55.4982884986638,-39.6635668681142,15.8347216305496,-44.5812473168622,-49.348125419319,9.17740861589219,-6.15016307934481,9.68455855120476,4.76687810245683,65.1828470498686
243.816485406964,-41.6036104824512,-55.3406742522001,-40.7121618226682,14.628512429532,-45.6315478171032,-50.3996331495175,8.79602266706628,-4.94104110268267,9.68747132684929,4.76808533241427,65.0281455790494
243.840867857915,-43.7347884506849,-55.1390534695277,-40.1875240627076,14.95152940682,-45.061856997828,-49.8317278624581,6.09693941177324,-5.30732560706956,9.64420379975048,4.76987086463014,64.7832572692782
243.9,-48.9018182003925,-54.8031669475804,-41.2887581336393,13.5144088139411,-45.9340713380524,-50.7082724623802,1.80645426198762,-4.09489448520025,9.41951432874088,4.77420112432773,64.2226812763213
243.986622875191,-56.3317080591828,-54.685287051641,-41.9125170559118,12.7727699957292,-45.9567675418673,-50.7282552808019,-5.60345277838084,-3.95703177083904,8.81573822489013,4.77148773893461,63.5010252765311
244,-57.448428030061,-54.7046227574318,-40.6103039171645,14.0943188402673,-44.5210329251819,-49.2921016374451,-8.15632639261583,-5.41252111998666,8.68179772028063,4.77106871226322,63.3864204777124
244.043554463703,-60.9831829249869,-54.8326895867383,-42.0850839517897,12.7476056349485,-45.4762153658978,-50.2506744102934,-10.7325085146935,-4.58201517644482,8.16559045850369,4.77445904439565,62.9982800452419
244.1,-65.2817848190814,-55.1367758536831,-41.9258815139508,13.2108943397324,-44.5522346399883,-49.3310874731985,-15.9506973458828,-5.80568838048462,7.40520595924775,4.77885283321022,62.5419818129309
244.164675376442,-69.7525621727378,-55.6550715197535,-41.368412965378,14.2866585543755,-42.9863264008153,-47.757497174515,-21.9950649982229,-7.89757434523856,6.38908420913695,4.77117077369974,62.0441557288905
244.2,-71.9579262771503,-56.0047108172266,-44.6139223200246,11.390788497202,-45.623647884505,-50.3906228440435,-21.5673034331068,-5.61408797318305,5.77670052401891,4.76697495953851,61.7814113412455
244.250715438426,-74.7781846628462,-56.5759811275089,-45.0647825336946,11.5111985938142,-45.082824284127,-49.8531058891999,-24.9250787736463,-6.72287523830899,4.78832335550526,4.77028160507289,61.3643044830141
244.3,-77.0787422377817,-57.1948218824604,-45.8072954325121,11.3875264499483,-44.8208338267268,-49.594328784193,-27.4844134535887,-7.60049309826736,3.78703335168093,4.77349495746618,60.9818552341413
244.37994868181,-79.8582168397774,-58.2906623468789,-46.7864837860773,11.5041785608016,-44.1331976159726,-48.9188196977174,-30.93939714206,-9.37184264916151,2.13233591164008,4.78562208174476,60.4229982585189
244.4,-80.3583543467459,-58.5766905018666,-48.9075644854185,9.6691260164481,-45.8412256593955,-50.6298892525466,-29.7284650941993,-7.94680124932006,1.72232476712804,4.78866359315106,60.2990152689947
244.4314184046,-80.9842210454452,-59.0290787748028,-49.7955016858979,9.23357708890482,-46.069067557567,-50.8597980121665,-30.1244230332787,-8.16928076263626,1.06429632626856,4.7907304545995,60.0933751010713
244.485300063911,-81.5931103632579,-59.8061805789118,-51.0616939917437,8.74448658716807,-46.1585884100829,-50.9528634725588,-30.640246890699,-8.85331710635297,-0.108830519184899,4.79427506247592,59.6973500597269
244.5,-81.6541521434459,-60.0162068924185,-49.501474849052,10.5147320433666,-44.3005564873107,-49.0957985858785,-32.5583535575674,-10.92040830654,-0.405676263173426,4.7952420985678,59.6105306292451
244.530204131896,-81.6482816919249,-60.4421763304905,-50.1314062646475,10.310770065843,-44.3619084195884,-49.1508150478157,-32.4974666441092,-11.2913612826748,-0.980591216831776,4.78890662822726,59.4615851136587
244.561899889503,-81.4582404247001,-60.8782018765147,-51.5210135856901,9.35718829082465,-45.1011474505651,-49.8834057323696,-31.5748346923305,-10.9947961441451,-1.63760785332046,4.78225828180453,59.2405940231943
244.6,-80.9661054820011,-61.3821405965445,-51.5820505714682,9.80009002507631,-44.417670839961,-49.1919374297396,-31.7741680522615,-12.1902031668049,-2.39011314172861,4.77426658977858,58.9920274548159
244.654830580628,-79.7870400386279,-62.0565868005599,-53.0609037690606,8.99568303149933,-44.9363073032106,-49.7083160808579,-30.0787239577699,-12.348270719702,-3.35258768820264,4.7720087776473,58.7039991123573
244.7,-78.4328356838508,-62.5566591681878,-52.7037369015809,9.85292226660698,-43.8475396340241,-48.6176884265709,-29.81514725728,-13.938970741617,-4.08604847501,4.77014879254676,58.4706106931778
244.781023710159,-75.180155442833,-63.2997142081789,-54.9771997002022,8.32251450797666,-45.0537900394089,-49.823027127595,-25.357128315238,-13.4766870805839,-5.1541725726072,4.76923708818617,58.1455416355717
244.8,-74.2961760476061,-63.4416767450842,-54.5657968365473,8.87587990853689,-44.4032603512631,-49.1722839122464,-25.1238921353597,-14.2693928328378,-5.39351292430093,4.7690235609833,58.0481638207833
244.857546656727,-71.3234257476505,-63.7906796328974,-54.7545822882625,9.03609734463493,-43.9476063985252,-48.7136816207498,-22.6097441269007,-15.0769980121475,-6.04090066751262,4.76607522222462,57.7497789653848
244.9,-68.8892251021506,-63.9649344077986,-55.8068629415502,8.15807146624839,-44.6047743708955,-49.3686745434382,-19.5205505587124,-14.5962598643604,-6.43818839811202,4.76390017254276,57.5267460096866
244.949744523548,-65.8096001064431,-64.0741583063587,-56.4132034457265,7.66095486063222,-44.917515093186,-49.6763398624926,-16.1332602439505,-14.3978184438661,-6.73686358323385,4.75882476930662,57.3372947231248
245,-62.5370744649848,-64.0774578972799,-58.5893506727596,5.48810722452028,-46.9303627770216,-51.6840600108806,-10.8530144541042,-12.3933978863993,-6.90529066187899,4.75369723385896,57.1721672354009
245.047961428647,-59.3150318368669,-63.9795759924116,-56.5505604989297,7.42901549348187,-44.7715892616588,-49.5308201238635,-9.78421171300339,-14.448755868548,-7.01974037506618,4.75923086220473,56.9598356173454
245.1,-55.7181107007818,-63.7619159579445,-56.64692644992,7.11498950802454,-44.8181264049222,-49.583361302487,-6.13474939829478,-14.1785546554576,-7.06356514743302,4.76523489756479,56.6983508105115
245.159957687633,-51.5289184812102,-63.3692152487705,-57.3660667524743,6.00314849629623,-45.6624720930649,-50.4262009812952,-1.10271749991506,-12.9430142674753,-6.93986577117909,4.7637288882303,56.4293494775914
245.2,-48.750985699912,-63.024981876627,-55.4451680417988,7.57981383482817,-43.9416227929748,-48.7043459036546,-0.0466397962573808,-14.3206359729724,-6.74082213814425,4.76272311067984,56.2841597384828
245.264778859603,-44.3824439954468,-62.3369706347142,-56.377095168623,5.95987546609116,-45.2938399059532,-50.0568979640489,5.67445396860204,-12.2800726706653,-6.32019720457414,4.76305805809568,56.01677343014
245.3,-42.1014401224784,-61.8992994196617,-55.5194888519742,6.37981056768749,-44.7593648729403,-49.5226050464673,7.42116492398886,-12.3766943731944,-5.9968838055069,4.76324017352702,55.9024156141548
245.352331879148,-38.8816128907505,-61.1738561681102,-54.6519416523359,6.52191451577431,-44.3998715972438,-49.1716357383962,10.2900228476457,-12.002220429714,-5.4803059139397,4.77176414115237,55.6935502541705
245.4,-36.1520319551808,-60.4426675771373,-54.4861464801323,5.95652109700502,-44.7623952253471,-49.5419236877034,13.3898917325225,-10.9007438894339,-4.94422279242891,4.77952846235628,55.4984447847084
245.467880617621,-32.6808250346661,-59.3032716401774,-54.2824137832138,5.02085785696364,-45.5203819637041,-50.3020286772428,17.6212036425766,-9.00124296293465,-3.98038510597102,4.78164671353867,55.3228865342064
245.5,-31.2475921698818,-58.7313109828638,-53.6325623680707,5.09874861479311,-45.3378827768904,-50.1205317930316,18.8729396231498,-8.6107791898322,-3.51203057503909,4.7826490161412,55.2192804078247
245.541061360529,-29.6154969129705,-57.9764078784141,-50.552999945611,7.42340793280307,-42.8639762481666,-47.6365182172153,18.0210213042448,-10.3398896611988,-2.91648172839573,4.77254196904869,55.0599261500184
245.587378782519,-28.0602951183026,-57.1009438355451,-52.5708764255507,4.53006740999444,-45.5956032210291,-50.3567443899281,22.2964492716255,-6.74419944561696,-2.21413203562253,4.76114116889909,54.8868117999226
245.6,-27.6877670510831,-56.859232014817,-51.8332980868176,5.02593392799936,-45.0604174832985,-49.8184520030802,22.1306849519971,-7.04078001173676,-2.0148460837374,4.75803451978173,54.8443859310796
245.617534337634,-27.2086472402083,-56.5218361700239,-52.2181539605158,4.30368220950808,-45.7093478473251,-50.4660228447286,23.2573756045203,-6.05581332529529,-1.75213111578721,4.75667499740356,54.7697050542367
245.637962362533,-26.706424196888,-56.1270661859279,-50.5071372372089,5.61992894871895,-44.3259841714638,-49.081075284858,22.37465108797,-7.04599090106982,-1.42606195235087,4.75509111339422,54.701004233577
245.665573092052,-26.1287640178268,-55.5920413626681,-50.947240439512,4.6448009231561,-45.2233831390719,-49.9763334584742,23.8475694406474,-5.61570790419394,-0.970906981037835,4.75295031940227,54.6211343816303
245.7,-25.5734810990435,-54.9256055977296,-51.6014370034638,3.32416859426578,-46.4160554575064,-51.1663364914903,25.5928553924468,-3.75926910623928,-0.435100511973502,4.75028103398393,54.4905050857561
245.740286071749,-25.1484395718189,-54.1517196259605,-48.3795773353326,5.77214229062796,-43.827831975153,-48.578601129151,23.430161557332,-5.57311849680956,0.199023793818398,4.75076915399793,54.3507434197789
245.8,-24.9854331372866,-53.0294074347183,-48.4077242654976,4.62168316922072,-44.8132712965187,-49.5647639651763,24.5793308278897,-3.46464346954197,1.15703969967875,4.75149266865766,54.186447134397
245.865066249027,-25.4589006685457,-51.8617272217288,-47.6413865375211,4.22034068420776,-45.1155940108211,-49.8651236493247,24.406222980779,-1.99660357240412,2.22373711180364,4.74952963850359,54.0854643335325
245.9,-25.9943396002001,-51.2675567842095,-45.45280378444,5.81475299976959,-43.4443637726369,-48.1928394698487,22.1984998696486,-3.07471731436087,2.74003568540871,4.74847569721176,54.0075924696183
245.963041752795,-27.4060374600251,-50.2677201646499,-46.9226007481441,3.34511941650582,-45.7606195692728,-50.5187055345623,23.1126680745371,0.250985369912343,3.59610478641817,4.75808596528952,53.8638249510681
246,-28.4864235501327,-49.7311797737286,-44.425624410434,5.30555536329467,-43.7231414925231,-48.4868614804654,20.0004379303328,-1.2443182932632,4.06123707003147,4.7637199879423,53.7924168437601
246.047722467089,-30.134142950895,-49.0993772299389,-44.7503064669385,4.34907076300032,-44.5785820217497,-49.3399449413749,19.2058019904799,0.240567711436078,4.5896384744364,4.76136291962525,53.6890157043753
246.1,-32.2439824052925,-48.4931772033345,-44.7758318794922,3.7173453238423,-45.116806045752,-49.8755869170458,17.6316045117533,1.38240971371131,5.09975503755361,4.75878087129382,53.5929322408881
246.166846690819,-35.3256133299976,-47.859397638215,-45.3027291247641,2.55666851345096,-46.1391217164691,-50.8969152210552,15.5713018910577,3.03751758284019,5.59418609629115,4.75779350458609,53.4535837345062
246.2,-36.992078864873,-47.6068613683752,-44.0945901241594,3.51227124421581,-45.121882136257,-49.8791859460903,12.8871070812173,2.27232457771508,5.78459582193089,4.7573038098333,53.3914571903061
246.240094196504,-39.1095991672722,-47.3579755858884,-43.7046751305748,3.65330045531364,-44.9144939543332,-49.6683115853267,10.5587124180545,2.31033599943828,5.96363645475192,4.75381763099344,53.3216120406403
246.3,-42.4262289051761,-47.1032102760524,-43.4051662292528,3.69804404679957,-44.7658256321001,-49.514434470731,7.08820556555492,2.4112241946786,6.10926824147818,4.74860883863093,53.2124785175306
246.379695932489,-47.0134171157015,-46.981865909748,-43.9479373925549,3.03392851719305,-45.3286851831174,-50.072546630337,3.05912951463549,3.09068072058903,6.12460923778208,4.74386144721962,53.1064751475301
246.4,-48.1968985758631,-46.9901543370047,-44.6800465407121,2.31010779629268,-46.0267555101261,-50.7694074683203,2.57250889245725,3.7792531313156,6.08936092760828,4.74265195819422,53.079515264613
246.425854537814,-49.7047457442738,-47.0232662301044,-44.6533871785039,2.36987905160048,-45.9321264551065,-50.6746144224411,0.969868678167273,3.65134819233667,6.02122724393715,4.7424879673346,53.0444934740415
246.46528053809,-51.9822975974403,-47.1212762694656,-42.3041809306017,4.81709533886396,-43.4345055737062,-48.1767434687431,-3.80555412869715,1.05546719927747,5.87256253814144,4.74223789503691,52.9938388076071
246.5,-53.9602348080545,-47.2535615778814,-45.0494222918009,2.20413928608051,-45.981434860618,-50.7234525361157,-3.23678227193876,3.46989095823427,5.67403024431479,4.74201767549768,52.9275918221962
246.561535479991,-57.316195012094,-47.5874601580886,-45.3472439994867,2.24021615860183,-45.7804284803346,-50.5240380635381,-6.79215694855593,2.93657790544948,5.17679406405131,4.74360958320347,52.7642542221399
246.6,-59.2835398536824,-47.8554677190928,-47.6250216499181,0.230446069174675,-47.7270873074363,-52.4716919582952,-6.81184789538717,4.61622423920244,4.84667030837711,4.74460465085895,52.7021380274699
246.652044471432,-61.7759367801097,-48.2829256818759,-45.902670478165,2.38025520371083,-45.5365189498216,-50.2798137413557,-11.496123038754,1.99688805947984,4.37714326319067,4.74329479153414,52.6600689450665
246.7,-63.8755114855166,-48.7353664737143,-44.9944783662347,3.74088810747962,-44.0842974591796,-48.8263853022225,-15.0491261832941,0.0910188285081759,3.8319069359878,4.74208784304294,52.5672734097021
246.765078483139,-66.3433706309919,-49.4236465990309,-45.9000049599775,3.52364163905332,-44.1593704176405,-48.8955432505589,-17.447827380433,-0.528103348472001,2.99553829058132,4.73617283291838,52.4191848896122
246.8,-67.4608855522181,-49.8209892290459,-46.486631646842,3.3343575822039,-44.2665392864245,-48.9995380882986,-18.4613474639195,-0.8214511407473,2.5129064414566,4.73299880187407,52.3338956705025
246.853713473087,-68.8850083819007,-50.4593681275263,-49.7083731446701,0.750994982856213,-46.7714881217006,-51.5045889360176,-17.3804194458831,1.04522080849126,1.79621579134747,4.73310081431699,52.2555839188738
246.9,-69.8289965637101,-51.0269085936691,-48.0825621965437,2.94434639712548,-44.5533967766297,-49.2865854981591,-20.5424110655511,-1.74032309551008,1.2040233016154,4.73318872152934,52.2309318952845
246.953173193925,-70.5845720973328,-51.687443548498,-49.448190553031,2.23925299546691,-45.1816423812591,-49.916494698387,-20.6680773989458,-1.77094885011096,0.468304145355951,4.73485231712787,52.1557476938539
247,-70.9420981066924,-52.2669711025667,-51.9715525009544,0.295418601612269,-47.043423623091,-51.779740980453,-19.1623571262393,-0.487230122113708,-0.191811520501439,4.73631735736201,52.0751595820653
247.056529179136,-70.9908268822921,-52.9508968568941,-51.8742933672331,1.07660348966107,-46.2194764041399,-50.9504043079231,-20.040422574369,-2.00049254897103,-0.923889059309957,4.7309279037832,52.0270077975842
247.1,-70.7447052913244,-53.4566565389243,-52.3937995643287,1.06285697459558,-46.1644862127525,-50.8912696379733,-19.853435653351,-2.56538690095097,-1.50252992635539,4.72678342522079,51.9541266125689
247.149970296874,-70.180098207067,-54.0073692794344,-52.8248658222166,1.18250345721775,-46.0407622472293,-50.7599647741977,-19.4201334328693,-3.2474045052367,-2.06490104801895,4.71920252696834,51.9424682314154
247.2,-69.3238634037521,-54.5179009168746,-53.3876508601668,1.13025005670784,-46.0353887307643,-50.7470013470713,-18.5768620566808,-3.77089956980328,-2.64064951309543,4.71161261630703,51.8772514037792
247.3,-66.7548420995912,-55.3839925552671,-52.4195225308538,2.96447002441327,-44.0276659577615,-48.7442624026978,-18.0105796968934,-6.63973015256927,-3.675260128156,4.71659644493629,51.7087324271111
247.4,-63.2362417421567,-55.9991880237513,-54.7900161727047,1.20917185104654,-45.6679192595,-50.4022425639935,-12.8339991781632,-5.5969454597578,-4.38777360871126,4.73432330449344,51.61141441504
247.5,-59.0132563739367,-56.3270057819613,-54.9599902815227,1.36701550043858,-45.4356619006429,-50.1598048950307,-8.85345147890596,-6.16720088693054,-4.80018538649195,4.72414299438785,51.5268203954693
247.6,-54.3814856050941,-56.3506463371573,-54.508925578735,1.84172075842228,-44.7992225800265,-49.5011673614474,-4.88031824364672,-6.84947897570994,-5.00775821728766,4.70194478142083,51.3428881198696
247.7,-49.6085718771511,-56.0711988658038,-56.2506958488799,-0.179496983076056,-46.7597273446793,-51.4708476880183,1.86227581086716,-4.60035117778549,-4.77984816086155,4.711120343339,51.2913507049423
247.8,-44.9892307196572,-55.5098760054022,-53.683255438562,1.82662056684016,-44.5657943147742,-49.2831207501367,4.29389003047945,-6.2267552552655,-4.40013468842534,4.71732643536246,51.1097413169768
247.9,-40.7180814196636,-54.6996077155642,-52.8739333828538,1.82567433271045,-44.4620882143748,-49.1573373711138,8.43925595145019,-5.54227034445046,-3.71659601174001,4.69524915673899,50.9830117038242
248,-37.1407949926353,-53.6899667442546,-53.0551809389258,0.634785805328853,-45.5671609403229,-50.2567543765687,13.1159593839334,-3.43321236768593,-2.79842656235708,4.68959343624579,50.8915401818975
248.1,-34.505191648602,-52.5457245132411,-52.3785524341974,0.167172079043638,-46.0493018459345,-50.7476535514323,16.2424619028303,-1.7980709618088,-1.63089888276517,4.69835170549777,50.9148256304759
248.2,-32.9810548157128,-51.3416414236578,-50.4854048428413,0.856236580816557,-45.3942379272482,-50.0926167485858,17.111561932873,-1.24902467507201,-0.392788094255458,4.69837882133761,50.9488533294024
248.3,-32.6353328025459,-50.1551754457207,-49.4889975974098,0.66617784831093,-45.5696070356742,-50.2578219693166,17.6224891667707,0.102646523595901,0.768824371906831,4.6882149336424,50.9239998176276
248.4,-33.3732300377079,-49.0578271225319,-47.363054110567,1.69477301196486,-44.4541029000517,-49.1303457099892,15.7571156722813,0.0725185874573029,1.76729159942217,4.67624280993746,50.825118721954
248.5,-35.0717639888653,-48.1087748239532,-47.4544247350304,0.654350088922754,-45.4360392068538,-50.1247170306958,15.0529530418305,2.01594220674259,2.67029229566535,4.68867782384196,50.7790671196185
248.6,-37.6213563417118,-47.3564239843858,-47.3085599038567,0.0478640805291164,-46.0315352427996,-50.7214240960965,13.1000677543848,3.36500011171074,3.41286419223986,4.68988885329692,50.7692881766256
248.7,-40.9275470890063,-46.838989726797,-45.37591180829,1.46307791850697,-44.7520324144065,-49.4411285931192,8.51358150411291,2.60213886632218,4.06521678482915,4.68909617871274,50.9042065116262
248.787813089256,-44.3054267055521,-46.6017145492565,-45.9671217721973,0.634592777059211,-45.5101346770197,-50.1942442087309,5.88881750317879,3.59252965947444,4.22712243653366,4.68410953171121,50.8288369857901
248.8,-44.7911121422688,-46.5853157344754,-45.8136666222697,0.771649112205701,-45.3685785327605,-50.0519960056632,5.26088386339438,3.46668027118776,4.23832938339346,4.6834174729027,50.8236451178689
248.82506601944,-45.7976469033342,-46.5642077529547,-46.2737578904108,0.29044986254388,-45.8477183491374,-50.5338917798888,4.73624487655457,3.96968402693413,4.26013388947801,4.68617343075137,50.8243416424327
248.854519818651,-46.9933488081881,-46.5609975752123,-46.5287399974097,0.032257577802639,-46.0775127273602,-50.7669245434205,3.7735757352324,4.20592696820822,4.23818454601086,4.68941181606034,50.7991821212232
248.893496644567,-48.5780640881233,-46.5920892560681,-46.2482226449732,0.343866611094938,-45.7436742773855,-50.4373715161694,1.85930742804616,3.84528226010131,4.18914887119625,4.6936972387839,50.7812381272644
248.9,-48.8421297957542,-46.6011328604695,-45.9767805814779,0.624352278991601,-45.4597597546355,-50.1541720241203,1.31204222836607,3.55303916365074,4.17739144264234,4.69441226948479,50.7785243031119
248.912862983945,-49.3638652028028,-46.6222207226975,-46.7921309813347,-0.169910258637287,-46.2469734041343,-50.9444851083636,1.58061990556082,4.32226438566616,4.15235412702887,4.69751170422928,50.7745748497263
248.936658742781,-50.3220378459434,-46.6722868501113,-45.6565030628272,1.01578378728407,-45.0282935829305,-49.7315390579566,-0.590498787986775,3.05925220784536,4.07503599512943,4.70324547502617,50.7473228452407
248.969658380682,-51.6331289302978,-46.7648417327355,-46.5865584941748,0.178283238560667,-45.8501704439782,-50.56136743513,-1.07176149516783,3.79652570239449,3.97480894095516,4.7111969911518,50.7396506736906
249,-52.8128604494863,-46.8728074846726,-48.760299197337,-1.88749171266439,-47.8891740767855,-52.607682114077,-0.205178335409371,5.73487462940435,3.84738291673996,4.71850803729141,50.7201904014126
249.05784940517,-54.9772565491743,-47.1357906566087,-47.4822961330371,-0.346505476428327,-46.2663373899647,-50.9829002014869,-3.99435634768733,3.84710954487822,3.50060406844989,4.71656281152222,50.6363947250586
249.1,-56.452220770086,-47.3706791622977,-46.2025654583922,1.16811370390548,-44.7784264728127,-49.4935719417882,-6.95864882829781,2.12289277949048,3.29100648339596,4.71514546897547,50.6616856456937
249.187680295231,-59.2258964823014,-47.9605356169385,-48.0739865357417,-0.11345091880321,-45.9745618114904,-50.6807358950934,-8.545160587208,2.72020027815491,2.6067493593517,4.706174083603,50.5672849762902
249.2,-59.5713530872308,-48.0528827237198,-47.9575815840768,0.0953011396430128,-45.7498534247142,-50.4547669648979,-9.11658612233293,2.4018842411781,2.49718538082111,4.70491354018365,50.5500681045409
249.22065160272,-60.1245985483064,-48.2121086200137,-47.9324269438577,0.279681676155981,-45.5456242743647,-50.2501497963752,-9.87444875193119,2.03804117636145,2.31772285251743,4.70452552201049,50.5298314725312
249.252360416009,-60.9115724165341,-48.4663344993954,-47.8665650921555,0.599769407239904,-45.2175284130839,-49.9214581655567,-10.9901142509774,1.45512366616128,2.05489307340119,4.70392975247277,50.5212275727966
249.3,-61.9480316153505,-48.8669270186012,-48.787620642593,0.0793063760081907,-45.6979364087117,-50.4009710720913,-11.5470605432592,1.53404405349013,1.61335042949833,4.70303466337965,50.4802774480995
249.377348452147,-63.2095209719396,-49.5496371360214,-49.8471274591655,-0.297490323144189,-46.0558987861129,-50.7687374837521,-12.4407834881874,1.21910034773077,0.921610024586585,4.71283869763921,50.4712471606079
249.4,-63.4861167441192,-49.7538076609613,-50.0598584446445,-0.306050783683197,-46.0594434000848,-50.775153215956,-12.7109635281631,1.02134555499475,0.715294771311548,4.71570981587124,50.4691024322728
249.441066619545,-63.8789025245165,-50.125425020206,-48.6089492168748,1.51647580333119,-44.2708717943381,-48.9869757560203,-14.8919267684962,-1.13844926418562,0.378026539145566,4.71610396168222,50.5034515593515
249.5,-64.2060536761876,-50.6557207908799,-49.634376474403,1.02134431647688,-44.755262269758,-49.4719318573741,-14.7341218188135,-1.18378893350577,-0.162444617028882,4.71666958761616,50.493276173851
249.568803963482,-64.1990791079478,-51.2566844748253,-50.8839620423596,0.372722432465714,-45.4481886235185,-50.1685461381781,-14.0305329697697,-1.08813833664717,-0.715415904181455,4.72035751465958,50.5412685706438
249.6,-64.0726141176603,-51.5184749088171,-51.287061555171,0.231413353646182,-45.5761818472786,-50.2982114851837,-13.7744026324766,-1.22026342363346,-0.988850069987279,4.72202963790508,50.5296248388299
249.677527586681,-63.3919361179083,-52.1278814097602,-51.1721681599682,0.955713249791948,-44.7984479947025,-49.5278464692776,-13.8640896486307,-2.60003494048259,-1.64432169069064,4.72939847457505,50.4835597190695
249.7,-63.0990578470887,-52.2910965289967,-53.2066638400301,-0.915567311033364,-46.6494809325248,-51.3810153634789,-11.7180424836098,-0.910081165517816,-1.82564847655118,4.7315344309541,50.4654480524455
249.730710647314,-62.6339149116376,-52.5027427050287,-53.8570898889906,-1.35434718396184,-47.0669702072141,-51.7988787219556,-10.835036189682,-0.703863983073113,-2.05821116703495,4.73190851474152,50.4445315379938
249.771636736485,-61.9048475369263,-52.7624284969511,-54.0597044268455,-1.29727592989445,-47.001189684794,-51.7335967167528,-10.1712508201735,-1.02883178019821,-2.32610771009266,4.73240703195885,50.4363207868584
249.8,-61.3317462560809,-52.9262199805394,-54.3944915106883,-1.46827153014893,-47.1665186597005,-51.899271182164,-9.43247507391689,-1.02694879837536,-2.49522032852429,4.73275252246353,50.4309996520151
249.849985449557,-60.1961968226916,-53.1801001671086,-52.5896543683407,0.590445798767888,-45.0969879176104,-49.8372785109851,-10.3589183117066,-3.34282165612349,-2.7523758573556,4.74029059337467,50.427724309753
249.9,-58.9285132577403,-53.3868967350477,-52.5696314019928,0.817265333054848,-44.891903843518,-49.6397368963718,-9.28877636136853,-3.74715983867587,-2.92989450562102,4.74783305285382,50.4570022294266
249.95612616085,-57.383217318697,-53.5599862655543,-53.849537475475,-0.289551209920646,-46.0039495990244,-50.7519194683226,-6.63129785037433,-2.80806679723167,-3.09761800715232,4.74796986929824,50.462368258402
250,-56.0944598420051,-53.6505240387322,-53.6991596371718,-0.048635598439688,-45.7282081777943,-50.476284996554,-5.61817484545114,-3.17423904217816,-3.22287464061785,4.74807681875968,50.4276493981143
250.053929265794,-54.4444636334751,-53.7069103404537,-53.9399120034686,-0.233001663014953,-45.9485160060623,-50.6999236771847,-3.74453995629046,-3.00698666326903,-3.23998832628399,4.75140767112239,50.4669220141697
250.1,-53.015825236673,-53.7075109380503,-53.3619250886078,0.345585849442458,-45.4078573070894,-50.162110461302,-2.85371477537097,-3.5454004767483,-3.19981462730584,4.75425315421256,50.5076963107445
250.154341264484,-51.3276814998065,-53.6534015565624,-52.6872731916941,0.96612836486829,-44.7950094677359,-49.5515230842004,-1.77615841560607,-4.10187847236203,-3.13575010749374,4.75651361646447,50.5176514490687
250.2,-49.9190520538805,-53.5636314829995,-54.1998653333618,-0.636233850362267,-46.3485369647403,-51.1069498717179,1.18789781783735,-2.45668161128167,-3.09291546164394,4.75841290697758,50.4707160213556
250.255112739816,-48.2355189790318,-53.4035581093042,-53.4788861248444,-0.0753280155401441,-45.7651663376249,-50.5229498755265,2.2874308964948,-2.88060823377768,-2.95593624931782,4.75778353790169,50.4476218599864
250.3,-46.907230534929,-53.2336408760208,-53.2343926878105,-0.000751811789740486,-45.65219771515,-50.4094686555369,3.50223812060786,-2.8241722204839,-2.82492403227364,4.75727094038692,50.4087168437471
250.355605569131,-45.3277691405114,-52.9775739665511,-52.1174923807934,0.860081585757648,-44.7501746928615,-49.5149533944027,4.18718425389132,-3.46262057214838,-2.60253898639073,4.76477870154122,50.3750349801603
250.4,-44.1438510537492,-52.740050137428,-52.8559520888861,-0.115901951458099,-45.7158699301712,-50.4866426857029,6.34279163195377,-2.25340745172506,-2.36930940318316,4.77077275553175,50.3707407342448
250.466403311761,-42.5659840896129,-52.3377054152006,-51.6869852925311,0.650720122669561,-44.983536281691,-49.7545601723703,7.18857608275741,-2.5831452428303,-1.93242512016074,4.77102389067937,50.4052802950399
250.5,-41.8594554642752,-52.1162130980679,-51.1246924977696,0.99152060029828,-44.6302083408481,-49.4013592931007,7.54190382882556,-2.71485380496719,-1.72333320466891,4.77115095225261,50.392879893399
250.542215572477,-41.057979965469,-51.8240154415253,-52.6264212891744,-0.802405847649126,-46.3775716195292,-51.1551364872808,10.0971565218118,-0.668878954244533,-1.47128480189366,4.77756486775156,50.3527306396316
250.6,-40.1349311489166,-51.4043139900822,-49.8514596397537,1.5528543503285,-44.0545180405986,-48.8408622381933,8.7059310892767,-2.56345175188886,-1.01059740156036,4.78634419759471,50.3937165885218
250.66754267841,-39.3517782600108,-50.8962402692565,-51.3749444773645,-0.478704208108091,-46.0565148927262,-50.8434593346756,11.4916810746648,-0.052780934580845,-0.531485142688936,4.78694444194938,50.3647551265675
250.7,-39.0892017561816,-50.6494000957449,-52.4823580502708,-1.83295795452586,-47.4229522257622,-52.2101851123589,13.1209833561772,1.56078501661392,-0.27217293791194,4.7872328865967,50.377227157833
250.741669044106,-38.874189711318,-50.3335583398668,-49.8613062332421,0.472252106624616,-45.1327706885555,-49.9241840054691,11.0499942941511,-0.409374334397647,0.0628777722269689,4.79141331691363,50.3964361120937
250.8,-38.7808306132231,-49.899631184438,-49.5835442284619,0.316086955976097,-45.2474356009893,-50.0447009479092,11.2638703346861,0.145069763471177,0.461156719447274,4.79726534691986,50.3607879038853
250.866728493317,-38.9424502226268,-49.4245072563161,-48.601188540687,0.823318715629078,-44.7013967109104,-49.4952987703964,10.5528485477695,0.0707915140802839,0.894110229709362,4.79390205948593,50.3186174860254
250.9,-39.1349950122328,-49.1994854206626,-49.5516493911408,-0.352163970478216,-45.9061837960872,-50.6984088861891,11.5634138739563,1.49892346552659,1.14675949504837,4.7922250901019,50.3462449157109
250.940609345243,-39.4759792615604,-48.9384323672039,-49.1644440426898,-0.226011675485907,-45.7672320323747,-50.5630265803367,11.0870473187763,1.6245942131328,1.3985825376469,4.795794547962,50.3370149048508
251,-40.1502829239551,-48.5882082221201,-46.9142041932313,1.6740040288888,-43.8455055480238,-48.6465203830447,8.49623745908954,0.0583121609245794,1.73231618981337,4.80101483502087,50.3205244119335
251.063994202112,-41.1163173594326,-48.2594709166643,-48.3006848583324,-0.0412139416681043,-45.6103597620421,-50.4146244141892,9.29830705475656,2.15515349752486,2.11393955585676,4.80426465214705,50.3734104725211
251.1,-41.7658320388339,-48.0997547362544,-48.1598486940144,-0.0600939577599604,-45.6215155332611,-50.4276086675949,8.66177662876105,2.32785393134048,2.26775997358052,4.80609313433381,50.3675147098349
251.166466573667,-43.1222981078973,-47.8573053876829,-46.9930268673498,0.864278520333109,-44.6998135167475,-49.4979162634283,6.37561815553104,1.64061087574543,2.50488939607854,4.79810274668075,50.3621947837614
251.2,-43.8752285888534,-47.7621522711487,-48.206059445513,-0.443907174364234,-46.0111738991572,-50.8052453702514,6.93001678139805,3.04309309910271,2.59918592473848,4.79407147109427,50.3613381958872
251.256821534845,-45.2324676087984,-47.6443003757388,-47.6507350347084,-0.0064346589695532,-45.5799508827443,-50.3814508414918,5.1489832326934,2.73715046575295,2.73071580678339,4.80149995874744,50.3750161825222
251.3,-46.3236842368033,-47.5919962214047,-45.7868015759163,1.80519464548838,-43.7850134313576,-48.5921582692194,2.26847403241606,1.00016204781463,2.80535669330302,4.80714483786175,50.3973529147078
251.4,-48.9295588066573,-47.5948245306832,-46.8399546719807,0.754869858702428,-44.8148234843224,-49.6161815129448,0.686622706287523,2.02135698226164,2.77622684096407,4.8013580286224,50.3710513716472
251.5,-51.5421554445893,-47.7642737670394,-48.248265714155,-0.483991947115626,-46.0689544765095,-50.8857888815016,-0.65636656308768,3.12151511446221,2.63752316734659,4.81683440499211,50.401796934386
251.6,-53.9836320084769,-48.0852229054145,-47.3403698075051,0.74485309790947,-44.7414180630476,-49.5573390454382,-4.42629296303869,1.47211614002362,2.21696923793309,4.81592098239054,50.3021921433476
251.7,-56.0426730028841,-48.5291769977306,-48.8182350085385,-0.289058010807906,-45.7519228795673,-50.5515946134392,-5.49107838944487,2.02241761570862,1.73335960490071,4.79967173387189,50.2625366026313
251.8,-57.6600029569465,-49.0621667278986,-48.9007004981992,0.161466229699414,-45.3094681824059,-50.1051573992166,-7.55484555772995,1.04299067131792,1.20445690101734,4.79568921681068,50.266623628916
251.9,-58.7803549572167,-49.6485449327191,-49.8066591782119,-0.158114245492854,-45.6463829271063,-50.4478919539599,-8.33246300325685,0.799347021240791,0.641232775747937,4.8015090268536,50.289777708467
252,-59.3608822702323,-50.2519233359934,-48.4261315332633,1.82579180273007,-43.6318771191138,-48.4372803798666,-10.9236018903657,-1.81464295612679,0.0111488466032768,4.80540326075281,50.2630721825967
252.1,-59.322923966058,-50.8339642011574,-49.912787416898,0.921176784259366,-44.4765789293477,-49.2817307093412,-10.0411932567168,-1.55223349181615,-0.631056707556787,4.80515177999354,50.2029074936006
252.2,-58.6701806657387,-51.3565489335922,-50.6074818557316,0.749067077860552,-44.5957224137093,-49.4018803794883,-9.26830028625033,-1.95466855410383,-1.20560147624327,4.806157965779,50.1509474573489
252.3,-57.5350405049871,-51.7876750093974,-51.255165118112,0.532509891285422,-44.8832127248388,-49.6808886230875,-7.85415188189965,-2.10678638630993,-1.57427649502451,4.79767589824862,50.2133985143729
252.4,-56.0100511976779,-52.1066105923798,-53.1655704634986,-1.05895987111882,-46.4413428765822,-51.2211878478902,-4.78886334978769,-0.88542274448956,-1.94438261560838,4.77984497130802,50.1622279767714
252.5,-54.1837770124524,-52.2975274284384,-51.0902469415151,1.20728048692339,-44.2068745840471,-48.9827104116252,-5.20106660082717,-3.31481701681326,-2.10753652988987,4.77583582757809,50.1899908985486
252.6,-52.1528987582694,-52.353062315374,-51.8096958898417,0.54336642553227,-44.8337896661329,-49.6253653929946,-2.52753336527479,-2.72769692237943,-2.18433049684716,4.79157572686162,50.1687318185268
252.7,-50.0339629121896,-52.2722208055007,-51.4775425969369,0.794678208563795,-44.543443689172,-49.3252767661505,-0.708686146039014,-2.94694403935011,-2.15226583078632,4.78183307697854,50.1199549747143
252.8,-47.9566817830585,-52.0622510731736,-52.9593791858914,-0.897128112717859,-46.2012886368701,-50.9864227574134,3.02974097435493,-1.07582831576014,-1.972956428478,4.78513412054331,50.0892946446956
252.9,-46.0797258370233,-51.7390958439985,-52.5170577323899,-0.777961888391388,-46.0672796157115,-50.8865861766016,4.80686033957837,-0.852509667396831,-1.63047155578822,4.81930656089015,50.1086242882103
253,-44.4923226709166,-51.3257090171542,-50.8440617928612,0.481647224293013,-44.792851392491,-49.617179266688,5.1248565957714,-1.70852975046622,-1.22688252617321,4.82432787419694,50.098826490981
253.1,-43.2272420794539,-50.848174188818,-51.5414315276395,-0.693257338821546,-45.8633350235126,-50.6920896580452,7.46484757859131,-0.156084530772816,-0.849341869594362,4.82875463453254,49.9988323192236
253.2,-42.4289298379965,-50.3340378578662,-49.6290320891761,0.705005768690178,-44.5725447619325,-49.391582754227,6.96265291623053,-0.942455103639226,-0.237449334949048,4.81903799229451,50.0965885229172
253.3,-42.2056482120411,-49.820592251982,-48.9863275877318,0.834264664250171,-44.4629173817771,-49.2878788946319,7.08223068259072,-0.532713357350147,0.301551306900024,4.82496151285471,50.122143558882
253.4,-42.4578325314853,-49.3412956192439,-49.080742792587,0.26055282665682,-45.0096491275495,-49.8569331686697,7.39910063718441,0.515637549425797,0.776190376082617,4.84728404112015,50.1174859953265
253.5,-43.1101211510113,-48.9218632156088,-48.9681582195113,-0.0462950039025642,-45.2773891752198,-50.1218722008777,7.01175104986636,1.20000898526892,1.15371398136635,4.84448302565792,50.0755771969751
253.6,-44.1485225491781,-48.5831646599313,-47.7627661055106,0.820398554420692,-44.4208998228739,-49.2805981002228,5.13207555104471,0.697433440291583,1.51783199471227,4.85969827734894,50.1009966546435
253.7,-45.5295308538298,-48.3437844073992,-48.8668676437735,-0.523083236374312,-45.7612749811746,-50.6365838457875,5.10705299195763,2.29279943838827,1.76971620201396,4.87530886461285,50.1135006094132
253.8,-47.1913993389808,-48.2166701440513,-47.583584571754,0.633085572297318,-44.6867177941893,-49.5778553830684,2.38645604408759,1.36118523901715,1.99427081131447,4.89113758887909,50.2109409553657
253.9,-48.9981947485371,-48.2093580562754,-47.2537095481471,0.955648508128284,-44.3150642208002,-49.2129228237915,0.214728075254406,1.00356476751614,1.95921327564442,4.89785860299133,50.1685713319198
254,-50.7728120777444,-48.3172209799239,-48.1794038273041,0.13781715261981,-45.080725501946,-49.9922662515205,-0.780545826223957,1.67504527159652,1.81286242421633,4.91154074957444,50.1300834041403
254.1,-52.4209978244892,-48.5275825434758,-48.1172140173578,0.410368526118027,-44.7680190384059,-49.6666335351263,-2.7543642893629,1.13905099165046,1.54941951776848,4.89861449672033,50.0770020612443
254.2,-53.7985514867172,-48.821577988414,-48.8850237083734,-0.0634457199593612,-45.1565807513673,-50.0625739072179,-3.73597757949927,1.24099591880386,1.1775501988445,4.90599315585061,49.9991281872585
254.3,-54.8331537021003,-49.1739265998456,-50.0631236030373,-0.889197003191747,-45.893827480438,-50.8242622611344,-4.00889144096587,1.65033566128889,0.761138658097138,4.93043478069647,49.9350652579427
254.4,-55.4692673514877,-49.5569924605414,-50.7736149685742,-1.21662250803276,-46.1375592378323,-51.0563982994055,-4.41286905208219,1.49940583886413,0.282783330831371,4.91883906157327,49.8397757913728
254.5,-55.6946887990867,-49.9419673420551,-49.60238120704,0.339586135015139,-44.7426859231512,-49.6712733959554,-6.02341540313135,-0.270693946099776,0.0688921889153633,4.92858747280419,50.0108595309705
254.583090189854,-55.7027476894756,-50.2494737912432,-50.5757754341064,-0.326301642863179,-45.3733970703577,-50.3207466349298,-5.38200105454579,0.0712728436865859,-0.255028799176593,4.94734956457206,49.9944449920666
254.6,-55.6716922364952,-50.3096449548253,-51.3710558759163,-1.06141092109102,-46.1077523748773,-51.058920241108,-4.61277199538725,0.749275286282696,-0.312135634808328,4.9511678662307,49.997509320017
254.631121382936,-55.588423852625,-50.4175249095726,-52.391069890514,-1.97354498094145,-47.0324619521398,-51.9808185522613,-3.60760530036362,1.56329364268875,-0.410251338252699,4.94835660012156,50.0072735713199
254.673107529367,-55.4279347388339,-50.5563408664594,-50.7842990467211,-0.227958180261716,-45.2885987182105,-50.2331626131443,-5.19477212568966,-0.323178253315085,-0.551136433576801,4.94456389493373,50.0052044328826
254.7,-55.2971201348413,-50.6406622689287,-48.5101452113603,2.13051705756834,-42.9178922410354,-47.860026877236,-7.43709325760527,-2.78063539169261,-0.650118334124272,4.94213463620063,49.9905439348044
254.732669482477,-55.1001770030722,-50.7376441712411,-49.8520430155121,0.885601155728956,-44.1466637756122,-49.0881226654145,-6.01205433765769,-1.64952150582657,-0.763920350097614,4.94145888980231,49.9737238211435
254.781767179045,-54.7336721592963,-50.8707105314473,-50.5013418800538,0.369368651393458,-44.5986731115215,-49.5391164483028,-5.19455571099348,-1.33159408314447,-0.962225431751008,4.94044333678134,49.9084850996963
254.8,-54.5733852123029,-50.9158205236657,-50.2229609318425,0.69285959182325,-44.3024778377694,-49.2425440408419,-5.33084117146093,-1.67327648282379,-0.980416891000544,4.94006620307253,49.9354036326652
254.82241225061,-54.3683143054298,-50.9678723856462,-51.3276510623253,-0.359778676679106,-45.3442302939253,-50.2842802917728,-4.08403401365703,-0.683592093873401,-1.04337077055251,4.94004999784746,49.9245016150937
254.871322217734,-53.8766407147159,-51.0678480738028,-48.3923984704583,2.6754496033445,-42.3255597901886,-47.2655744235812,-6.61106629113468,-3.80227365022162,-1.12682404687713,4.94001463339259,49.9410240269257
254.9,-53.5691223366892,-51.1174847500444,-51.2283711399965,-0.110886389952135,-45.1269505092522,-50.0669444071138,-3.50217792957531,-1.05054034293053,-1.16142673288267,4.93999389786165,49.9560580171617
254.947364778411,-53.0376087520289,-51.1845968623321,-49.863472678939,1.32112418339307,-43.6886750937503,-48.6272081484141,-4.41040060361475,-2.55738871391797,-1.23626453052491,4.93853305466384,49.9483323318072
254.994861666466,-52.4646653178229,-51.2328321198684,-51.9842545278584,-0.751422407989949,-45.7553935227659,-50.6924616596541,-1.77220365816881,-0.540370460214355,-1.2917928682043,4.93706813688818,49.9410392516641
255,-52.4003953709052,-51.2368811477201,-49.6626471074283,1.57423404029184,-43.424682901751,-48.3615925601275,-4.03880281077775,-2.87528858759267,-1.30105454730083,4.93690965837645,49.9358266004193
255.008155443171,-52.29734657664,-51.2428320845597,-50.5827105040063,0.660121580553387,-44.3329763975057,-49.2704686797457,-3.02687789689426,-1.97236340481393,-1.31224182426055,4.93749228223998,49.9305902602991
255.022730750168,-52.1116693922082,-51.2520086560799,-52.0302266269965,-0.778217970916657,-45.7863634314954,-50.7248969718862,-1.386772420322,-0.527111684193663,-1.30532965511032,4.93853354039079,49.9466790009695
255.048792567947,-51.7792899377665,-51.2637889283176,-51.410993282588,-0.147204354270407,-45.1774187969409,-50.1178141904091,-1.66147574735743,-1.14597473790847,-1.29317909217888,4.94039539346819,49.9706098361387
255.091177006372,-51.2325634554084,-51.2704371768576,-52.0093696541757,-0.738932477318095,-45.7639228062724,-50.7073461388423,-0.525217316566078,-0.563091038015322,-1.30202351533342,4.94342333256992,49.9684136615242
255.1,-51.1175156067121,-51.2698850690899,-51.6068116837483,-0.336926614658339,-45.3542702922291,-50.2983239383856,-0.819191668326461,-0.971561130704302,-1.30848774536264,4.94405364615658,49.9613973237273
255.117821942288,-50.8837116974476,-51.2667437924685,-50.6986540604897,0.568089731978795,-44.4520985075626,-49.3952438476194,-1.48846784982821,-1.87149994484908,-1.30341021287028,4.9431453400568,49.9633335795982
255.14752683991,-50.4925635283068,-51.2555327597573,-50.5561435943162,0.699389165441048,-44.3267136941343,-49.2683451060644,-1.22421842224247,-1.98718765369291,-1.28779848825186,4.94163141193007,49.9677342715054
255.183103581372,-50.0242953167359,-51.2324548309556,-51.2842367652492,-0.051781934293615,-45.0529877624754,-49.9928059841955,-0.0314893325403816,-1.23964884676013,-1.29143078105374,4.93981822172006,49.9410240499019
255.2,-49.8025244749942,-51.217868097996,-51.3187472463604,-0.100879148364392,-45.104892468399,-50.043849553894,0.241325078899806,-1.17401854410197,-1.27489769246636,4.93895708549504,49.9429704055296
255.225385583713,-49.4711203293093,-51.1916700266938,-50.7764061015616,0.415263925132201,-44.5825849751786,-49.5185131887779,0.0473928594685873,-1.67315683791588,-1.25789291278368,4.93592821359928,49.9337771139101
255.271916041987,-48.8827254847907,-51.1308047845608,-50.949669178394,0.181135606166826,-44.8312725229982,-49.7616489715108,0.878923486720083,-1.36915581305004,-1.18802020688321,4.93037644851265,49.9427845776776
255.3,-48.5382502666097,-51.0864708239048,-51.7044633084119,-0.617992484507077,-45.6259886590427,-50.5530142800893,2.01476401347959,-0.533456543815454,-1.15144902832253,4.92702562104659,49.9350217955823
255.338985364175,-48.078080594501,-51.0160401756262,-50.7890059942196,0.22703418140668,-44.7903245013598,-49.7142126427499,1.63613204824893,-1.30182753287633,-1.07479335146965,4.92388814139007,49.9412468241566
255.390431110658,-47.5036875930449,-50.9085525538912,-49.8320323463087,1.07652020758247,-43.9178356626295,-48.8375835327557,1.33389593971085,-2.0709690211355,-0.994448813553028,4.91974787012626,49.9141037403382
255.4,-47.4011111461725,-50.8868602924942,-51.4325277999573,-0.545667507463158,-45.5498091569824,-50.4687869382232,3.06767579205073,-0.418073354270973,-0.963740861734131,4.91897778124086,49.9231194307601
255.432655779044,-47.0683303714704,-50.8091799861492,-49.5841636346499,1.22501635149938,-43.7750581089743,-48.698879640501,1.63054926903057,-2.11030034564823,-0.88528399414885,4.92382153152668,49.9238959920004
255.480555652736,-46.6078259936135,-50.6858690043025,-50.2641739080714,0.421695096231076,-44.5335301795126,-49.4644565798765,2.85663058626303,-1.22141242442596,-0.79971732819488,4.93092640036388,49.8861516761076
255.5,-46.430366733035,-50.6328925703657,-53.2347876345534,-2.60189506418772,-47.5499879956148,-52.4837985275282,6.05343179449326,1.85090595716255,-0.750989107025163,4.93381053191344,49.8819034633405
255.534638102183,-46.1396597999245,-50.5348545268282,-50.4605404196668,0.0743141071613493,-44.8878262733264,-49.822440948427,3.6827811485025,-0.712413578401176,-0.638099471239826,4.93461467510056,49.8967550555884
255.579846993992,-45.8101385265952,-50.4010596736601,-51.5871757609553,-1.18611608729525,-46.1458590968098,-51.0815233219739,5.27138479537869,0.680463648313804,-0.50565243898145,4.93566422516406,49.8954072346786
255.6,-45.6818371079292,-50.3397279668095,-49.9237812320046,0.415946734804955,-44.5505196504507,-49.486651739079,3.80481463114978,-0.853076227730533,-0.437129492925578,4.93613208862829,49.9025984738839
255.632638429888,-45.4944405871392,-50.2387356739846,-50.8976024263178,-0.658866752333189,-45.5939067766336,-50.5358285223444,5.04138793520524,0.297092848359796,-0.361773903973393,4.94192174571081,49.8769617700112
255.674892820844,-45.2890276657663,-50.1057352244149,-49.6824384350625,0.423296789352413,-44.4833352410066,-49.4327523973333,4.14372473156698,-0.672982827081604,-0.249686037729191,4.94941715632672,49.8560491866857
255.7,-45.1857212185545,-50.0259463244439,-49.6690206239938,0.356925700450077,-44.5586993169924,-49.5125701789087,4.3268489603542,-0.513376145535233,-0.156450445085156,4.95387086191625,49.8694958793587
255.733783622542,-45.0830673973898,-49.9183473447577,-50.3894354855558,-0.471088140798109,-45.3918621122439,-50.3481400099894,5.26507261259967,0.429792665231702,-0.0412954755664074,4.95627789774553,49.8770518691913
255.790842050561,-44.9937096829363,-49.7381948001925,-51.8380114862702,-2.09981668607767,-47.0442457618253,-52.0045889927195,7.01087930978321,2.266394192527,0.166577506449322,4.96034323089424,49.9047723066419
255.8,-44.9902522988756,-49.7096817828727,-50.133894826931,-0.424213044058362,-45.3759087136708,-50.336904435647,5.34665213677132,0.627222652774293,0.203009608715931,4.96099572197612,49.9126913915886
255.813367363875,-44.9911448326926,-49.6683566680227,-48.6283649597953,1.03999170822738,-43.9143313105834,-48.8751970955222,3.88405226282968,-0.793159572500414,0.246832135726962,4.96086578493886,49.9151888037496
255.838058782982,-45.00544945187,-49.5930819580146,-51.381100537564,-1.78801857954934,-46.7311360718618,-51.6917618446431,6.68631239277304,2.09867988662842,0.310661307079073,4.9606257727813,49.9037432650937
255.87491255318,-45.0581412754253,-49.4837359308813,-50.841953186518,-1.35821725563675,-46.3031457515119,-51.263413288387,6.20527201296169,1.77967735750573,0.421460101868981,4.96026753687509,49.9051960327502
255.9,-45.1192403336378,-49.4117603606746,-52.0429934394393,-2.63123307876469,-47.584037031489,-52.5440607066317,7.42482037299386,3.1323003459571,0.501067267192404,4.96002367514268,49.912827627867
255.942957043041,-45.2695972192712,-49.2941197879783,-49.4800722137315,-0.185952425753207,-45.1514970899177,-50.1156628472425,4.84606562797132,0.821543059264179,0.635590633510972,4.96416575732479,49.9297104214893
256,-45.55163593765,-49.1508161230166,-48.9867743854104,0.164041737606169,-44.8045274638665,-49.7741935210002,4.22255758335024,0.623377397983624,0.787419135589793,4.96966605713372,49.9382352586064
256.061982245774,-45.9521252022637,-49.0147117918074,-48.2460521756191,0.768659616188337,-44.2208374217959,-49.1920138975155,3.23988869525176,0.177302105708115,0.945961721896452,4.97117647571957,49.9606735137038
256.1,-46.2507046074563,-48.9426826829754,-48.103601320615,0.839081362360432,-44.1727664173395,-49.1448693312973,2.89416472384093,0.202186648321828,1.04126801068226,4.97210291395778,49.9839506936577
256.142140291872,-46.6256246928234,-48.874134496221,-49.532187927319,-0.658053431098025,-45.668574517804,-50.6409287633466,4.01530407052323,1.7667942671256,1.10874083602758,4.97235424554262,49.9828753322486
256.190618994068,-47.0817179013009,-48.8107125216077,-48.5372472992151,0.273465222392602,-44.6976373832705,-49.6702807637126,2.58856286241166,0.859568242104878,1.13303346449748,4.97264338044209,49.9437459861052
256.2,-47.1730735583032,-48.8003546237259,-48.3866445920429,0.413710031683003,-44.5566585410902,-49.5293578713841,2.356284313081,0.729003247658213,1.14271327934122,4.97269933029398,49.9430679030672
256.22836888576,-47.4568929092896,-48.7728767547321,-49.0948768870491,-0.322000132317044,-45.2960345115067,-50.2661059321331,2.80921302284356,1.49322917740103,1.17122904508398,4.97007142062639,49.9441057998161
256.27927738315,-47.979694961532,-48.7381395576896,-49.0546517916764,-0.316512233986757,-45.2780089264695,-50.2433645139263,2.26366955239429,1.5052249562367,1.18871272224994,4.96535558745686,49.9268522799396
256.3,-48.2017753291767,-48.7293697317282,-49.2986217663821,-0.569252034653836,-45.5457299798733,-50.5091659584453,2.30739062926865,1.7797962267171,1.21054419206327,4.96343597857204,49.9399139237915
256.326279966887,-48.4913073780713,-48.7228078809611,-49.1206700055933,-0.397862124632219,-45.3811214513835,-50.3471061868377,1.85579880876646,1.62429830587665,1.22643618124443,4.96598473545419,49.9492440622055
256.365418512892,-48.9303647236542,-48.7225167134056,-48.0364265974611,0.686090115944467,-44.2967163980965,-49.2664969769365,0.336132253282301,0.543980263530983,1.23007037947545,4.96978057884002,49.952587092881
256.4,-49.3171449340934,-48.7315792295708,-47.6210150471093,1.11056418246152,-43.8396528132611,-48.8127872701193,-0.504357663974154,0.0812080405484679,1.19177222300999,4.97313445685817,49.9233514525808
256.44277413543,-49.7827818837342,-48.7543528264465,-47.5541821082102,1.20017071823628,-43.718923284117,-48.6942378504292,-1.08854403330506,-0.0601149760173101,1.14005574221897,4.97531456631214,49.8944085686655
256.5,-50.3781469132544,-48.8035199525509,-47.8605818441483,0.942938108402558,-43.9577939533281,-48.9360252039193,-1.44212170933508,0.132505251368443,1.075443359771,4.97823125059124,49.8789633123219
256.570719929258,-51.0606260370287,-48.8910655471851,-49.426396832742,-0.535331285556921,-45.3800964441165,-50.3641554942577,-0.696470542771017,1.47308994707262,0.937758661515701,4.98405905014127,49.8288242087008
256.6,-51.3197303718769,-48.9349704587311,-49.5512838210035,-0.616313362272493,-45.4347682179688,-50.4212401435878,-0.898490228289134,1.48626968485674,0.869956322584251,4.986471925619,49.8049267813153
256.645113173172,-51.6859893648032,-49.0101754923788,-47.7608582348159,1.24931725756296,-43.5616887828741,-48.5526832565212,-3.13330610828201,-0.457492235857657,0.7918250217053,4.99099447364706,49.8020005140841
256.7,-52.1047032861153,-49.1126331650743,-50.0587161056761,-0.94608294060189,-45.8011961161847,-50.7976929363302,-1.30701034978515,1.6850597712559,0.738976830654011,4.9964968201455,49.8516099957283
256.763114264269,-52.5557539966848,-49.2436849159707,-49.5688898140108,-0.325204898040028,-45.2402154674279,-50.2384333065624,-2.31732069012244,0.994748390591624,0.669543492551597,4.99821783913446,49.9132284085223
256.8,-52.7967608669699,-49.3260419899224,-49.6271942063348,-0.301152216412447,-45.2233487220001,-50.2225723726156,-2.5741884943543,0.896530382693207,0.59537816628076,4.99922365061544,49.9214201562031
256.85751396734,-53.1080786089602,-49.4610615335273,-48.3142084433581,1.14685309016917,-43.7038949950895,-48.7065969167342,-4.40148169222596,-0.754464616793022,0.392388473376144,5.00270192164471,49.8534500069034
256.9,-53.2721981715547,-49.5639635753138,-49.8313967279529,-0.267433152639086,-45.119196579536,-50.124467928111,-3.1477302434438,0.560504352797125,0.293071200158039,5.00527134857496,49.8570347754719
256.962875339688,-53.4433622846907,-49.7180283811877,-49.5367679402209,0.181260440966831,-44.6568119248464,-49.6624037364576,-3.78095854823308,-0.055624644730095,0.125635796236736,5.0055918116112,49.8436641774244
257,-53.4977596825635,-49.8086331785775,-49.6509627667862,0.157670411791294,-44.7010252109525,-49.7068062395353,-3.79095344302824,-0.101826939042212,0.055843472749082,5.00578102858277,49.8644766513265
257.046941196136,-53.5299595157924,-49.9214182764008,-50.8851127937659,-0.96369451736517,-45.8416682703992,-50.8490165706573,-2.68094294513505,0.927598294256583,-0.0360962231085864,5.00734830025813,49.8853220532922
257.1,-53.5161018078463,-50.0450664042974,-49.3317857978051,0.713280606492312,-44.229440511756,-49.2385603382484,-4.27754146959788,-0.806506066049018,-0.0932254595567059,5.0091198264924,49.9518409447407
257.157076432632,-53.4627995041553,-50.1722442852661,-50.2224692949608,-0.0502250096947066,-44.9761058574063,-49.9827055773454,-3.48009392680994,-0.189538707920747,-0.239763717615453,5.00659971993909,49.9324805676507
257.2,-53.3617524681033,-50.2625960721753,-50.7778672400589,-0.51527116788359,-45.3967477963625,-50.401452303892,-2.96030016421123,0.138856231716751,-0.376414936166839,5.00470450752952,49.8861811360084
257.249151709737,-53.1847958113226,-50.3585442156028,-50.6314808180019,-0.272936602399085,-45.130995636968,-50.1302166178336,-3.05457919348898,-0.228327597769209,-0.501264200168293,4.99922098086564,49.8572800154346
257.3,-52.9459688549761,-50.4476714139361,-52.0753210075669,-1.62764959363076,-46.527947443034,-51.5214956211231,-1.42447323385302,1.07382420718696,-0.553825386443805,4.99354817808914,49.8938460274923
257.352549425818,-52.6647537103277,-50.527971417447,-50.126431046714,0.40154037073296,-44.4524539592068,-49.4529420649969,-3.21181164533082,-1.07502935245014,-0.673488981717185,5.00048810579005,49.8544824357298
257.4,-52.3594921272418,-50.5890169205015,-50.3537647992273,0.235252121274144,-44.6177108479709,-49.6244655028062,-2.7350266244356,-0.964551417695311,-0.729299296421168,5.00675465483529,49.8597176240803
257.480615008771,-51.7974597347906,-50.665764667133,-51.0610019591129,-0.395237291979925,-45.3728655022639,-50.3895126182818,-1.40794711650884,-0.276252048851219,-0.671489340831144,5.01664711601791,49.9942753263019
257.5,-51.6697568901317,-50.6792974466957,-50.2777645456095,0.401532901086206,-44.5873855003905,-49.6064113952014,-2.06334549493028,-1.07288605149429,-0.671353150408088,5.01902589481092,50.0079442962876
257.526563086554,-51.4920235589849,-50.694915892026,-51.6055044313801,-0.910588539354094,-45.916553385113,-50.9361639501683,-0.555859608816647,0.241248058142283,-0.669340481211812,5.01961056505532,50.0255754108142
257.560681413651,-51.2624507916727,-50.710065981697,-50.2097357555674,0.50033022612962,-44.5040959473214,-49.524457478218,-1.73799331345465,-1.18560850347903,-0.685278277349411,5.02036153089664,50.0247877043476
257.6,-50.9845952822201,-50.7206457486046,-49.4641686297556,1.25647711884897,-43.7252381204568,-48.7464650781721,-2.23813020404799,-1.97418067043252,-0.717703551583547,5.02122695771529,50.0029421970211
257.665006828089,-50.504243582217,-50.7215942026993,-51.5397363993343,-0.818142196635037,-45.8076555183902,-50.8361511402641,0.331907558047106,0.114556937564842,-0.703585259070195,5.02849562187397,50.0180089436291
257.7,-50.2527893530016,-50.7137403822178,-50.7988896388651,-0.0851492566472416,-45.119046483809,-50.1514548271914,-0.101334525810209,-0.562285555026406,-0.647434811673648,5.03240834338248,50.0663055705442
257.751061381054,-49.8981458266994,-50.6926555928714,-52.1867814862192,-1.49412589334784,-46.4964322698129,-51.5381740017148,1.64002817501543,0.845518408843446,-0.648607484504389,5.04174173190193,50.044048108367
257.8,-49.5711739446346,-50.6622007670545,-51.0008029213695,-0.33860215431492,-45.3657522976685,-50.4164394034478,0.845265458813195,-0.245761363606718,-0.584363517921638,5.05068710577928,50.0778372491329
257.856072185472,-49.2100192907251,-50.6160270937972,-51.9955383241638,-1.3795112303666,-46.4187694023295,-51.4716965730055,2.26167728228043,0.855669479208352,-0.523841751158251,5.05292717067608,50.0921853426389
257.9,-48.9407011042287,-50.5721217895436,-50.3515430717627,0.220578717780917,-44.7841635441664,-49.8388456162163,0.898144511987596,-0.733276173327333,-0.512697455546416,5.05468207204989,50.0594243339972
257.980053169735,-48.5129140618934,-50.4767331249524,-49.7092070123796,0.76752611257281,-44.3376191475238,-49.3949410224233,0.882026960529871,-1.08179210252916,-0.314265989956354,5.05732187489952,50.1624671349961
258,-48.4283173382184,-50.4505707882763,-49.2816974137801,1.16887337449621,-43.9364162380209,-48.9943958720016,0.566078533783262,-1.45617491627463,-0.287301541778419,5.05797963398075,50.1632692464979
258.032481817978,-48.3027113257142,-50.4064445110413,-49.4324233107616,0.974021200279751,-44.1537761346842,-49.2091392644502,0.906427938736009,-1.19730524659112,-0.22328404631137,5.05536312976603,50.18316046473
258.073434308664,-48.1686117529488,-50.3486866525005,-50.636690219923,-0.288003567422507,-45.411091905231,-50.4631561936404,2.29454444069159,0.11446954113989,-0.173534026282617,5.0520642884094,50.1751526262178
258.1,-48.0953909136116,-50.310254989146,-49.9275988220612,0.382656167084804,-44.7643666742132,-49.814291019489,1.7189001058774,-0.495963969656962,-0.113307802572159,5.0499243452758,50.1969471865738
258.133547204558,-48.0231503758936,-50.2610814204625,-50.6864261756397,-0.425344755177264,-45.5814213146163,-50.6320152230522,2.60886484715856,0.370933802589718,-0.0544109525875456,5.05059390843586,50.2066704678749
258.174247684608,-47.9560386273748,-50.2010349998381,-48.802046408521,1.39898859131709,-43.7204258201595,-48.7718320628091,0.81579343543433,-1.42920293702901,-0.0302143457119257,5.05140624264961,50.1708206541262
258.2,-47.9191952072927,-50.1629965895716,-50.3047442491613,-0.141747659589669,-45.2601778169669,-50.3120980458607,2.39290283856796,0.149101456289053,0.00735379669938396,5.05192022889376,50.170350386271
258.236080763044,-47.8822930500243,-50.1098915416916,-52.5227982801739,-2.41290673848232,-47.5296479354433,-52.5728570984411,4.69056404841685,2.46296555674953,0.0500588182672104,5.04320916299785,50.1599503599588
258.287422708431,-47.862009683052,-50.03546477257,-51.380821409644,-1.34535663707403,-46.4488696773507,-51.479683230285,3.61767354723296,1.44421845771502,0.098861820640991,5.03081355293423,50.134326593211
258.3,-47.8618097598055,-50.0175515470809,-49.125252493199,0.892299053881906,-44.2078773953418,-49.2356543823499,1.37384462254434,-0.781897164731035,0.110401889150872,5.0277769870081,50.1279534362318
258.328075219735,-47.8714056839126,-49.9781593217285,-48.9144814764763,1.06367784525211,-44.0517801072951,-49.0822326706744,1.21082698676175,-0.895926651054083,0.167751194198026,5.03045256337927,50.1459105159265
258.4,-47.9474999755838,-49.8822731827334,-48.7884594881356,1.0938136945978,-44.0186384641228,-49.0559454793779,1.10844550379407,-0.826327703355503,0.267485991242296,5.03730701525511,50.1497591739757
258.5,-48.1547174709276,-49.765104391613,-50.5593771091058,-0.794272717492873,-45.8917794658261,-50.9346430687376,2.77992559780999,1.1695386771246,0.375265959631726,5.04286360291147,50.1403703512447
258.6,-48.4807098281614,-49.6722718028405,-50.0153390013551,-0.343067198514547,-45.4882215326365,-50.5459039519242,2.06519412376284,0.873632149083711,0.530564950569165,5.0576824192877,50.2028367534097
258.7,-48.9080316615438,-49.6098938893435,-49.9877847377504,-0.377890848406871,-45.4813031802953,-50.5513425806053,1.64331091906149,0.941448691261762,0.563557842854891,5.07003940030997,50.1734517321984
258.8,-49.3887068637928,-49.5805325568334,-47.2778847506699,2.30264780616357,-42.7779342052044,-47.8484890257355,-1.54021783805734,-1.73204353109794,0.570604275065627,5.07055482053112,50.1511368318991
258.9,-49.8316060781979,-49.5829526521321,-50.8101353729182,-1.22718272078608,-46.2037446920098,-51.2759211788102,1.44431510061224,1.69296852667804,0.465785805891962,5.07217648680037,50.0487384580241
259,-50.2055067966086,-49.6109376958425,-47.845836561711,1.76510113413148,-43.2215976087118,-48.2982806076963,-1.90722618891237,-1.31265708814618,0.452444045985303,5.07668299898447,50.0633817418278
259.1,-50.5248420032154,-49.6597810727142,-50.4985604483473,-0.838779375633052,-45.736345347933,-50.7999595774315,0.27511757421609,1.14017850471728,0.301399129084231,5.06361422949853,49.9611802017985
259.2,-50.7988881186738,-49.7235952995326,-49.326944206246,0.396651093286572,-44.576966872422,-49.6352604495388,-1.16362766913498,-0.088334849993764,0.308316243292808,5.05829357711684,50.0319115428254
259.3,-51.0963604888152,-49.8015516276398,-49.3929289945965,0.408622633043244,-44.6316449386068,-49.6928512579441,-1.40350923087112,-0.108700369695711,0.299922263347533,5.06120631933727,50.1014738909873
259.4,-51.3419637929256,-49.8924068668428,-50.0203633609973,-0.127956494154439,-45.1702435651998,-50.2305017049837,-1.11146208794184,0.33809483814089,0.210138343986451,5.06025813978389,50.1025452108293
259.5,-51.5502240422966,-49.9915098871604,-50.0264773270781,-0.0349674399177147,-45.1316062214752,-50.1991203340491,-1.35110370824745,0.207610446888701,0.172643006970986,5.06751411257391,50.1641528941314
259.6,-51.7005411419364,-50.0959025160398,-49.8135347496744,0.282367766365425,-44.8493398758682,-49.9362321983002,-1.76430894363622,-0.159670317739611,0.122697448625814,5.08689232243201,50.2185999646656
259.7,-51.7623384102377,-50.2007568377583,-49.7544393603444,0.446317477413899,-44.6622436846909,-49.7309921986987,-2.031346211539,-0.469764639059541,-0.0234471616456418,5.06874851400777,50.1773096761126
259.8,-51.6749349490338,-50.2984354277537,-51.5669333411146,-1.26849791336084,-46.2786742719986,-51.3472797740014,-0.327655175032397,1.0488443462477,-0.219653567113141,5.0686055020028,50.0787818606406
259.9,-51.4668803564373,-50.3796434172751,-50.3287090699202,0.050934347354854,-45.0012467899077,-50.0611467927575,-1.40573356367979,-0.318496624517572,-0.267562277162718,5.05990000284977,50.1120811401123
260,-51.2088999713972,-50.4408558875829,-50.0460881317465,0.394767755836419,-44.6601902068299,-49.7313992033289,-1.4775007680683,-0.709456684254043,-0.314688928417624,5.07120899649897,50.1261669591653
260.1,-50.8383350387625,-50.4786630427983,-50.5386155823858,-0.0599525395875062,-45.0101992737846,-50.0936868024066,-0.744648236355872,-0.384976240391744,-0.44492877997925,5.08348752862198,50.0337342628191
260.2,-50.3930921199251,-50.487117433156,-51.3006692216342,-0.813551788478236,-45.8056650333992,-50.9023703612844,0.50927824135929,0.415252928128425,-0.398298860349811,5.09670532788524,50.0888185728062
260.3,-49.9653451406169,-50.4674740616041,-49.6637505591899,0.803723502414186,-44.1480711202863,-49.2371931067965,-0.728152033820329,-1.23028095480756,-0.426557452393375,5.08912198651021,50.0409166092107
260.4,-49.4977895410501,-50.4203536911225,-51.7568276734324,-1.33647398230983,-46.2601172798606,-51.3441192567596,1.84632971570947,0.923765565637083,-0.41270841667275,5.08400197689902,50.0076452744498
260.5,-49.0962668103573,-50.3480751147109,-50.8702241389535,-0.52214902424258,-45.5171888006884,-50.6078192986121,1.51155248825482,0.259744183901226,-0.262404840341354,5.09063049792375,50.0856702743695
260.6,-48.8401337449166,-50.2595643784431,-51.2828173729486,-1.02325299450552,-46.0341846088268,-51.1334973699569,2.29336362504035,0.87393299151384,-0.149320002991679,5.09931276113014,50.1102443754514
260.7,-48.6576154711044,-50.1628602911368,-49.4642623133461,0.698597977790769,-44.3100289388428,-49.3984876899943,0.740872218889869,-0.764372601142519,-0.06577462335175,5.08845875115156,50.0970856677851
260.8,-48.5747265587314,-50.063771723427,-50.1940189075878,-0.130247184160716,-45.1377221216492,-50.2229989666495,1.64827240791804,0.159227243222432,0.0289800590617162,5.08527684500026,50.0927517824888
260.9,-48.577723460379,-49.968518757551,-51.1026812904129,-1.13416253286186,-46.1654677805594,-51.2594557107066,2.68173225032761,1.29093695315556,0.156774420293701,5.09398793014718,50.1252931778447
261,-48.7107239467001,-49.8836456327947,-50.401039995089,-0.517394362294276,-45.5763135917457,-50.6824213486664,1.97169740196626,0.79877571587167,0.281381353577395,5.1061077569207,50.1650269863721
261.1,-48.9435166309497,-49.8160058176703,-49.139880574776,0.676125242894372,-44.3831677308713,-49.4900336327734,0.546517001823773,-0.325972184896898,0.350153057997474,5.1068659019021,50.1661588756678
261.2,-49.2332069533609,-49.7694715525522,-49.1178087394431,0.65166281310907,-44.4116648937062,-49.5144481557397,0.281241202378858,-0.255023396812433,0.396639416296637,5.10278326203355,50.1661109688488
261.3,-49.6085826949631,-49.746960232367,-49.778760512776,-0.0318002804090582,-45.1354071252325,-50.226226196547,0.617643501583949,0.47926596418003,0.447465683770972,5.09081907131448,50.194425916138
261.4,-50.0241982028213,-49.7513980103167,-49.0472272837117,0.704170726605,-44.4290409715009,-49.5091807560498,-0.515017446771523,-0.242217254266947,0.461953472338053,5.08013978454881,50.2133514826548
261.5,-50.4682323095964,-49.782892421741,-49.4507937098809,0.33209871186007,-44.8359036588959,-49.9237543619051,-0.544477947691327,0.140861940164058,0.472960652024128,5.08785070300917,50.2558530737651
261.6,-50.9264475373584,-49.8412719885836,-49.5510728198184,0.290199168765241,-44.9092999732614,-49.9910244348922,-0.935423102466174,0.149752446308582,0.439951615073824,5.08172446163076,50.2812236036574
261.7,-51.3225059473979,-49.9236397232955,-49.3411434922879,0.582496231007646,-44.5824592208016,-49.676124092076,-1.64638185532192,-0.247515631219535,0.334980599788111,5.09366487127441,50.2586203230836
261.8,-51.6243528272668,-50.0225384979725,-49.1587771880966,0.863761309875926,-44.3818895156328,-49.4653689006885,-2.15898392657826,-0.557169597284037,0.306591712591889,5.08347938505573,50.3291302105644
261.888013718099,-51.8618658542324,-50.1200622810681,-49.5052846781253,0.614777602942851,-44.555055174738,-49.6521539014242,-2.20971195280821,-0.46790837964393,0.146869223298921,5.09709872668618,50.2669315043671
261.9,-51.8813983369995,-50.1338238797549,-48.9748404150733,1.15898346468165,-43.9873814795927,-49.086334977008,-2.79506335999143,-1.04748890274688,0.111494561934769,5.09895349741534,50.2453184416897
261.916147852576,-51.9026220813796,-50.1524071199962,-49.4476253035533,0.704781816442924,-44.4431073808408,-49.5422123223268,-2.36040975905287,-0.610194797669443,0.0945870187734812,5.09910494148596,50.2469941387697
261.939958030224,-51.928775004601,-50.1798253359437,-50.3921054595363,-0.21228012359262,-45.355796749898,-50.4551249972513,-1.47365000734962,0.275299661307628,0.0630195377150073,5.0993282473533,50.2428448736587
261.978764022722,-51.9558078899345,-50.2242907689156,-49.0119599559658,1.21233081294975,-43.9298006773832,-49.0294928701863,-2.92631501974829,-1.19479789872933,0.0175329142204248,5.09969219280304,50.241823683136
262,-51.9646831002955,-50.2483824235401,-50.3487617365548,-0.100379313014713,-45.2397554992095,-50.3396468555129,-1.62503624478266,0.0912644319727747,-0.00911488104193836,5.09989135630341,50.2392675424982
262.042734227957,-51.9687126275355,-50.2960424637749,-50.6234142996298,-0.327371835854841,-45.488600496498,-50.5874252812721,-1.3812873462634,0.291382817497144,-0.0359890183576965,5.09882478477404,50.2600534454172
262.1,-51.9515711911491,-50.3576808743254,-50.2070143851859,0.15066648913956,-45.0238150407141,-50.1212105720538,-1.83036061909528,-0.236470302271563,-0.0858038131320029,5.09739553133979,50.2718770611934
262.160975496041,-51.9047248932755,-50.4195575530068,-49.0778435067776,1.3417140462292,-43.8240652839697,-48.9249758605909,-2.97974903268466,-1.4945816924159,-0.152867646186699,5.10091057662116,50.2666899068201
262.2,-51.8549909192027,-50.4565752982686,-50.0044235566898,0.452151741578845,-44.7377717274787,-49.8409319438307,-2.01405897537196,-0.615643354437928,-0.163491612859083,5.10316021635198,50.2930836854095
262.267549111572,-51.7437012188513,-50.5150798371656,-50.1089442843616,0.406135552804038,-44.7765226514387,-49.8902199977208,-1.85348122113048,-0.624859839444852,-0.218724286640814,5.11369734628212,50.2963555505248
262.3,-51.6753212974608,-50.5403152926296,-49.6099392405583,0.930376052071317,-44.2700466105657,-49.3888060401196,-2.28651525734122,-1.15150925251002,-0.2211332004387,5.1187594295539,50.3191820921909
262.344736769752,-51.5669709950867,-50.5717345539204,-49.8375245990508,0.734209954869577,-44.4310075046211,-49.5557644955678,-2.01120649951896,-1.01597005835259,-0.281760103483016,5.12475699094663,50.2899744504373
262.4,-51.4025109141992,-50.6043606493209,-50.8360202196166,-0.231659570295704,-45.4106529313171,-50.5428186962546,-0.859692217944577,-0.0615419530662535,-0.293201523361958,5.13216576493746,50.3111591259589
262.462718565003,-51.2054144844922,-50.6326065106508,-50.379066397313,0.253540113337856,-44.9710806837593,-50.1074162162252,-1.097998268267,-0.525190294425634,-0.271650181087779,5.13633553246591,50.360956329563
262.5,-51.0910819226399,-50.6451299585664,-50.7501929980135,-0.105063039447131,-45.2938309886037,-50.4326451319412,-0.65843679069868,-0.212484826625193,-0.317547866072324,5.13881414333745,50.3275820924941
262.548099435753,-50.9207023290719,-50.6564292054252,-51.4892074382623,-0.832778232837043,-45.9785204511211,-51.1154535083854,0.194751179313506,0.459024302960167,-0.373753929876877,5.13693305726427,50.2826752755483
262.6,-50.7123452034394,-50.6617588982025,-49.0882435858051,1.5735153123974,-43.5992643966231,-48.7341677122269,-1.97817749121249,-1.92759118597562,-0.354075873578225,5.13490331560377,50.3076830246243
262.664653906282,-50.4400220338873,-50.6583243640613,-51.0977457862141,-0.439421422152897,-45.5459834332081,-50.681264734355,0.241242700467701,0.0229403702937816,-0.416481051859115,5.13528130114689,50.2418433122021
262.7,-50.2802463507027,-50.6514718607346,-51.5073866848594,-0.855914824124788,-45.9546588075111,-51.0901467522035,0.809900401500805,0.43867489146897,-0.417239932655818,5.13548794469249,50.2342319280788
262.745110656246,-50.0809656148391,-50.6377073240755,-50.929672053994,-0.291964729918519,-45.3565532692577,-50.4885311559856,0.407565541146489,-0.149176168089895,-0.441140898008413,5.13197788672792,50.1965664260671
262.79123392659,-49.869773318309,-50.617885124122,-48.7253786171661,1.8925065069559,-43.1755755118159,-48.3039645491255,-1.56580876918355,-2.31392057499649,-0.42141406804059,5.12838903730965,50.1964710560814
262.8,-49.8299078929934,-50.6134679867314,-52.2519295771412,-1.63846159040976,-46.7072205000583,-51.834927449623,2.00501955662961,1.22145946289159,-0.417002127518167,5.12770694956471,50.1964658592132
262.813753832,-49.7679032502391,-50.606130230772,-50.2187045737371,0.387425657034967,-44.6724093661441,-49.801299481622,0.0333962313828806,-0.804830749150085,-0.417405092115118,5.12889011547786,50.1887251386569
262.856612925937,-49.5817848478005,-50.5801470148797,-51.2326767258619,-0.652529710982272,-45.7638198792449,-50.8963969249552,1.31461207715474,0.31624991007557,-0.336279800906702,5.13257704571029,50.243867213973
262.9,-49.4162581597313,-50.5496915461726,-49.8567306732102,0.69296087296236,-44.4145489740253,-49.550858369171,0.134600209439704,-0.998833177001572,-0.305872304039212,5.13630939514573,50.2438192421333
262.959365611995,-49.2101435910181,-50.5022575753693,-49.383983971134,1.11827360423533,-43.9750490107287,-49.1196274770423,-0.0905161139757809,-1.382630098327,-0.264356494091665,5.14457846631363,50.2379010812777
263,-49.079725650082,-50.4664208285915,-49.8145088372836,0.651911991307813,-44.4325610698968,-49.5827995241223,0.503073874040311,-0.883621304469123,-0.231709313161311,5.15023845422549,50.2347115154301
263.052954378715,-48.9272390628739,-50.4162520925004,-51.0937469574053,-0.677494864904929,-45.7501068962736,-50.9031008927423,1.97586182986849,0.486848800241965,-0.190646064662964,5.15299399646877,50.2256060278374
263.1,-48.8068569128592,-50.3689384671215,-51.2846838799634,-0.915745412841957,-46.0183611110422,-51.1738031807385,2.36694626787928,0.804864713616986,-0.110880699224971,5.15544206969629,50.2580577678965
263.151826666216,-48.7229148719034,-50.3150444773695,-50.5522559417162,-0.237211464346728,-45.3684867484286,-50.5288572713896,1.80594239948623,0.213812794020086,-0.0233986703266424,5.16037052296099,50.2916458070429
263.2,-48.6641658014319,-50.264449730961,-50.5591697133356,-0.29471998237463,-45.3831252658881,-50.5480768287171,1.88391102728517,0.28362709775606,-0.0110928846185701,5.164951562829,50.2533568463424
263.273794769374,-48.6020318007742,-50.1868861971718,-49.4964041399766,0.690482057195233,-44.4099432278931,-49.5697378140796,0.967706013305424,-0.6171483830922,0.0733336741030328,5.15979458618656,50.2602198712749
263.3,-48.5977296876202,-50.1597476325212,-49.9872880669889,0.1724595655323,-44.929914204414,-50.0878774987164,1.49014781109625,-0.0718701338047723,0.100589431727528,5.15796329430241,50.2603370642487
263.353777131685,-48.6152925098308,-50.1056485216381,-49.7348112674552,0.370837254182902,-44.7433654719174,-49.9074956182205,1.29220310838972,-0.198152903417636,0.172684350765266,5.16413014630306,50.2783328724034
263.4,-48.6577219803507,-50.0615931585136,-51.1524999518771,-1.09090679336354,-46.2105258147118,-51.3799565335634,2.72223455321269,1.31836337504986,0.227456581686319,5.16943071885159,50.2890497401999
263.462422389368,-48.7549019620521,-50.0068849566883,-49.3508342111203,0.656050745568017,-44.5163296221314,-49.6964411916519,0.941539229599783,-0.310443765036453,0.345606980531564,5.18011156952049,50.3524919372199
263.5,-48.8515312904478,-49.9774597628945,-47.8125218874747,2.16493787541975,-43.0239250244743,-48.2104663518385,-0.641064938609276,-1.76699341105598,0.397944464363775,5.18654132736419,50.3754042272583
263.54924165303,-49.0032944585969,-49.943880089658,-50.0421670597629,-0.0982869701048301,-45.334637847154,-50.5242262411611,1.52093178256419,0.580346151503072,0.482059181398242,5.18958839400707,50.4259392710563
263.6,-49.1892277876886,-49.9160810021868,-50.772501404136,-0.856420401949244,-46.0332283088309,-51.2259576222909,2.03672983460233,1.30987662010418,0.45345621815494,5.19272931346003,50.3695372203417
263.661418498535,-49.4075343160849,-49.8916119266958,-48.6988119774738,1.19279994922192,-43.9620353249699,-49.1653525811681,-0.242181734916805,-0.726259345527701,0.46654060369422,5.20331725619813,50.35815253039
263.7,-49.5402379419987,-49.8811573985078,-48.201444313175,1.67971308533277,-43.4509982682879,-48.660966594408,-0.879271347590652,-1.22019080409978,0.459522281232992,5.20996832612013,50.3406796797408
263.749378215791,-49.714087894007,-49.8730326630444,-50.4441919384561,-0.571159275411738,-45.6863792306969,-50.8933233258917,1.17923543188468,1.02029066284727,0.449131387435536,5.2069440951948,50.3221640504799
263.8,-49.8944236285677,-49.8707983142739,-50.4732429276048,-0.602444613330889,-45.7004633627096,-50.9043070630674,1.00988343449962,1.0335087487935,0.431064135462613,5.20384370035777,50.3018624497365
263.856949499344,-50.0791449323501,-49.8751614487371,-51.2295903353713,-1.35442888663429,-46.4160947391945,-51.620755134462,1.5416102021119,1.74559368572496,0.391164799090674,5.20466039526751,50.2663262478277
263.9,-50.213166643377,-49.8827422814838,-49.0361593998764,0.846582881607404,-44.2028722127343,-49.4081499817303,-0.805016661646711,-0.474592299753553,0.371990581853851,5.20527776899603,50.2547328633377
263.948688675617,-50.3547680410945,-49.8954369459187,-48.9291342286311,0.966302717287604,-44.0528050863692,-49.258878353806,-1.0958896872885,-0.636558592112699,0.329744125174905,5.20607326743676,50.2251810710936
264,-50.4929577562426,-49.913024892362,-49.9978943992441,-0.0848695068821783,-45.0951649614712,-50.3020765774155,-0.190881178827041,0.389051685053573,0.304182178171395,5.20691161594434,50.2172070705334
264.058795730625,-50.635614590762,-49.9377865512381,-50.1163939978279,-0.178607446589801,-45.1803138555527,-50.3979009522854,-0.237713638476606,0.460114401047278,0.281506954457477,5.21758709673261,50.2192935056956
264.1,-50.7213995729983,-49.9576133922137,-49.5183168386216,0.439296553592108,-44.5672946205599,-49.7923631344199,-0.929036438578393,-0.165250257793836,0.274046295798271,5.22506851385995,50.231659688012
264.159633994081,-50.8373808719845,-49.989287600299,-50.3667908408302,-0.377503240531112,-45.3878596868006,-50.6131546943379,-0.224226177646543,0.6238670940389,0.246363853507788,5.2252950075373,50.2356514538068
264.2,-50.9019008218907,-50.0123968778902,-51.2122571590241,-1.19986028113393,-46.1942020764881,-51.4196503966663,0.517749574775671,1.40725351877617,0.207393237642243,5.22544832017821,50.2197901155324
264.257198697613,-50.973886794203,-50.0467173613309,-50.6278351646591,-0.581117803328155,-45.5448814048567,-50.7749332037357,-0.198953590467305,0.728215842404836,0.147098039076681,5.23005179887905,50.1938154004076
264.3,-51.0178226911174,-50.0730692473334,-51.4936068451922,-1.4205375978588,-46.4112111663762,-51.6447077094911,0.626885018373677,1.57163846215771,0.151100864298911,5.23349654311493,50.2241701116323
264.4,-51.0861983139809,-50.1356666763586,-50.4094555693558,-0.27378889299726,-45.284608880675,-50.5178531063023,-0.568345207678604,0.382186429943729,0.10839753694647,5.23324422562728,50.244064213305
264.5,-51.1427937464236,-50.1981225614441,-51.1192803174331,-0.921157755989,-45.9449962342137,-51.1756782118429,0.0328844654192864,0.977555650398784,0.056397894409784,5.23068197762925,50.2545204558539
264.6,-51.1662823780516,-50.2588218103961,-48.449785673825,1.80903613657116,-43.3137219633704,-48.5518495652525,-2.6144328127991,-1.70697224514358,0.102063891427576,5.23812760188208,50.3608857018237
264.7,-51.181730261809,-50.3172795957406,-51.2075805269745,-0.890300931233895,-46.041739771004,-51.2854690223574,0.103738760548445,0.968189426616782,0.0778884953828864,5.24372925135347,50.3951680911235
264.8,-51.2143830909027,-50.3734263882369,-50.0248797518045,0.348546636432431,-44.8550032409484,-50.0933246891396,-1.12105840176309,-0.280101699097337,0.0684449373350944,5.23832144819122,50.441871325572
264.9,-51.1867767345743,-50.4270248540845,-49.369270591089,1.05775426299554,-44.0033226728525,-49.2437666030047,-1.94301013156956,-1.1832582510798,-0.125503988084262,5.24044393015217,50.3015208660002
265,-51.0298501207988,-50.4701524758038,-49.4019373051722,1.06821517063155,-44.084578387868,-49.3393969134048,-1.69045320739393,-1.13075556239892,-0.0625403917673708,5.25481852553681,50.4076120840364
265.090827086828,-50.9056242446397,-50.4995051456176,-48.6651755407706,1.83432960484694,-43.2192326900527,-48.4715700224102,-2.43405422222946,-2.02793512320738,-0.193605518360435,5.25233733235751,50.3058996272571
265.1,-50.8843116039236,-50.5018848738605,-50.0006716852266,0.501213188633898,-44.5465082445389,-49.7985949933933,-1.08571661053034,-0.703289880467231,-0.202076691833334,5.25208674885436,50.2998081820272
265.114799155917,-50.8488850820215,-50.5054181099186,-48.8408185830898,1.66459952682879,-43.3926172382698,-48.6449551451036,-2.2039299369179,-1.86046296481495,-0.195863437986162,5.25233790683382,50.3095546719324
265.135223296532,-50.8012090913281,-50.5096830108618,-50.525565936793,-0.0158829259311801,-45.0817537216091,-50.3344382486095,-0.466770842718631,-0.175244762252341,-0.191127688183521,5.25268452700038,50.3185553226783
265.165048978437,-50.730206224391,-50.5146591195813,-51.0144002724022,-0.499741152820896,-45.5668706249206,-50.8200613266005,0.0898551022094978,0.305402207019164,-0.194338945801732,5.25319070167988,50.3203201737796
265.2,-50.6386597816828,-50.5185557759662,-50.8923549654782,-0.373799189511985,-45.377278196499,-50.6310620555188,-0.00759772616402898,0.112506279552548,-0.261292909959437,5.25378385901973,50.2572628660068
265.241550016873,-50.512854293957,-50.5201007237865,-51.2532353070741,-0.733134583287615,-45.7341928079192,-50.9825846708566,0.469730376899619,0.462483947070119,-0.270650636217496,5.24839186293742,50.249450087569
265.3,-50.333693304705,-50.5164253145088,-51.9113418337838,-1.394916519275,-46.4008248225692,-51.641631560307,1.30793825560196,1.1252062457982,-0.269710273476804,5.24080673773772,50.246715041032
265.4,-50.0526733898502,-50.4957309026666,-50.4562523610015,0.0394785416651473,-44.9470061111695,-50.1917764211864,0.139103031336184,-0.303954481480247,-0.2644759398151,5.24477031001685,50.2312549628515
265.5,-49.7127586664292,-50.4570952173816,-48.359791240621,2.09730397676062,-42.7589696802705,-48.0000378329083,-1.71272083352093,-2.45705738447326,-0.359753407712638,5.24106815263782,50.0973418096689
265.6,-49.2764281328274,-50.3958449670218,-51.017605740977,-0.621760773955188,-45.3813762993774,-50.6284279222726,1.35199978944524,0.232582955250862,-0.389177818704326,5.24705162289528,50.0066671483174
265.7,-48.83966123603,-50.3104112570164,-50.3156192845903,-0.00520802757388594,-44.7241064921549,-49.9767440957355,1.13708285970542,-0.333667161280978,-0.338875188854864,5.25263760358059,49.9715360681616
265.8,-48.4492531516187,-50.2039739285167,-50.0270545498731,0.176919378643504,-44.5078499242755,-49.7655950122196,1.31634186060089,-0.438378916297026,-0.261459537653522,5.25774508794413,49.9425143908631
265.9,-48.1806784873922,-50.0824329213102,-50.4854090736201,-0.402976152309947,-45.1880759606688,-50.4398681684932,2.25918968110108,0.357435247183076,-0.0455409051268703,5.25179220782447,50.0368920161833
266,-48.0784835616605,-49.957804707982,-50.2638980765952,-0.306093368613205,-45.0232456356117,-50.2830076714994,2.20452410983886,0.325202963517405,0.0191095949042008,5.25976203588769,49.9769143028862
266.1,-48.0836142480178,-49.8375081851747,-50.822361728143,-0.984853542968331,-45.7194185314926,-50.986117725284,2.90250347726617,1.14860954010928,0.163755997140953,5.26669919379136,50.0012641823156
266.2,-48.1712529206653,-49.7285281596285,-47.126734806948,2.60179335268049,-42.0633115063111,-47.3201867883444,-0.851066132320938,-2.40834137128416,0.193451981396329,5.25687528203327,49.9219801410248
266.3,-48.2823004639039,-49.6329661745068,-49.481455857309,0.151510317197761,-44.3915763722323,-49.6397757979508,1.35747533404689,0.00680962344404179,0.158319940641803,5.24819942571855,49.7912861151486
266.4,-48.4466626450743,-49.5515809019936,-50.9286995599457,-1.37711865795207,-45.9454773582338,-51.1841671214558,2.73750447638147,1.63258621946212,0.255467561510052,5.23868976322195,49.8070484635037
266.5,-48.7177151710605,-49.4892271663459,-48.0109612701214,1.47826589622447,-43.1703214627287,-48.4265381805622,-0.291176990498265,-1.06268898578372,0.415576910440748,5.25621671783355,49.9048040767867
266.6,-49.0745780952853,-49.4513784384851,-49.4463623542276,0.0050160842574769,-44.6296172036567,-49.8759311035094,0.801353008224176,0.424552665024322,0.429568749281799,5.24631389985277,49.8809471877669
266.7,-49.4760039029606,-49.4403567954778,-49.4443516743404,-0.00399487886267735,-44.5895841050719,-49.8497961889201,0.373792285959496,0.409439393442298,0.405444514579621,5.26021208384811,49.8458013100574
266.8,-49.8585395342604,-49.4547109113123,-49.541388549145,-0.0866776378327003,-44.7076223979226,-49.9620825852793,0.103543051018917,0.507371673967043,0.420694036134343,5.25446018735671,49.8754049474466
266.9,-50.256233085109,-49.4932029055663,-47.8483764281563,1.64482647740997,-43.0091120583927,-48.2691598934715,-1.9870731916375,-1.22404301209471,0.42078346531526,5.26004783507886,49.9139863708815
267,-50.6059157008128,-49.553570578049,-50.6398257650185,-1.08625518696946,-45.6681391614826,-50.9240675050016,0.31815180418883,1.37049692695258,0.284241739983116,5.25592834351901,49.8378123180321
267.1,-50.8577757565783,-49.6290516710895,-50.202350300405,-0.573298629315502,-45.1534913605519,-50.4000211464511,-0.457754610127139,0.77096947536166,0.197670846046158,5.24652978589925,49.8267225171356
267.2,-51.0039378446183,-49.7129093874237,-49.6519058110232,0.0610035764005872,-44.4121617854415,-49.6702627572952,-1.33367508732315,-0.0426466301285942,0.018356946271993,5.25810097185364,49.7312663336957
267.3,-51.0043473293698,-49.7955545943238,-48.7456754914761,1.04987910284769,-43.4125799658414,-48.660259932888,-2.34408739648173,-1.1352946614358,-0.0854155585881102,5.24767996704662,49.7101390357357
267.4,-50.9161845929639,-49.870203560418,-49.7601148410377,0.11008871938035,-44.3309100428936,-49.5806607086954,-1.33552388426848,-0.289542851722651,-0.1794541323423,5.24975066580178,49.6907494280757
267.5,-50.7291964895605,-49.9312622748741,-50.4951540723804,-0.563891797506258,-44.9771653789059,-50.2245519321931,-0.504644557367413,0.293289657318972,-0.270602140187286,5.24738655328719,49.6606601346868
267.6,-50.5059967516374,-49.9745896056932,-49.692624612901,0.28196499279214,-44.238268097475,-49.5003851573356,-1.00561159430188,-0.47420444835759,-0.192239455565449,5.26211705986051,49.7823501501277
267.7,-50.3147480839813,-50.0022615932276,-50.1047687013616,-0.102507108133985,-44.6569734400651,-49.9136863720164,-0.401061711964914,-0.0885752212112081,-0.191082329345193,5.25671293195126,49.8111792638824
267.8,-50.1296353700037,-50.0161775681362,-48.811719226044,1.2044583420922,-43.3752431358446,-48.6224386137937,-1.50719675620998,-1.39373895434241,-0.189280612250208,5.24719547794915,49.8268969558859
267.9,-49.9282655521862,-50.0170470079043,-51.2474655358167,-1.23041852791231,-45.7996235975813,-51.0480619943098,1.11979644212359,1.03101498640544,-0.199403541506868,5.24843839672849,49.8176434663975
268,-49.7331468477224,-50.0054273323328,-49.6463247736109,0.359102558721951,-44.1401830991851,-49.3928033542675,-0.340343493454917,-0.612623978065329,-0.253521419343379,5.25262025508237,49.7519059129895
268.1,-49.478398932003,-49.9794560166552,-49.4303026334746,0.549153383180581,-44.0505576421473,-49.3132099878079,-0.16518894419513,-0.666246028847326,-0.117092645666744,5.26265234566058,49.8623633709885
268.184737237539,-49.3571016250181,-49.9489367863074,-50.7095471676217,-0.760610381314336,-45.3275969065102,-50.5929406641187,1.23583903910056,0.644003877811279,-0.116606503503057,5.26534375760853,49.8323302828044
268.2,-49.3350623571131,-49.9429123270738,-52.2490331952535,-2.30612086817973,-46.8727712160959,-52.1385997473699,2.80353739025674,2.1956874202961,-0.110433447883629,5.26582853127402,49.8324788791902
268.222208236136,-49.3047187284579,-49.9338718789579,-50.2405323665191,-0.306660487561238,-44.8806488128576,-50.1461122331286,0.841393504670691,0.21224035417071,-0.0944201333905283,5.265463420271,49.8394517455674
268.254719639893,-49.2694851178426,-49.9201582978324,-51.019068238091,-1.09890994025854,-45.7026307715362,-50.9675596932021,1.6980745753595,1.04740139536965,-0.0515085448888826,5.26492892166593,49.8686497529436
268.3,-49.2378415786822,-49.9005835704366,-50.1040081665352,-0.203424596098664,-44.7797276109651,-50.0439121080132,0.80607052933108,0.143328537576672,-0.0600960585219923,5.26418449704819,49.8404875119146
268.344203915552,-49.201921218548,-49.8810570830068,-49.6982995971501,0.182757485856747,-44.3849675865059,-49.6530956209609,0.451174402412931,-0.227961462045904,-0.0452039761891569,5.26812803445502,49.8358531068177
268.4,-49.1723807873076,-49.8559013127429,-50.3490667927689,-0.493165480025951,-45.126455992969,-50.3995617300421,1.22718094273449,0.543660417299172,0.0504949372732213,5.27310573707312,49.9063962500161
268.476657753578,-49.1979395469405,-49.8226424336045,-47.6633083684463,2.15933406515823,-42.5396107888349,-47.8224427040537,-1.37549684288683,-2.00019972955087,0.159134335607362,5.28283191521877,49.9817767692119
268.5,-49.2212255536431,-49.8132996986197,-49.22818675892,0.585112939699641,-44.1063428811882,-49.3921364126353,0.170910858992158,-0.421163285984434,0.163949653715207,5.28579353144704,49.9772493523349
268.542495056577,-49.2723318687769,-49.7976435059931,-51.9020357490542,-2.10439224306111,-46.8175770722405,-52.1090453155863,2.83671344680931,2.31140180959319,0.207009566532079,5.29146824334573,50.0046530725252
268.6,-49.3580024647026,-49.7797085787925,-50.214998551462,-0.43528997266948,-45.1479110541558,-50.4470584021543,1.08905593745165,0.667349823361796,0.232059850692316,5.29914734799854,50.0117684294848
268.671338101203,-49.4887345910895,-49.7633000179032,-51.1946212586934,-1.43132124079021,-46.150127297995,-51.4569029819518,1.96816839086237,1.69360296404869,0.262281723258475,5.30677568395682,50.0255817411616
268.7,-49.5449635085099,-49.758693363674,-49.6174507796175,0.141242584056478,-44.578850739295,-49.8886913014802,0.34372779297027,0.129997937806223,0.271240521862701,5.30984056218515,50.0299338855367
268.746122892346,-49.630282209131,-49.7536285660337,-49.4126657528238,0.340962813209835,-44.3325252833878,-49.6386918812729,0.00840967214195132,-0.114936684760771,0.226026128449064,5.30616659788507,49.9796546944827
268.8,-49.7207302397368,-49.7509003244774,-48.9800642933701,0.770836031107272,-43.915640672256,-49.2175156362031,-0.503214603533706,-0.533384688274339,0.237451342832934,5.30187496394704,49.9883516673103
268.871950865265,-49.8534063833451,-49.7524732905783,-49.8768705646746,-0.124397274096253,-44.8649748302316,-50.1650289372088,0.311622553863778,0.41255564663053,0.288158372534276,5.30005410697726,50.0406316631126
268.9,-49.9217044815462,-49.7549409165363,-48.0269409757109,1.72799994082536,-43.0211517300255,-48.3204959989447,-1.60120848260154,-1.43444491759163,0.293555023233736,5.29934426891916,50.04849593977
268.946871966393,-50.0339562451522,-49.7617108308488,-49.9074331624056,-0.145722331556762,-44.901834130323,-50.2002352949811,0.166279049828951,0.438524464132271,0.29280213257551,5.29840116465808,50.0545129634244
269,-50.1535593654764,-49.7732142271712,-50.9075590608215,-1.13434483365024,-45.8489470983803,-51.1462792813264,0.99271991585006,1.37306505415522,0.23872022050498,5.29733218294615,50.0119344476762
269.1,-50.3442628249996,-49.8038832240772,-51.0715724230368,-1.26768919895965,-45.9582463198687,-51.2483907438843,0.904127918884711,1.44450751980712,0.176818320847467,5.29014442401559,49.9807015449246
269.2,-50.4974411597165,-49.8435621618161,-50.8825479160503,-1.0389857542342,-45.6903708623493,-50.9804353040518,0.482994144335301,1.13687314223566,0.0978873880014604,5.29006444170254,49.9414495498176
269.3,-50.6001544539997,-49.8884033877678,-49.0923732271899,0.796030160577814,-43.9290441151727,-49.1944247832738,-1.40572967072591,-0.693978604493942,0.102051556083872,5.26538066810108,49.9904549438516
269.4,-50.703671653908,-49.9374007603336,-50.6367267048339,-0.699325944500373,-45.4089584176293,-50.6613228722841,-0.0423487816238719,0.723922111950529,0.0245961674501558,5.25236445465482,49.9619969277837
269.5,-50.7692411520902,-49.9880712231249,-49.2663929675758,0.721678255549065,-44.1050139028157,-49.3505047140178,-1.41873643807241,-0.637566509107053,0.0841117464420122,5.2454908112021,50.0721829695669
269.588571650641,-50.8344737333498,-50.0346085710522,-49.5798749292141,0.454733641838061,-44.324532054312,-49.5739221660795,-1.26055156727035,-0.460686404972662,-0.00595276313460147,5.24939011176753,50.0286558079176
269.6,-50.8379674876002,-50.0406138891383,-50.7314250999332,-0.690811210794948,-45.4698090872394,-50.7197023235258,-0.11826516407438,0.679088434387509,-0.0117227764074386,5.24989323628641,50.0288911127308
269.629133407654,-50.8428920516262,-50.0558173816566,-51.9675487518827,-1.91173137022608,-46.6600683297047,-51.9135733050901,1.07068125346395,1.85775592343349,-0.0539754467925846,5.25350497538545,50.001841934864
269.661669574348,-50.8362405566955,-50.0724206097238,-48.9527318481389,1.11968876158488,-43.6495357238989,-48.907074286662,-1.92916627003354,-1.16534632306181,-0.0456575614769292,5.2575385627631,50.0267630482469
269.696203523233,-50.8258006194818,-50.0894875607558,-49.5795435717214,0.50994398903439,-44.2297240659468,-49.4915438859838,-1.33425673349802,-0.597943674772075,-0.0879996857376852,5.26181982003696,50.0014878750181
269.7,-50.8235652993107,-50.0913216828294,-49.4637721257383,0.627549557091079,-44.1106063986557,-49.3728968771113,-1.4506684221994,-0.718424805718051,-0.0908752486269719,5.26229047845563,50.0004464342024
269.708069099232,-50.8185198713302,-50.0951856007704,-50.9174846581954,-0.822299057424971,-45.5585775212023,-50.8203965360481,0.00187666471788361,0.725210935277708,-0.0970881221472624,5.26181901484584,49.9980974786232
269.721410708572,-50.8095875786214,-50.1014681572084,-51.1902289916833,-1.08876083447488,-45.8321928346486,-51.0932323221743,0.283644743552863,0.991764164965829,-0.0969966695090463,5.26103948752571,50.0044714876994
269.74455769992,-50.7930437839005,-50.1120496192687,-50.1940570773211,-0.0820074580523524,-44.8173024422338,-50.0769894908089,-0.716054293091631,-0.035060128459854,-0.117067586512206,5.25968704857511,49.9949820327565
269.773730046505,-50.767670666587,-50.1247555051636,-49.7403346853649,0.384420819798713,-44.3648927463755,-49.6228753048419,-1.14479536174517,-0.501880200321708,-0.117459380522995,5.25798255846633,50.0072961246406
269.8,-50.7419229577834,-50.1355664924822,-49.8580367944273,0.277529698054813,-44.4399219218732,-49.6963695720743,-1.04555338570912,-0.43919692040788,-0.161667222353067,5.25644765020108,49.9738992701291
269.832901806457,-50.6964408476407,-50.1480847248861,-51.148989745225,-1.00090502033891,-45.6924659600621,-50.946370792394,0.249929944753248,0.798286067507874,-0.202618952831031,5.25390483233191,49.9454657720551
269.874741759051,-50.6206031459115,-50.1619684003095,-49.7686050185491,0.393363381760388,-44.2875095031206,-49.5381807324817,-1.08242241342975,-0.623787667827756,-0.230424286067368,5.25067122936108,49.9315441142421
269.9,-50.5699035266046,-50.169116339409,-51.029036446281,-0.859920106871968,-45.5193337092637,-50.7680528541241,0.198149327519516,0.598936514715099,-0.260983592156869,5.24871914486041,49.9081327472521
269.931573571642,-50.5012553818054,-50.1766441299965,-48.4526739380025,1.723970191994,-42.9523282846758,-48.1990978603204,-2.30215752148498,-1.9775462696761,-0.253576077682098,5.24676957564458,49.9230680523144
270,-50.3512188163948,-50.1876320402449,-49.7631933080351,0.424438732209815,-44.2646822881394,-49.5072267460245,-0.843992070370355,-0.6804052942204,-0.255966562010585,5.24254445788507,49.9316654782343
270.084285991449,-50.1584750252146,-50.1912669433588,-50.1865044886773,0.00476245468157543,-44.6810750978968,-49.941944998067,-0.216530027147599,-0.249321945291832,-0.244559490610257,5.26086990017021,49.9467074527486
270.1,-50.1212973949696,-50.1907390766265,-49.5738957070125,0.616843369613946,-44.063644260259,-49.3279306968169,-0.793366698152695,-0.862808379809536,-0.24596501019559,5.26428643655797,49.9447740664309
270.140599510035,-50.0268805279172,-50.187640755788,-50.3664795492002,-0.178838793412204,-44.8783076211299,-50.1463030839111,0.119422555993843,-0.0413376718769669,-0.220176465289171,5.26799546278122,49.9674642904989
270.2,-49.8929083786282,-50.1788532986332,-49.1819234977686,0.996929800864571,-43.7240900991496,-48.9975121785271,-0.895396200101068,-1.18134112010608,-0.184411319241512,5.27342207937752,49.9944419793917
270.267627837021,-49.7534434757553,-50.1634430497511,-51.0239141343887,-0.860471084637588,-45.5260077227784,-50.7921092132021,1.03866573744673,0.628666163450973,-0.231804921186615,5.26610149042372,49.9316381285645
270.3,-49.6807022709371,-50.1540271480474,-50.2149024628108,-0.0608753147634786,-44.729156921694,-49.991754185025,0.311051914087884,-0.162272963022346,-0.223148277785825,5.262597263331,49.9308788702615
270.344696095208,-49.5888545178476,-50.1389185208928,-48.8424826608305,1.2964358600623,-43.4095284450591,-48.6758879756829,-0.912966542164675,-1.46303054520989,-0.166594685147594,5.26635953062387,49.9723238357452
270.4,-49.4992221951392,-50.1176115645375,-50.7081000025067,-0.59048843796915,-45.2989847995463,-50.5699995035405,1.07077730840128,0.452387939002989,-0.138100498966161,5.27101470399418,49.9795110655714
270.462919428348,-49.4063938342547,-50.0906207749519,-49.5176849979139,0.572935777037934,-44.1192779196758,-49.3845398806609,-0.0218539535937339,-0.706080894290928,-0.133145117252994,5.26526196098518,49.9574756576989
270.5,-49.3566618461858,-50.0735116455604,-50.9495648408902,-0.876053195329781,-45.5658682906684,-50.8277399633921,1.47107811720635,0.754228317831725,-0.121824877498057,5.26187167272374,49.9516867680624
270.54282138752,-49.2907560860868,-50.0527112613297,-50.6050198157567,-0.552308554427015,-45.2047182573385,-50.4741467558691,1.18339066978229,0.421435494539416,-0.130873059887598,5.26942849853054,49.9218382014421
270.6,-49.2162364970649,-50.0230535081529,-49.9650565907239,0.0579969174290014,-44.6613223911595,-49.9408413804335,0.724604883368599,-0.0822121277193446,-0.0242152102903432,5.27951898927402,49.9988382978625
270.657799545598,-49.188597262732,-49.9923724401853,-49.7670009489931,0.225371491192242,-44.4938901300309,-49.7720072614698,0.583409998737764,-0.220365178715568,0.00500631247667371,5.27811713143881,49.997378752662
270.7,-49.1734263168868,-49.9701847957499,-50.0365910888912,-0.0664062931412843,-44.7224128456778,-49.999506456308,0.826080139421194,0.0293216605580184,-0.0370846325832659,5.27709361063012,49.9331001631667
270.742901732267,-49.1392033048431,-49.947548449723,-50.0065445371886,-0.0589960874656157,-44.6738207069276,-49.9600411147346,0.820837809891536,0.0124926650116421,-0.0465034224539735,5.28622040780705,49.901045027269
270.792627143842,-49.1041287605451,-49.9209324929911,-50.548556737071,-0.62762424407984,-45.2343890682254,-50.5311879240811,1.42705916353597,0.610255431089968,-0.0173688129898721,5.29679885585565,49.9035636800013
270.8,-49.0987724511362,-49.9169669465434,-51.7062760324616,-1.7893090859182,-46.3923244170917,-51.6906917542001,2.59191930306388,1.77372480765669,-0.0155842782615068,5.29836733710843,49.9013826682819
270.814566691867,-49.0888673270125,-49.9091158439279,-51.9932650144088,-2.0841491704809,-46.6779397592521,-51.9750866940682,2.8862193670557,2.06597085014038,-0.0181783203405175,5.29714693481613,49.8909375235873
270.838218344243,-49.0722299808757,-49.8963202303399,-50.3645283367765,-0.468208106436684,-45.0525820805035,-50.3477474720124,1.27551749113671,0.451427241672548,-0.0167808647641365,5.29516539150893,49.8795393655757
270.875246124927,-49.0523044484037,-49.8762106209635,-49.0149097639513,0.861300857012147,-43.7511382702646,-49.0432014619852,-0.00910298641844065,-0.833009158978243,0.0282916980339039,5.29206319172066,49.9045023189974
270.9,-49.0484171144651,-49.8628659489645,-50.683257928066,-0.820391979101487,-45.428802016127,-50.7187913199561,1.67037420549099,0.855925370991592,0.0355333918901053,5.28998930382909,49.8983993408546
270.94030678556,-49.041761065974,-49.8414704899693,-48.6857079590398,1.15576253092953,-43.4299093153348,-48.7190243079183,-0.32273675805569,-1.12244618205099,0.0333163488785431,5.28911499258354,49.8747868388478
271,-49.0377629137884,-49.8105438110845,-50.7062929311106,-0.895749120026132,-45.4735614383637,-50.7613816006118,1.72361868682341,0.950837789527334,0.0550886695012025,5.28782016224809,49.8656324805857
271.08441482712,-49.0475406610822,-49.769033808373,-49.4768429262139,0.292190882159176,-44.2735764343451,-49.5522400958343,0.504699434752098,-0.216793712538731,0.0753971696204445,5.27866366148924,49.8444309779935
271.1,-49.0546260609913,-49.7617086586523,-50.1903568350327,-0.428648176380413,-44.9930545490771,-50.2700276823479,1.21540162135661,0.508319023695591,0.0796708473151782,5.27697313327084,49.8413795059675
271.124496789765,-49.0660529097078,-49.7504970989134,-52.8232803266602,-3.07278322774681,-47.6248053413057,-52.9032121999847,3.83715929027687,3.15271510107127,0.0799318733244618,5.27840685867898,49.8304289722379
271.17099943168,-49.0968768993068,-49.7302898332063,-50.4252483510961,-0.694958517889866,-45.2741673865571,-50.5552959087642,1.45841900945732,0.825006075557901,0.130047557668036,5.2811285222071,49.8603373908743
271.2,-49.1276847497783,-49.7186011332313,-48.1848684880244,1.53373264520686,-43.0520167182292,-48.3348425588217,-0.792842190956598,-1.38375857440965,0.149974070797214,5.28282584059248,49.8685752040285
271.257301919058,-49.209127739262,-49.6981321743684,-49.0913044857606,0.606827688607822,-44.0169456817056,-49.2948964037445,0.0857686644825506,-0.403235770623859,0.203591917983964,5.27795072203892,49.9017240923524
271.3,-49.2846772792146,-49.6856266745065,-51.659534513505,-1.97390783899851,-46.5978871706647,-51.8722052358917,2.5875279566771,2.1865785613852,0.212670722386697,5.27431806522696,49.8982973968932
271.36537607966,-49.413779309837,-49.6715083223201,-51.7487636726455,-2.07725535032536,-46.6850936451576,-51.9546786146411,2.5408993048041,2.283170292321,0.205914941995637,5.26958496948352,49.8774232643157
271.4,-49.4841204611765,-49.6664808477156,-48.8604980117179,0.805982835997753,-43.8245634667356,-49.0916417345197,-0.392478726656819,-0.574839113195949,0.231143722801804,5.26707826778409,49.8976245705174
271.459726389411,-49.6040742839236,-49.6618507133354,-49.2289147687134,0.432935944622059,-44.1641478942496,-49.4209634033083,-0.183110880615338,-0.240887310027169,0.19204863459489,5.25681550905863,49.8538993479303
271.5,-49.6856043695563,-49.6613876912,-50.4579933623557,-0.796605671155703,-45.4115183332199,-50.66141364582,0.975809276263696,1.00002595462,0.203420283464297,5.24989531260011,49.8648079746643
271.563852499292,-49.8285351314193,-49.6652703938897,-49.7689409427487,-0.103670548858986,-44.7545056309039,-50.0060545913198,0.177519459900573,0.340784197430096,0.237113648571111,5.25154896041597,49.9023840424608
271.6,-49.9191156674073,-49.6701704349892,-49.5035786169824,0.166591818006822,-44.5004440551031,-49.7529291611086,-0.166186506298651,0.0827587261194438,0.249350544126266,5.25248510600552,49.9195209791155
271.650401729628,-50.0575156993401,-49.6804981116046,-50.8709863807448,-1.19048826914025,-45.9058374182172,-51.1669893552174,1.10947365587728,1.48649124361277,0.296002974472515,5.26115193700021,49.9765010860771
271.7,-50.2081933357952,-49.6950404028847,-49.2421107227311,0.452929680153602,-44.2662756332131,-49.5359562423466,-0.672237093448558,-0.1590841605381,0.293845519615502,5.26968060913355,49.9888859225002
271.758813913222,-50.370340233612,-49.7176573412273,-47.5187777099371,2.19887963129015,-42.5242418150654,-47.7924931013594,-2.57784713225256,-1.9251642398679,0.27371539142225,5.26825128629395,49.9913727326495
271.8,-50.4865897717636,-49.7366522827509,-49.1559671794931,0.580685103257757,-44.1757897605605,-49.4430401235817,-1.04354964818186,-0.293612159169179,0.287072944088578,5.26725036302118,50.0237252268395
271.850973569854,-50.6268702188519,-49.7637786838578,-49.0693033420049,0.694475341852879,-44.0209766430934,-49.2785060896138,-1.34836412923811,-0.485272594243995,0.209202747608884,5.25752944652037,49.9729814314667
271.9,-50.7373211372813,-49.792938537605,-51.0156525080017,-1.22271397039671,-45.978782339614,-51.2269621989825,0.489641061701185,1.43402366137752,0.211309690980812,5.24817985936851,50.0042482285858
271.949189582205,-50.8560365269864,-49.8249444764807,-49.6728076027077,0.152136873773053,-44.6095821821039,-49.8550715690706,-1.00096495791577,0.0301270925898649,0.182263966362918,5.24548938696667,50.0072084428436
272,-50.9546396621355,-49.8606139693614,-49.0561966622182,0.804417307143204,-43.8878713176756,-49.1305815790495,-1.82405808308597,-0.730032390311919,0.0743849168312849,5.24271026137388,49.9349988861927
272.055574929347,-51.0247523447414,-49.901200917892,-50.2723169582168,-0.371116040324807,-45.0618369322516,-50.2968579475738,-0.727894397167532,0.395657029681843,0.0245409893570354,5.23502101532227,49.925741907249
272.1,-51.0575511688499,-49.9340911808299,-50.0501962115247,-0.116105030694769,-44.7931820276358,-50.0220564710574,-1.03549469779252,0.0879652902274302,-0.0281397404673385,5.22887444342153,49.9059514403626
272.160508380506,-51.070130008263,-49.9783659036638,-49.4804590316668,0.49790687199701,-44.1099874520848,-49.3407589507581,-1.72937105750483,-0.637606952905671,-0.139700080908661,5.23077149867338,49.8386658227551
272.2,-51.040036116584,-50.0060136401356,-51.4277792534007,-1.42176561326512,-46.0219545505838,-51.2539641882313,0.213928071647324,1.24795054809571,-0.173815065169414,5.23200963764749,49.8321985749662
272.276612678049,-50.9774439048586,-50.0551605703289,-49.3252451351313,0.72991543519754,-43.9705529332116,-49.202097447634,-1.77534645722457,-0.85306312269487,-0.12314768749733,5.23154451442233,49.9320128828315
272.3,-50.9636506762769,-50.0691356486702,-49.059246204326,1.00988944434427,-43.7144900225651,-48.9458925502185,-2.01775812605846,-1.12324309845176,-0.113353654107485,5.23140252765342,49.9557819945628
272.331761734416,-50.9428053976589,-50.0874235403649,-49.8095313271187,0.277892213246197,-44.4570599345331,-49.6846673467985,-1.25813805086039,-0.402756193566361,-0.124863980320164,5.22760741226541,49.9625595600447
272.374781260569,-50.9196683549862,-50.1109538300987,-47.0949339436697,3.01601988642901,-41.7534850723191,-46.9759522090709,-3.94371614591532,-3.13500162102778,-0.118981734598769,5.22246713675177,49.9919720954999
272.4,-50.9041159591089,-50.1241370440396,-49.4134508993025,0.710686144737068,-44.0614761389094,-49.2809299633266,-1.62318599578236,-0.843207080713029,-0.132520935975961,5.2194538244172,49.9916161080636
272.445409649042,-50.8756923774999,-50.1466540571446,-48.7460360564669,1.40061800067776,-43.4140291511888,-48.6348798433832,-2.24081253411664,-1.5117742137614,-0.111156213083639,5.22085069219447,50.035497844061
272.5,-50.8321456721783,-50.1717025115772,-51.9306540097936,-1.75895149821641,-46.5256371600348,-51.7481671319377,0.916021459759406,1.57646462036054,-0.182486877855872,5.22252997190287,49.9892156337213
272.55576321989,-50.7681077184231,-50.1943384438342,-50.7022759954633,-0.507937551629105,-45.2969320537287,-50.5294976399027,-0.238610078520374,0.335159196068446,-0.172778355560659,5.23256558617393,50.0215600882736
272.6,-50.7128097552231,-50.2100092544277,-50.8611868741614,-0.651177619733659,-45.4558233878631,-50.6963501940428,-0.0164595611802625,0.486340939615097,-0.164836680118562,5.24052680617967,50.0451725743091
272.662746005655,-50.6235783721188,-50.2285957057179,-50.5694769190252,-0.340881213307263,-45.1379715364068,-50.3736499334261,-0.249928438692756,0.145054227708151,-0.195826985599112,5.2356783970193,50.0327687201188
272.7,-50.562673699798,-50.2374381534644,-49.4523310751801,0.785107078284312,-43.9941355532032,-49.2269353190562,-1.33573838074183,-1.01050283440819,-0.225395756123881,5.23279976585297,50.0120423973405
272.748616097885,-50.4659659457468,-50.2461767910424,-51.2509878577146,-1.00481106667217,-45.7806424717325,-51.0124919231146,0.546525977367786,0.766315132072158,-0.23849593460001,5.2318494513821,50.0076808564424
272.8,-50.360129862416,-50.2516886711693,-49.6761489716786,0.575539699490669,-44.2284862897468,-49.4593313235003,-0.900798538915673,-0.79235734766894,-0.216817648178271,5.23084503375348,50.034871022991
272.859140095103,-50.2505621659569,-50.2536986253591,-50.4427225089082,-0.189023883549034,-45.0063112468258,-50.236750817106,-0.0138113488509077,-0.0169478082531782,-0.205971691802212,5.2304395702802,50.0477269335569
272.9,-50.1735261890642,-50.2526203146497,-52.4258430528918,-2.17322273824212,-46.959487043078,-52.1896464785541,2.01612028948993,1.93702616390438,-0.236196574337733,5.23015943547608,50.016423740312
272.955475868972,-50.0641414277917,-50.2477971296129,-48.953821215344,1.29397591426893,-43.5051344928015,-48.7403465604761,-1.32379486731564,-1.50745056913685,-0.213474654867923,5.23521206767456,50.034322474745
273,-49.9805197514567,-50.241257531362,-50.5503127150336,-0.309055183671532,-45.1214240228067,-50.3606912600931,0.380171508636373,0.119433728731053,-0.189621454940479,5.23926723728636,50.0516360764216
273.058052617384,-49.8834631853784,-50.2296163849306,-50.3913292223861,-0.161712837455497,-44.9761223298344,-50.2096710296247,0.326207844246241,-0.0199453553059783,-0.181658192761475,5.23354869979028,50.0479581921692
273.1,-49.824541133436,-50.2193308769002,-49.9082892088996,0.311041668000627,-44.5415207934734,-49.7709374197904,-0.0536037136456358,-0.448393457109837,-0.137351789109211,5.229416626317,50.081979087791
273.156906539253,-49.7493391166369,-50.2035318054131,-50.557657681647,-0.35412587623388,-45.1270496826641,-50.3667826917365,0.617443575099578,0.163250886323389,-0.19087498991049,5.23973300907245,50.0126568155026
273.2,-49.6713273713595,-50.1897385154975,-50.9997086902155,-0.809970174717925,-45.5697164163789,-50.8172616846601,1.14593431330061,0.627523169162558,-0.182447005555368,5.24754526828123,50.0072915099422
273.252385530061,-49.5798405349677,-50.1705866361159,-48.344350540927,1.82623609518891,-42.9361336032517,-48.1846300190075,-1.39521051596027,-1.98595661710849,-0.159720521919574,5.24849641575575,50.0108661141964
273.3,-49.509953386238,-50.1512168735939,-47.5384205435326,2.61279633006124,-42.1903980932753,-47.4397590298784,-2.07019435635966,-2.71145784371551,-0.0986615136542781,5.24936093660301,50.0525553599396
273.368684925307,-49.4244540606352,-50.120953936976,-48.8299308882454,1.29102304873056,-43.4829599129306,-48.7297691604651,-0.69468490017006,-1.39118477651088,-0.100161727780325,5.24680924753453,50.0207922091957
273.4,-49.3896162171509,-50.1063870013123,-49.4477322345825,0.658654766729796,-44.1218052818459,-49.3674511542523,-0.0221650628985373,-0.738935847059999,-0.0802810803302023,5.24564587240648,50.0261059209821
273.437862465334,-49.3561174989014,-50.0883245934794,-49.9363945603553,0.151930033124145,-44.6196803982297,-49.8697264568165,0.513608957915082,-0.218598136662962,-0.0666681035388166,5.25004605858683,50.0216564899406
273.479541091953,-49.3268253011401,-50.0680802734378,-51.1511961116625,-1.08311583822466,-45.8912037590784,-51.1460934990062,1.81926819786613,1.07801322556845,-0.00510261265620926,5.25488973992781,50.0629776607816
273.5,-49.3195499070416,-50.0581210179569,-48.8870343761771,1.17108664177972,-43.6278343203191,-48.8851016921221,-0.434448214919513,-1.17301932583474,-0.00193268405502067,5.25726737180307,50.0561883339019
273.531983515811,-49.310336992985,-50.0426351307714,-47.6985631422324,2.34407198853897,-42.4572448989352,-47.7166946704965,-1.59364232248846,-2.32594046027493,0.0181315282640426,5.25944977156134,50.0607666590355
273.58883873341,-49.3212036518981,-50.015808566771,-48.1506560107972,1.86515255597376,-42.9849507680318,-48.2482800634666,-1.07292358843149,-1.76752850330437,0.0976240526693957,5.26332929543483,50.1134326194404
273.6,-49.3280210080485,-50.0107506437015,-50.2562209744646,-0.245470330763112,-45.1035229183327,-50.3676138043835,1.03959279633499,0.356863160681996,0.111392829918884,5.2640908860508,50.1221434736203
273.616737275421,-49.340945867099,-50.0033431676529,-49.3164677695074,0.686875398145482,-44.1673715593308,-49.432294504891,0.0913486377920592,-0.571048662761854,0.115826735383628,5.26492294556025,50.1191699030365
273.637033474101,-49.3554325897963,-49.99465471511,-50.1317412222542,-0.137086507144168,-44.9781496132122,-50.2440815428928,0.888648953096542,0.249426827782784,0.112340320638616,5.26593192968057,50.1069950357486
273.694155584467,-49.3990293539357,-49.971882594425,-48.4388564476855,1.53302614673946,-43.2873408989571,-48.5561125378455,-0.842916816090209,-1.41577005657946,0.117256090159998,5.26877163888848,50.089138684585
273.7,-49.4035446886867,-49.9696926825385,-50.0242032612198,-0.0545105786813167,-44.8748849858224,-50.1439471679086,0.740402479221949,0.174254485370156,0.119743906688839,5.26906218208619,50.0894365892273
273.710033323593,-49.411374317587,-49.9659933995589,-49.7459043917138,0.220089007845139,-44.6001537499009,-49.8695980478027,0.458223730215742,-0.0963953517562288,0.123693656088911,5.26944429790179,50.0896870556478
273.72587729761,-49.4253492274557,-49.960312244249,-48.8882663508167,1.07204589343235,-43.7594227317098,-49.0294704421297,-0.395878785326062,-0.930841802119353,0.141204091313,5.27004771041988,50.101516335562
273.748902746857,-49.4492701709686,-49.9524453575139,-50.7216233939,-0.769178036386151,-45.6067105296724,-50.8776351567229,1.42836498575429,0.925189799209043,0.156011762822892,5.27092462705048,50.1084571203368
273.78109694582,-49.4893001559749,-49.942312820914,-48.6327627760757,1.30955004483828,-43.5267846173906,-48.7989353498768,-0.69036480609811,-1.1433774710372,0.166172573801077,5.27215073248612,50.108485394715
273.8,-49.5135604301033,-49.9368602461077,-52.0340909637067,-2.09723071759903,-46.9430706920697,-52.2159413411317,2.70238091102838,2.27908109502393,0.181850377424908,5.27287064906196,50.1187106235326
273.830490651518,-49.5569161914374,-49.9288804629029,-50.6711666577867,-0.742286194883796,-45.5966953586292,-50.8692206252223,1.31230443378489,0.940340162319387,0.198053967435591,5.27252526659312,50.1269344303385
273.867083669496,-49.6140337777988,-49.9206947557971,-51.0315190349541,-1.11082427915703,-45.9899335611921,-51.2620443208376,1.64801054303875,1.34134956504049,0.230525285883459,5.27211075964552,50.1512200416805
273.9,-49.6758185320071,-49.9147891381578,-49.1593658738624,0.75542326429543,-44.1217903783654,-49.3935282786941,-0.282290253313001,-0.521260859463695,0.234162404831736,5.2717379003287,50.1489515429896
273.96476196262,-49.8064800021013,-49.9075683729009,-49.1754637087103,0.732104664190629,-44.1195514237499,-49.3840591192346,-0.42242088286676,-0.523509253666354,0.208595410524275,5.26450769548466,50.1161637834252
274,-49.8680945852387,-49.9059729252358,-49.9362857855162,-0.0303128602803753,-44.8625100925045,-50.1230837159158,0.254989130677096,0.217110790679925,0.18679793039955,5.26057362341125,50.0927708556354
274.060650509929,-49.9745704613145,-49.9065977305303,-49.6225707887587,0.284026941771636,-44.5390163875433,-49.8091292384536,-0.165441222860906,-0.0974684920767217,0.186558449694914,5.27011285091029,50.0931561802252
274.1,-50.035604512933,-49.9091241683266,-50.80089569135,-0.891771523023465,-45.7112939692892,-50.9875957828018,0.951991269868842,1.07847161447527,0.186700091451804,5.27630181351265,50.0958242597784
274.157286247066,-50.1327827007148,-49.9155809884156,-50.5127688189216,-0.597187830505924,-45.4208724712404,-50.6997494679461,0.566966767231257,0.784168479530464,0.186980649024541,5.27887699670568,50.1025616374402
274.2,-50.2039358798011,-49.9225675207233,-50.4187989312701,-0.496231410546869,-45.3547097352312,-50.6355068391931,0.431570959391962,0.712939318469807,0.216707907922938,5.28079710396182,50.1392754286462
274.249290082404,-50.2936335158169,-49.9329838109834,-50.7671474367523,-0.834163625768859,-45.7078511876723,-50.9915441662073,0.697910650390455,1.05856035522386,0.224396729455002,5.28369297853502,50.1573805404384
274.3,-50.3945960335587,-49.9465145947731,-50.6266229048784,-0.680108310105282,-45.544202971628,-50.8308752424225,0.436279208863851,0.884360647649473,0.20425233754419,5.28667227079455,50.1507669323173
274.380318130638,-50.5208372543544,-49.9730887318741,-50.995397172453,-1.02230844057886,-45.8356812671991,-51.1089347760955,0.588097521741041,1.13584604422134,0.113537603642477,5.27325350889641,50.0866263355166
274.4,-50.5426916363031,-49.9802749312793,-50.5981841052962,-0.617909174016965,-45.4474469048248,-50.7174121609123,0.174720524609192,0.737137229633007,0.119228055616041,5.26996525608746,50.0995029868953
274.427211990144,-50.5742822919465,-49.9905393146915,-52.4248372084632,-2.4342978937717,-47.2660860531736,-52.5348046080491,1.96052231610252,2.54426529335757,0.109967399585869,5.26871855487544,50.1005067142774
274.485763439692,-50.6513313124959,-50.0140286668619,-49.569881699364,0.444146967497986,-44.427252203021,-49.6932882579128,-0.958043054583065,-0.320740408949142,0.123406558548844,5.26603605489181,50.1374352254108
274.5,-50.6689634108384,-50.0200547443746,-48.9129570242902,1.10709772008438,-43.7468447615633,-49.0122285768763,-1.65673483396209,-1.00782616749832,0.0992715525860604,5.26538381531295,50.1193262969607
274.519472672495,-50.688062310433,-50.0284417675393,-48.4227422959296,1.60569947160973,-43.2342387048546,-48.4976134811848,-2.19044882924815,-1.5308282863545,0.0748711852552333,5.26337477633022,50.1033129527946
274.555871131238,-50.7197975377587,-50.0444278629697,-51.0320759336478,-0.987648070678119,-45.8492175643061,-51.1088370305963,0.389039492837568,1.06440916762663,0.0767610969485091,5.25961946629018,50.1211889599182
274.6,-50.7529484849182,-50.0642953785075,-49.2030222191318,0.861273159375735,-43.9609678359697,-49.2160344286042,-1.53691405631403,-0.848260949903334,0.0130122094724001,5.25506659263448,50.0773075879799
274.653861401882,-50.7635952085311,-50.0885047133681,-48.2775817779774,1.8109229353907,-42.9955650661698,-48.2445945194338,-2.5190006890973,-1.84391019393426,-0.0329872585435567,5.24902945326408,50.0555174548245
274.7,-50.7538333355216,-50.1085907339369,-51.0269986101996,-0.918407876262748,-45.6989213583968,-50.9427792948147,0.188945959293093,0.834188560877777,-0.0842193153849706,5.24385793641788,50.0243714185519
274.758795759202,-50.7301499846036,-50.1326258486242,-50.6725006431512,-0.539874794527016,-45.3448724465578,-50.5976908323004,-0.132459152303213,0.4650649836762,-0.0748098108508159,5.2528183857426,50.0578160377733
274.8,-50.7090515087009,-50.1483241355998,-49.5327553618778,0.615568773722046,-44.2044144911001,-49.4635123860563,-1.24553912264458,-0.684811749543492,-0.0692429758214459,5.25909789495623,50.0790811597784
274.9,-50.6441205474766,-50.1820094319241,-50.6988149903553,-0.516805558431166,-45.3632018379677,-50.6291088324281,-0.0150117150484945,0.44709940050398,-0.069706157927186,5.26590699446037,50.112303273997
275,-50.5441823538386,-50.2084277143997,-51.577945681492,-1.36951796709231,-46.2161374715334,-51.4922102369684,0.948027883129789,1.28378252256866,-0.0857354445236496,5.27607276543497,50.1226922698761
275.1,-50.4576639891191,-50.2271911560172,-50.4300252950728,-0.202834139055597,-45.0341501453794,-50.3297819738719,-0.12788201524716,0.102590817854718,-0.100243321200878,5.29563182849253,50.1269478348163
275.2,-50.3571510045172,-50.2383964989068,-50.0642860065302,0.174110492376592,-44.707331598925,-50.0109013181686,-0.346249686348621,-0.227495180738138,-0.0533846883615468,5.30356971924362,50.1850118105452
275.3,-50.2803990457892,-50.2432526042627,-50.319337204467,-0.0760846002043039,-44.9910758178985,-50.2961626567237,0.0157636109345276,0.0529100524609518,-0.023174547743352,5.30508683882523,50.2200780565194
275.4,-50.2556290606018,-50.2442108141935,-51.101710351494,-0.857499537300448,-45.888507037718,-51.1994967673136,0.943867706711877,0.955285953120104,0.0977864158196553,5.31098972959562,50.3419972300132
275.5,-50.3464819431329,-50.2473374248497,-49.5375369168889,0.709800507960757,-44.4518788677644,-49.7549110555639,-0.591570887569027,-0.492426369285802,0.217374138674955,5.30303218779943,50.4647115635246
275.589266051271,-50.5277590641837,-50.2577691868747,-49.0417492584075,1.21601992846727,-44.0610415011546,-49.367141917764,-1.1606171464197,-0.89062726911078,0.325392659356488,5.30610041660932,50.5831618462312
275.6,-50.5581732079532,-50.2597769891112,-48.6361066790097,1.6236703101015,-43.6406870069644,-48.947156367985,-1.61101683996819,-1.31262062112618,0.311049688975324,5.30646936102061,50.5708266780865
275.615302218564,-50.6005014477133,-50.262976549395,-48.3749052258729,1.88807132352212,-43.3933273276797,-48.6981506449548,-1.90235080275851,-1.56482590444023,0.323245419081886,5.30482331727509,50.5862219684769
275.635010018475,-50.6558732987302,-50.2676855238415,-49.1130794396688,1.15460608417266,-44.1102843798163,-49.4129877495396,-1.24288554919058,-0.85469777430189,0.299908309870766,5.30270336972331,50.5675938337122
275.662370007928,-50.7285228552132,-50.2752620849251,-49.0421435908259,1.23311849409917,-44.0321679739106,-49.331928258007,-1.3965945972062,-0.943333826918007,0.289784667181159,5.29976028409644,50.5650467521062
275.7,-50.8305547926612,-50.2875672635442,-49.7398425872037,0.547724676340586,-44.7581189712572,-50.0538314362198,-0.77672335644138,-0.233735827324473,0.313988849016113,5.29571246496257,50.6015561125604
275.75551082741,-50.9773888957193,-50.3098269450889,-50.4426175361728,-0.132790591083946,-45.3701591427728,-50.6655693586707,-0.311819537048649,0.355742413581801,0.222951822497855,5.29541021589782,50.5327787675867
275.8,-51.0669389048263,-50.3304083520526,-49.3306375855258,0.999770766526794,-44.2315769355324,-49.5267449138086,-1.54019399101771,-0.803663438244008,0.196107328282785,5.29516797827619,50.5265156803354
275.868269057847,-51.1842408931322,-50.3654082435534,-50.0157613612885,0.349646882264892,-44.8901348545487,-50.1883697176754,-0.995871175456806,-0.177038525878054,0.172608356386839,5.29823486312664,50.5380165999403
275.9,-51.2327465526644,-50.3828425645476,-49.0374467835649,1.34539578098275,-43.891803329145,-49.1914636571726,-2.04128289549182,-1.19137890737503,0.154016873607716,5.29966032802757,50.5368594381554
275.936944938515,-51.2804431253115,-50.4038667766615,-49.4260709993267,0.97779577733472,-44.2210318060709,-49.5181372796545,-1.76230584565697,-0.88572949700697,0.0920662803277494,5.29710547358361,50.4959330569892
275.987085409421,-51.314775244303,-50.4329503161461,-50.4617942454246,-0.028843929278537,-45.1898719540006,-50.4835100620921,-0.831265182210949,0.0505597459459892,0.0217158166674523,5.29363810809146,50.4546661328135
276,-51.3184252338323,-50.4404279530469,-50.688830547143,-0.248402594096007,-45.403679435568,-50.6964244605889,-0.622000773243421,0.255996507541916,0.0075939134459091,5.29274502502086,50.4480218664929
276.064491731456,-51.3049577583343,-50.4767585260826,-50.8946252970621,-0.417866770979529,-45.5551266638967,-50.8449671746547,-0.459990583679591,0.368208648572065,-0.0496581224074646,5.28984051075797,50.4271004036751
276.1,-51.2885576129012,-50.4957011127218,-49.1660310493733,1.32967006334847,-43.8158982874663,-49.1041396122495,-2.18441800065175,-1.39156150047231,-0.0618914371238333,5.28824132478314,50.433809675598
276.155810377799,-51.2598008784406,-50.5237269654382,-48.9988374340687,1.5248895313695,-43.6714587715483,-48.9598658526959,-2.29993502574467,-1.5638611127423,-0.0389715813727989,5.28840708114755,50.4847553840654
276.2,-51.2379416906155,-50.5445721689178,-50.2156442756139,0.328927893303863,-44.8304432007039,-50.118981524667,-1.11896016594854,-0.425590644250754,-0.0966627509468907,5.28853832396314,50.4479094179709
276.260257759129,-51.1543329110203,-50.5701727087747,-49.6320096663192,0.938163042455578,-44.1096416618511,-49.3974747841419,-1.75685812687839,-1.17269792463282,-0.234534882177243,5.2878331222908,50.3356378265975
276.3,-51.0640181788263,-50.5840975666923,-48.0003101003,2.58378746639227,-42.455833123856,-47.7432011393269,-3.32081703949947,-2.84089642736538,-0.257108960973113,5.28736801547085,50.3269886057191
276.353984529042,-50.9333478618384,-50.5985434327337,-49.7153136871743,0.883229745559433,-44.1698216475711,-49.4546992844405,-1.47864857739791,-1.14384414829321,-0.260614402733779,5.28487763686935,50.3379290299999
276.4,-50.8098039572885,-50.6067473588182,-51.127649603858,-0.520902245039728,-45.5178075183983,-50.8005623999849,-0.00924155730363196,0.193815041166665,-0.327087203873063,5.28275488158658,50.2796601549452
276.456727820029,-50.6248824959612,-50.6108147326364,-50.3392347663903,0.271579966246129,-44.7178769242957,-50.0029849791458,-0.621897516815388,-0.607829753490684,-0.336249787244554,5.28510805485011,50.2745649453919
276.5,-50.4917611060395,-50.6093051305461,-50.2133560011365,0.395949129409615,-44.6179470092628,-49.9048500729271,-0.586911033112315,-0.704455057618937,-0.308505928209321,5.28690306366435,50.3007992023368
276.6,-50.1651675391097,-50.5917187952357,-50.2357969281127,0.355921867123058,-44.5727201609393,-49.8603118985052,-0.304855640604515,-0.731406896730583,-0.375485029607525,5.28759173756582,50.2162337656282
276.7,-49.7782144680862,-50.5522721891561,-52.6023933488595,-2.05012115970335,-46.9144948092882,-52.2137251317598,2.43551066367368,1.66145294260371,-0.388668217099642,5.29923032247162,50.1636039720565
276.8,-49.4090154328699,-50.4905845074538,-50.7040753915734,-0.213490884119615,-45.1433071648856,-50.4494701720414,1.04045473917144,-0.0411143354124306,-0.254605219532046,5.30616300715577,50.2359792879218
276.9,-49.1071373555253,-50.4121172895594,-50.8189404145984,-0.406823125039011,-45.2520442782477,-50.5732505730096,1.4661132174843,0.16113328345017,-0.245689841588842,5.32120629476189,50.1664274479706
277,-48.820896690248,-50.3197409910012,-48.3353839164384,1.98435707456274,-42.777214647673,-48.0853210381267,-0.735575652121319,-2.23441995287445,-0.250062878311709,5.30810639045367,50.0696781126894
277.1,-48.5508208239974,-50.214907023499,-49.8837944347576,0.331112588741412,-44.4571012207464,-49.7575712851326,1.20675046113528,-0.457335738366325,-0.126223149624913,5.30047006438622,50.0886838738741
277.2,-48.400337997677,-50.1039572940085,-50.4400229853959,-0.336065691387383,-45.023052131984,-50.3466606260693,1.94632262839232,0.242703332060778,-0.0933623593266049,5.32360849408531,50.0105949346819
277.2893640223,-48.2766615326851,-50.0028227341122,-49.6381786998775,0.364644034234693,-44.3040495442068,-49.6211930233341,1.34453149064894,-0.381629710778128,-0.0169856765434346,5.31714347912729,49.9858370575687
277.3,-48.2671914112825,-49.9907513960364,-49.3277109151218,0.663040480914617,-44.011402211044,-49.327776233368,1.06058482208545,-0.662975162668424,6.53182461931578e-05,5.31637402232401,49.9908167142826
277.334955172224,-48.2439630388169,-49.951282160262,-49.8238909980325,0.12739116222955,-44.5296548758324,-49.8449600268959,1.60099698807908,-0.106322133366106,0.0210690288634439,5.31530515106353,49.9723511891255
277.380376502373,-48.2284802363763,-49.9007201476041,-50.3318429580593,-0.431122810455143,-45.1021356372566,-50.4160518792884,2.18757164291205,0.515331731684235,0.0842089212290915,5.31391624203176,49.9849290688332
277.4,-48.2321647917601,-49.8792884259294,-47.8780853181531,2.00120310777626,-42.6650131831476,-47.9783293711298,-0.253835420630232,-1.90095905479954,0.10024405297672,5.31331618798227,49.9795324789061
277.42906606229,-48.2401494416811,-49.8481612476777,-49.8246650595228,0.0234961881548372,-44.6128763663676,-49.9204291638976,1.68027972221641,0.0722679162198858,0.095764104374723,5.30755279752999,49.9439253520524
277.465626662523,-48.2550606773156,-49.8100905373961,-51.0122363875411,-1.20214585014499,-45.8426915759373,-51.1429949217799,2.8879342444643,1.33290438438384,0.130758534238851,5.30030334584257,49.9408490716349
277.5,-48.2816815661102,-49.7755981716849,-50.1688439703184,-0.393245798633501,-45.0290710462049,-50.3225586437341,2.04087707762397,0.546960472049221,0.15371467341572,5.29348759752922,49.9293128451006
277.545597454194,-48.3404429941064,-49.7322394808184,-50.0448896566594,-0.312650175840986,-44.9676171997779,-50.2597579047817,1.91931491067525,0.527518423963258,0.214868248122272,5.29214070500379,49.9471077289407
277.6,-48.4363956471769,-49.6849661982455,-50.721663377686,-1.03669717944052,-45.66818170979,-50.9587154307284,2.52231978355156,1.27374923248297,0.237052053042454,5.29053372093842,49.9220182512879
277.682431639721,-48.6111211954328,-49.6236039830146,-50.052930984827,-0.429327001812361,-45.0159274074329,-50.2982360411467,1.68711484571396,0.67463205813214,0.245305056319779,5.28230863371384,49.8689090393344
277.7,-48.6498770797373,-49.6121884572497,-49.2674151120152,0.344773345234529,-44.246293279855,-49.5268489301734,0.876971850436128,-0.08533952707635,0.259433818158179,5.28055565031838,49.8716222754079
277.731492717984,-48.7241839978591,-49.5932068902593,-50.4984853745462,-0.905278484286882,-45.4987969170306,-50.7829972384646,2.05881324060546,1.18979034820526,0.284511863918382,5.28420032143396,49.8777187541777
277.781481637764,-48.8573548590897,-49.5672208597494,-51.3668980260507,-1.7996771663013,-46.4005697829812,-51.6905553520432,2.83320049295357,2.12333449229384,0.323657325992535,5.28998556906205,49.8908781857419
277.8,-48.9123035011723,-49.5589537600972,-49.4074084076583,0.151545352438909,-44.4608650790002,-49.7529937892158,0.840690288043518,0.194040029118625,0.345585381557534,5.29212871021565,49.9045391416547
277.851765845609,-49.077367644203,-49.5400364272237,-51.8315545838863,-2.29151815666262,-46.91120070622,-52.2169712119343,3.13960356773129,2.67693478471058,0.385416628047963,5.30577050571429,49.9254530552717
277.9,-49.2552024119469,-49.5282943151233,-50.3468623663143,-0.818568051190951,-45.478679998411,-50.7971615969801,1.54195918503315,1.26886728185679,0.450299230665841,5.31848159856911,49.9785935457891
277.981589348589,-49.6080880813813,-49.5230339417981,-48.3330918690393,1.18994207275875,-43.5215488284562,-48.8426579072799,-0.765430174101382,-0.680376034518162,0.509566038240585,5.32110907882375,50.0325999800386
278,-49.6931212247444,-49.5245704612555,-49.9043707917968,-0.379800330541279,-45.0948422815321,-50.4165442517552,0.723423027010845,0.891973790499755,0.512173459958476,5.32170197022311,50.036743921214
278.026098220653,-49.8163598752486,-49.5284880950546,-50.6716408835347,-1.1431527884801,-45.8663895173599,-51.1890773145592,1.37271743931052,1.66058921950452,0.517436431024421,5.32268779719924,50.0459245260791
278.066662339004,-50.0085981132982,-49.5386100479417,-51.5908583390765,-2.0522482911348,-46.7862783515434,-52.1104984065416,2.10190029324331,2.57188835859986,0.519640067465069,5.32422005499816,50.0582501154068
278.1,-50.1628525373896,-49.5505174634126,-49.7874788877173,-0.236961424304695,-44.9215504945438,-50.2470298371374,0.084177299747715,0.696512373724801,0.459550949420105,5.32547934259356,50.0100684128327
278.138932437093,-50.3284065192683,-49.5681177719177,-48.3215703016898,1.24654747022791,-43.4264038556519,-48.7552893672803,-1.573117151988,-0.812828404637443,0.433719065590466,5.32888551162838,50.0018368375082
278.186190283078,-50.5127996547572,-49.5942944795419,-48.6370804835477,0.957213995994124,-43.6717387667348,-49.004758831031,-1.50804082372617,-0.589535648510839,0.367678347483285,5.33302006429623,49.9619728270252
278.2,-50.5608390581033,-49.6028192721011,-49.1328164175821,0.470002854519009,-44.1712581909553,-49.505486456784,-1.05535260131924,-0.0973328153170314,0.372670039201978,5.33422826582872,49.975489311303
278.224193098482,-50.6455504287358,-49.6186189102601,-49.1555578460249,0.463061064235269,-44.1855324911598,-49.5197379923064,-1.12581243642946,-0.098880917953764,0.364180146281505,5.33420550114657,49.9827990565416
278.285935276739,-50.8416992596271,-49.6635333904946,-49.9294713881939,-0.26593799769924,-44.8955741923508,-50.2297215967197,-0.611977662907329,0.566188206225092,0.300250208525853,5.33414740436891,49.9637835990205
278.3,-50.8818347778846,-49.674572991715,-49.5493417411956,0.125231250519384,-44.4916988620741,-49.8258330321335,-1.05600174575117,0.151260040418485,0.276491290937869,5.33413417005935,49.9510642826528
278.322212953281,-50.9414312350953,-49.6925229325835,-50.8695807795842,-1.1770578470007,-45.8050048195706,-51.1393537193076,0.197922484212256,1.44683078672405,0.269772939723353,5.33434889973695,49.9622958723069
278.353484372833,-51.0172445896788,-49.7187547275545,-49.7589912093468,-0.04023648179232,-44.6427806007411,-49.9774317971495,-1.03981279252937,0.258677069594981,0.218440587802661,5.33465119640834,49.9371953153571
278.395704228655,-51.1087546433077,-49.7555990194577,-48.2685912973875,1.4870077220702,-43.1345832069209,-48.4696425370841,-2.63911210622361,-1.2859564823736,0.201051239696604,5.3350593301632,49.9566502591543
278.4,-51.1174560735729,-49.7594304167434,-50.4348417987479,-0.675411382004498,-45.2956638323322,-50.6307646891481,-0.486691384424837,0.871334272404695,0.195922890400198,5.33510085681588,49.9553533071436
278.408668680295,-51.134382074218,-49.7672024410479,-50.5636234507697,-0.796421009721769,-45.4109791356381,-50.745615152459,-0.388766921758908,0.978412711411096,0.181991701689327,5.33463601682098,49.9491941427373
278.42323440192,-51.16089363423,-49.7803697597771,-49.2830865115402,0.497283248236911,-44.1175372227789,-49.4513921829989,-1.70950145123116,-0.328977576778207,0.168305671458704,5.33385496022003,49.9486754312358
278.449547797031,-51.2053813912494,-49.8044431121628,-49.2910902157106,0.51335289645219,-44.1328721243462,-49.4653160833488,-1.74006530790061,-0.339127028813962,0.174225867638228,5.33244395900267,49.978668979801
278.482427687499,-51.2622531126627,-49.8350395395653,-49.5647777266184,0.270261812946941,-44.3915669216518,-49.7222477647478,-1.54000534791488,-0.112791774817488,0.157470038129453,5.33068084309605,49.9925095776948
278.5,-51.2922324892481,-49.8516179174762,-50.819116424012,-0.967498506535861,-45.6461371681414,-50.9758757324389,-0.316356756809228,1.12425781496269,0.156759308426828,5.32973856429749,50.008377225903
278.52532978479,-51.3330599518802,-49.8757697334969,-50.1605844505665,-0.28481471706953,-44.9801477025352,-50.3094599942578,-1.02359995762242,0.433690260760848,0.148875543691318,5.32931229172257,50.0246452771883
278.5551740507,-51.3783747562657,-49.9045565877669,-49.6081951738654,0.296361413901437,-44.4121582431152,-49.7409682884831,-1.63740646778262,-0.163588299283816,0.132773114617621,5.32881004536785,50.0373297023845
278.589557349069,-51.4262145847611,-49.9380829571384,-48.2863093195328,1.65177363760558,-43.0456939808756,-48.3739253929368,-3.05228919182431,-1.56415756420167,0.0876160734039075,5.3282314120612,50.0256990305423
278.6,-51.436800425205,-49.9483098752168,-50.4670536014502,-0.518743726233375,-45.2068159017614,-50.5348715754285,-0.901928849776496,0.586561700211739,0.0678179739783644,5.32805567366712,50.0161278491952
278.619659132758,-51.4527482969981,-49.9675476716688,-50.7777090733953,-0.810161401726532,-45.4866299820003,-50.817546966555,-0.635201330443032,0.849999294886246,0.0398378931597136,5.33091698455475,50.0073855648285
278.655509404969,-51.4712456347284,-50.0023909433607,-49.8969049439672,0.105485999393444,-44.5997521784666,-49.9358870317578,-1.5353586029706,-0.0665039116028581,0.0389820877905862,5.33613485329118,50.0413730311513
278.7,-51.4918915648262,-50.0450906448715,-50.4354320278949,-0.390341383023376,-45.1118967199711,-50.454507007633,-1.03738455719323,0.409416362761455,0.0190749797380789,5.34261028766183,50.0641656246096
278.777161986837,-51.4848789503663,-50.1168535365677,-49.2386328001032,0.878220736464492,-43.8157124643061,-49.1648708261027,-2.32000812426359,-0.951982710464989,-0.0737619740004973,5.34915836179664,50.0430915625672
278.8,-51.4672744236505,-50.1371320447232,-51.1328102448801,-0.995678200156846,-45.6840441744489,-51.0351406019877,-0.432133821662795,0.89800855726449,-0.097669642892356,5.35109642753876,50.0394624018309
278.840892234324,-51.4248735560722,-50.171915561639,-50.4135833758165,-0.241667814177532,-44.9181229482803,-50.2699488077091,-1.15492474836311,0.0980332460701732,-0.143634568107359,5.35182585942886,50.0282809935316
278.88818999033,-51.3602446300212,-50.2093079315617,-50.4199020520922,-0.210594120530558,-44.9264326802377,-50.2791022326594,-1.08114239736184,0.0697943010977369,-0.140799819432821,5.35266955242171,50.0685081121288
278.9,-51.3434507933213,-50.218152195409,-50.2215741835533,-0.00342198814432493,-44.7146890027571,-50.067569221038,-1.27588157228328,-0.15058297437097,-0.154004962515295,5.35288021828084,50.0641472328937
278.935458404238,-51.2882539042724,-50.2434725083345,-51.334531702295,-1.09105919396053,-45.812618180455,-51.1635594701112,-0.124694434161199,0.920086961776661,-0.170972232183871,5.35094128965613,50.0725002761506
279,-51.1691430148473,-50.2844987676456,-49.4338918462193,0.850606921426298,-43.8712976315971,-49.2187096719766,-1.95043334287072,-1.06578909566902,-0.21518217424272,5.34741204037956,50.0693165934029
279.08996749706,-50.9471007295447,-50.32905796639,-48.6832227950965,1.64583517129346,-43.0866984354483,-48.4390141504593,-2.50808657908541,-1.89004381593075,-0.244208644637283,5.35231571501101,50.0848493217527
279.1,-50.922384566041,-50.3330425496634,-50.6424837659341,-0.30944121627072,-45.0506985251216,-50.403561061282,-0.518823504758998,0.0705185116186229,-0.238922704652097,5.35286253616048,50.0941198450113
279.113817471773,-50.889351616522,-50.3382258346862,-49.5174434042633,0.820782430422838,-43.9291334437443,-49.2812049264362,-1.6081466900858,-1.05702090824992,-0.236238477827087,5.35207148269195,50.1019873568591
279.136607631232,-50.8348066210408,-50.3460221463485,-50.6258707603353,-0.279848613986843,-45.0386585879879,-50.3894253287572,-0.445381292283592,0.0434031824086958,-0.236445431578147,5.35076674076929,50.1095767147703
279.170195515787,-50.7532263024831,-50.3558070415313,-49.3757621295642,0.980044911967077,-43.7940260913807,-49.1428699179574,-1.61035638452567,-1.21293712357387,-0.232892211606789,5.34884382657675,50.1229148299245
279.2,-50.6802380160286,-50.362815020271,-51.1347655915313,-0.771950571260234,-45.556788792733,-50.9039263056656,0.223688289636996,0.541111285394585,-0.230839285865649,5.34713751293261,50.1319757344054
279.23382899345,-50.5991612824878,-50.3689166024313,-49.1078946564325,1.26102194599875,-43.5146424074922,-48.8558772757385,-1.74328400674927,-1.51303932669278,-0.252017380694035,5.34123486824626,50.1168992217372
279.27742109795,-50.4913887648709,-50.3738821268897,-49.1894997185333,1.18438240835641,-43.6149300555644,-48.9485587647808,-1.54283000009013,-1.4253233621089,-0.240940953752492,5.33362870921643,50.1329411731372
279.3,-50.4381250822809,-50.3752216079671,-51.3544235626164,-0.979201954649312,-45.7766857565018,-51.1063747908234,0.668249708542525,0.731153182856282,-0.24804877179303,5.32968903432166,50.1271728361741
279.329289715176,-50.3667135725227,-50.3757413477431,-50.2968281067604,0.0789132409826507,-44.718653219938,-50.0484033407752,-0.318310231747454,-0.327338006967835,-0.248424765985185,5.32975012083728,50.1273165817579
279.371924380249,-50.262418725358,-50.3740461359385,-50.6115616920451,-0.23751555610653,-45.0281670843583,-50.3580061238866,0.0955873985286004,-0.01604001205191,-0.25355556815844,5.32983903952832,50.1204905677801
279.4,-50.1902138181065,-50.3713504199434,-49.1159920297961,1.25535839014736,-43.5138790862648,-48.843776680196,-1.34643713791051,-1.52757373974738,-0.272215349600025,5.32989759393126,50.0991350703434
279.443958140846,-50.0665798567096,-50.3644299522633,-51.3645650298191,-1.00013507755581,-45.7460696450842,-51.0779873945273,1.01140753781772,0.713557442263983,-0.286577635291827,5.33191774944306,50.0778523169715
279.5,-49.9079398406636,-50.3507349108512,-49.8063825696137,0.544352341237463,-44.2149496002481,-49.5494428287375,-0.358497011926147,-0.801292082113676,-0.256939740876213,5.33449322848934,50.093795169975
279.570612829074,-49.7105634283973,-50.3261438674102,-51.0437841565957,-0.717640289185518,-45.459764135147,-50.7924456665504,1.08188223815308,0.466301799140211,-0.251338490045306,5.33268153140334,50.0748053773648
279.6,-49.6331619610984,-50.3136064566265,-48.5636546009644,1.74995185566209,-42.9988788168803,-48.3308063684102,-1.30235559268824,-1.98280008821632,-0.232848232554232,5.33192755152985,50.0807582240722
279.646385869638,-49.518085444193,-50.2913720215209,-50.8512860270152,-0.559914005494257,-45.3349329375632,-50.6597401760499,1.1416547318569,0.368368154528937,-0.191545850965319,5.32480723848671,50.0998261705556
279.7,-49.4044558365789,-50.262605597737,-51.2098453036168,-0.947239705879831,-45.7003277728609,-51.0169051474968,1.61244931091794,0.754299549759828,-0.192940156120002,5.31657737463593,50.069665441617
279.763565423405,-49.2723324203648,-50.2246770537281,-50.6643562566715,-0.439679202943402,-45.199276295969,-50.516962343575,1.24462992321019,0.292285289846923,-0.147393913096479,5.31768604760605,50.0772831406316
279.8,-49.2132866206533,-50.201417224302,-50.943221041938,-0.741803817635983,-45.4832646175772,-50.8015861369237,1.58829951627046,0.600168912621697,-0.141634905014286,5.31832151934658,50.0597823192878
279.9,-49.0539480975394,-50.1336322579037,-52.6380414413814,-2.50440918347777,-47.1380063067894,-52.4689187842001,3.41497068666066,2.33528652629641,-0.169122657181354,5.33091247741073,49.9645096007223
280,-48.9006740804146,-50.0593974727854,-48.6380739694387,1.4213235033467,-43.2731497925936,-48.5935341682143,-0.307139912200299,-1.4658633045711,-0.0445398012244027,5.3203843756207,50.014857671561
280.1,-48.8670901750169,-49.9840665280024,-50.5304435701006,-0.54637704209815,-45.2452220523961,-50.5635728805853,1.69648270556846,0.579506352582875,0.0331293104847248,5.31835082818921,50.0171958384872
280.2,-48.9272940679261,-49.9141980689059,-50.7637144445391,-0.849516375633222,-45.614741188997,-50.9246244950584,1.99733042713228,1.01042642615246,0.160910050519234,5.30988330606139,50.0751081194252
280.3,-49.1030305363479,-49.8568622026433,-49.5214096024735,0.335452600169802,-44.3937259322778,-49.7170754820219,0.614044945673967,-0.139786720621416,0.195665879548386,5.3233495497441,50.0525280821917
280.4,-49.2679043515862,-49.8140982693799,-50.1769674854934,-0.362869216113559,-45.0397867745224,-50.3689591180192,1.10105476643297,0.554860848639329,0.19199163252577,5.32917234349675,50.0060899019056
280.5,-49.4694875424736,-49.7853601086692,-48.2108552213205,1.57450488734876,-43.1501752242564,-48.4730944094303,-0.996393133043249,-1.31226569923892,0.262239188109838,5.3229191851739,50.0475992967791
280.6,-49.7354862112931,-49.7731779413313,-51.9065448159608,-2.13336687462952,-46.9482742717044,-52.2684742359347,2.53298802464164,2.49529629460338,0.361929419973862,5.3201999642303,50.1351073613052
280.7,-50.1147451131507,-49.7827273551818,-49.6830382445934,0.0996891105883435,-44.7515678775293,-50.0653919011626,-0.049353211988084,0.282664545980808,0.382353656569151,5.31382402363327,50.1650810117509
280.8,-50.479786375819,-49.8157143455735,-48.8991484919103,0.916565853663236,-43.9252660838035,-49.2466468388589,-1.23313953696007,-0.569067506714617,0.347498346948619,5.32138075505542,50.1632126925222
280.9,-50.7883362394067,-49.8685276602232,-49.946214030836,-0.0776863706127813,-44.8385300596136,-50.1701023555047,-0.618233883901937,0.301574695281531,0.223888324668749,5.3315722958911,50.0924159848919
281,-51.0189775750276,-49.9347589465761,-49.7967152123529,0.138043734223146,-44.6187897295316,-49.96190637682,-1.05707119820764,0.0271474302439074,0.165191164467053,5.34311664728834,50.0999501110431
281.1,-51.1534215134647,-50.0084855016888,-50.9037336742786,-0.895248172589874,-45.6509066187782,-50.9970123496759,-0.156409163788858,0.988526847987117,0.0932786753972437,5.34610573089772,50.101764177086
281.2,-51.2192614867505,-50.0839674990685,-49.8350109857501,0.248956513318412,-44.5002228520855,-49.844590083661,-1.37467140308955,-0.239377415407532,0.00957909791087985,5.34436723157548,50.0935465969794
281.3,-51.2126701878202,-50.1564745565224,-51.1444301260063,-0.987955569483866,-45.7228274309715,-51.0620650543639,-0.150605133456295,0.905590497841452,-0.082365071642414,5.33923762339234,50.07410948488
281.4,-51.1295142605483,-50.2212452052422,-49.3307208725486,0.890524332693566,-43.8724986454353,-49.2166383769596,-1.91287588358873,-1.00460682828263,-0.114082495589066,5.34413973152424,50.1071627096531
281.5,-50.9791719157822,-50.2748727434718,-48.2575584926344,2.01731425083749,-42.6744051793088,-48.018096610833,-2.96107530494917,-2.25677613263881,-0.239461881801319,5.34369143152421,50.0354108616705
281.6,-50.7191546812766,-50.3114847239034,-50.4141586787402,-0.102673954836817,-44.8299682634783,-50.1738405757631,-0.545314105513441,-0.137644148140225,-0.240318102977042,5.34387231228479,50.0711666209263
281.7,-50.4774065011616,-50.3296033726358,-50.7566940542029,-0.427090681567158,-45.1931922479016,-50.534316650301,0.0569101491394051,0.204713277665256,-0.222377403901902,5.34112440239942,50.1072259687339
281.8,-50.234911784534,-50.3314997364913,-50.5507059819181,-0.219206245426811,-44.9403853530921,-50.2889255281636,0.054013743629568,-0.0425742083277427,-0.261780453754554,5.34854017507146,50.0697192827368
281.9,-49.98386253604,-50.3171895683352,-48.3642879900829,1.95290157825227,-42.7647162947152,-48.1034990816627,-1.88036345437727,-2.21369048667247,-0.260788908420196,5.33878278694753,50.056400659915
282,-49.7215801954385,-50.2872243633338,-49.8013164740925,0.48590788924124,-44.2592867041926,-49.6159992632023,-0.10558093223618,-0.67122510013148,-0.18531721089024,5.35671255900969,50.1019071524435
282.1,-49.5096803316664,-50.2444939441388,-50.1064399214103,0.138054022728497,-44.5602672926112,-49.9278789183447,0.418198586678344,-0.316615025794064,-0.178561003065568,5.36761162573356,50.0659329410732
282.2,-49.2831163133402,-50.1902928712874,-47.7093521232836,2.48094074800381,-42.2072173179916,-47.5793576042681,-1.70375870907206,-2.61093526701926,-0.129994519015455,5.37214028627647,50.0602983522719
282.3,-49.107303687429,-50.1266224872459,-50.0897387841285,0.0368837031174678,-44.6255807841004,-49.9873882218249,0.880084534395891,-0.13923426542101,-0.102350562303542,5.36180743772455,50.0242719249424
282.4,-48.9950861270502,-50.0576742568855,-50.40569124417,-0.348016987284545,-45.0201534587379,-50.382865273618,1.38777914656777,0.325191016732532,-0.0228259705520131,5.36271181488008,50.0348482863335
282.5,-48.9665410447298,-49.9885873923088,-49.0979228189198,0.89066457338906,-43.7933707033976,-49.1352007970956,0.168659752365826,-0.853386595213252,0.0372779781758084,5.34183009369797,50.0258653704846
282.6,-48.9898185815581,-49.9240786497499,-48.0978736015484,1.82620504820149,-42.8252582174035,-48.1681265655259,-0.821692016032188,-1.75595208422401,0.0702529639774738,5.3428683481224,49.9943316137274
282.7,-49.035755143238,-49.8657778546725,-48.8014752392747,1.06430261539781,-43.5973599849666,-48.9427817339888,-0.0929734092491898,-0.922996120683699,0.141306494714115,5.34542174902217,50.0070843493866
282.8,-49.1809685482035,-49.8169037411068,-50.3259249862147,-0.509021245107853,-45.229988309604,-50.6022676232391,1.42129907503558,0.785363882132259,0.276342637024406,5.37227931363509,50.0932463781312
282.9,-49.4010277504679,-49.7835942093983,-49.4486186659436,0.334975543454668,-44.325823480026,-49.6939479972573,0.2929202467894,-0.0896462121409769,0.245329331313691,5.36812451723131,50.028923540712
283,-49.580579689195,-49.765480758851,-50.6032743298606,-0.837793571009534,-45.3931395573804,-50.7719824247044,1.19140273550948,1.0065016658534,0.168708094843865,5.378842867324,49.9341888536949
283.1,-49.7025861590062,-49.7574613947239,-51.3459453996748,-1.58848400495094,-46.1728670457258,-51.5580033599954,1.85541720098918,1.80054196527151,0.212057960320564,5.38513631426954,49.9695193550444
283.2,-49.8536662566229,-49.7590795058435,-49.9655819933202,-0.206502487476655,-44.7540176972874,-50.1493890066862,0.295722750063277,0.390309500842662,0.183807013366007,5.39537130939875,49.9428865192095
283.3,-50.0310310288144,-49.7704397160476,-48.7706841178189,0.999755598228724,-43.6044568407886,-49.011465354857,-1.01956567395738,-0.758974361190575,0.240781237038149,5.40700851406842,50.0112209530858
283.4,-50.2106556145681,-49.7928538354643,-49.1986452185946,0.594208616869615,-44.0163516744928,-49.4294074268775,-0.781248187690601,-0.363446408586761,0.230762208282854,5.41305575238466,50.0236160437471
283.5,-50.3720606266311,-49.824767240318,-50.6945647074291,-0.86979746711112,-45.4760764115973,-50.891679101156,0.519618474524968,1.06691186083808,0.197114393726963,5.41560268955875,50.0218816340449
283.6,-50.5265033752146,-49.8644198994721,-50.5689860310806,-0.70456613160848,-45.3789907230536,-50.7876354570667,0.261132081852118,0.923215557594602,0.218649425986122,5.40864473401306,50.0830693254582
283.7,-50.7090468040765,-49.9124341356196,-49.2698494005862,0.642584735033438,-44.0810032800054,-49.491014219564,-1.21803258451249,-0.421419916055548,0.22116481897789,5.41001093955865,50.1335989545975
283.8,-50.8692851859869,-49.9690227741551,-49.4943032635615,0.474719510593602,-44.1379618584734,-49.5478787607665,-1.32140642522037,-0.421144013388606,0.0535754972049958,5.40991690229308,50.0225982713601
283.888945510974,-50.8947664814971,-50.02096300551,-50.6590477789686,-0.638084773458615,-45.2878080270811,-50.7022845868366,-0.192481894660467,0.681321581326621,0.0432368078680057,5.41447655975548,50.064199813378
283.9,-50.8979243555761,-50.0273063423664,-49.3389464258513,0.688359916515175,-43.9747089950289,-49.3897522464906,-1.50817210908545,-0.637554095875807,0.0508058206393684,5.41504325146177,50.0781121630058
283.915881385696,-50.9027502947306,-50.0363832587487,-49.1139484450912,0.922434813657553,-43.7320394505767,-49.1485923631555,-1.7541579315751,-0.887790895593284,0.034643918064269,5.41655291257873,50.071027176813
283.939488385744,-50.9076991033421,-50.0497738089029,-50.5238693835364,-0.474095574633502,-45.1377997806863,-50.5565967398956,-0.351102363446444,0.50682293099274,0.0327273563592385,5.41879695920933,50.0825011652621
283.971792844313,-50.9092372922857,-50.0678581956916,-48.1478249520793,1.92003324361225,-42.7071850801394,-48.1290528535672,-2.78018443871846,-1.93880534212436,-0.018772098512116,5.42186777342786,50.0490860971795
284,-50.8974056644112,-50.0832282603893,-50.3419090488052,-0.258680788415894,-44.8795723908426,-50.304121494916,-0.59328416949527,0.220893234526677,-0.037787553889217,5.42454910407341,50.0454407065001
284.037316402776,-50.8709668016246,-50.1026874943748,-50.7486617599162,-0.645974265541447,-45.2387850490183,-50.6662812568144,-0.204685544810239,0.563593762439623,-0.0823805031018239,5.42749620779607,50.0203069912729
284.085502390868,-50.8321625678769,-50.1259553706842,-49.0682728862598,1.05768248442438,-43.6351948962214,-49.0664966451287,-1.76566592274825,-1.05945872555552,-0.00177624113113239,5.4313017489073,50.124179129553
284.1,-50.8279098625368,-50.1326392992801,-49.223806703111,0.908832596169091,-43.7891535577207,-49.2216002711654,-1.60630959137142,-0.911039028114658,-0.00220643194556658,5.43244671344473,50.1304328673345
284.137403813994,-50.8124068992562,-50.1493700155068,-49.6431919870962,0.506178028410602,-44.1839031115705,-49.6153383174727,-1.19706858178351,-0.53403169803407,-0.0278536696234681,5.43143520590224,50.1215163458833
284.194101327349,-50.7817485035473,-50.1730980652171,-48.2110427418051,1.96205532341196,-42.7472373275785,-48.1771392683862,-2.60460923516111,-1.99595879683088,-0.033903473418917,5.42990194080768,50.1391945917982
284.2,-50.7783753450489,-50.1754491044713,-50.0621101884293,0.113338916042046,-44.5961133640819,-50.0258557876843,-0.7525195573646,-0.149593316787069,-0.0362544007450225,5.42974242360235,50.1391947037263
284.213476865962,-50.7691735805571,-50.1807328438618,-48.9164741700525,1.26425867380931,-43.4306274906067,-48.8595898380783,-1.90958374247876,-1.32114300578346,-0.0568843319741532,5.42896234747165,50.1238485118876
284.237791508906,-50.7481165204434,-50.1899045018538,-49.1344485401397,1.0554559617141,-43.645192290223,-49.0727472427824,-1.67536927766098,-1.1171572590714,-0.0617012973573026,5.42755495255943,50.1282032044965
284.283146591212,-50.7129144859767,-50.2057650967508,-50.5598629176527,-0.354097820901877,-45.1021575009152,-50.5270871830881,-0.185827302888633,0.321322086337297,-0.0327757345645807,5.42492968217289,50.1729893621862
284.3,-50.7032430186714,-50.2113064390751,-48.7882788818878,1.42302755718726,-43.3142860204147,-48.7382401833568,-1.96500283531459,-1.47306625571834,-0.0500386985310755,5.4239541629421,50.161267740544
284.325861531074,-50.6846703783031,-50.2194567135971,-51.7436188076052,-1.52416209400818,-46.2394978355681,-51.6619260659488,0.97725568764568,1.44246935235169,-0.0816927416564894,5.42242823038067,50.1377639719406
284.356654781953,-50.6523279428541,-50.2284761036542,-49.8821410288458,0.346335074808366,-44.3448666299928,-49.765477936849,-0.886850006005176,-0.462998166805214,-0.116663091996848,5.42061130685611,50.1118130116573
284.394426422878,-50.598109430451,-50.2382455240103,-50.7160346891033,-0.477789165092986,-45.1355730147786,-50.5539556455125,-0.0441537849384801,0.315710121502214,-0.162079043590772,5.41838263073397,50.0761664804196
284.4,-50.5885323161842,-50.2395452088009,-50.0540109868646,0.185534221936379,-44.4749394679678,-49.8929932356198,-0.695539080564352,-0.346551973181114,-0.161017751244735,5.418053767652,50.0785274575562
284.40907224347,-50.5732168875325,-50.2415760000905,-50.9049630651602,-0.663387065069706,-45.3376357091877,-50.754941591873,0.181724704340482,0.51336559178251,-0.150021473287197,5.41730588268528,50.0915545268033
284.423073604644,-50.5505059607264,-50.2445135230563,-52.2761160132652,-2.03160249020888,-46.7029369610636,-52.1190886190447,1.56858265831828,1.87457509598845,-0.157027394220435,5.4161516579811,50.0874861288358
284.449066820983,-50.5054298006077,-50.2493227502301,-50.5760877265484,-0.326764976318309,-44.9960412266195,-50.4100500920488,-0.0953797085588306,0.160727341818706,-0.166037634499602,5.41400886542929,50.0832851157305
284.487284892823,-50.4347096116494,-50.2548203213501,-50.5894581729842,-0.334637851634142,-44.9805944962106,-50.3914527934833,-0.0432568181660784,0.136632472133236,-0.198005379500906,5.41085829727268,50.0568149418491
284.5,-50.4086121317871,-50.2562109042102,-50.5735141599519,-0.317303255741741,-44.9564931757986,-50.366303282782,-0.0423088490050603,0.110092378571842,-0.207210877169899,5.40981010698337,50.0490000270403
284.527492663376,-50.3513176514131,-50.2584257622533,-50.7059103725252,-0.44748461027185,-45.0963112363696,-50.5073614177635,0.1560437663504,0.248935655510145,-0.198548954761705,5.41105018139383,50.0598768074916
284.565677410487,-50.2739245070223,-50.2597591923384,-52.3299133400765,-2.07015414773809,-46.723889582345,-52.1366621115199,1.8627376044976,1.87690291918151,-0.193251228556576,5.4127725291749,50.0665079637818
284.6,-50.2051278299646,-50.2592927898791,-50.1583748700542,0.100917919824944,-44.5631636744267,-49.9774843462596,-0.227643483704981,-0.281808443619511,-0.180890523794567,5.41432067183293,50.0784022660846
284.649810096045,-50.1097016357414,-50.2560226037888,-49.8263447078182,0.429677895970642,-44.2075339042145,-49.6226545758213,-0.487047059920101,-0.633368027967471,-0.203690131996829,5.41512067160684,50.052332471792
284.7,-50.0072853210089,-50.2495587019846,-50.6027141265788,-0.353155424594156,-44.9998493269113,-50.4157760983855,0.408490777376649,0.16621739640091,-0.186938028193246,5.41592677147421,50.0626206737914
284.75200956232,-49.9062105582795,-50.2396779333592,-50.1026636153493,0.137014318009932,-44.5114926056405,-49.9307079507117,0.0244973924322522,-0.308969982647518,-0.171955664637586,5.41921534507117,50.0677222687217
284.8,-49.8110048554277,-50.2278284434331,-50.4516176991439,-0.223789255710727,-44.8708439827624,-50.2930937714862,0.482088916058572,0.0652653280531084,-0.158523927657619,5.42224978872386,50.0693045157755
284.9,-49.6079591777957,-50.1948719381368,-49.6034741679854,0.59139777015136,-44.0084567823183,-49.4106941124662,-0.197265065329475,-0.784177825670604,-0.192780055519243,5.40223733014783,50.0020918826175
285,-49.428502213495,-50.1514167079287,-52.2870092765509,-2.13559256862217,-46.7618978966546,-52.1782632256633,2.74976101216836,2.02684651773464,-0.108746050887525,5.41636532900871,50.0426706570412
285.1,-49.318791557889,-50.1015897818516,-49.0962512644415,1.00533851741009,-43.6338206626669,-49.0666095000945,-0.252182057794492,-1.03498028175712,-0.0296417643470335,5.43278883742762,50.0719480175046
285.2,-49.251909982973,-50.0493408536559,-50.0794911671577,-0.0301503135018208,-44.6516343610051,-50.08681090564,0.834900922666939,0.0374700519840303,0.00731973848220946,5.43517654463485,50.0566605921381
285.3,-49.2372142128421,-49.9977496834652,-49.8858061252482,0.111943558217064,-44.5074967848834,-49.933426967718,0.696212754875944,-0.0643227157472452,0.0476208424698186,5.42593018283461,50.0453705259351
285.4,-49.2735349101349,-49.9497830553447,-50.3299868646057,-0.380203809260998,-45.1078930678903,-50.5471409392894,1.27360602915454,0.597357883944674,0.217154074683677,5.43924787139907,50.1669371300284
285.487804896655,-49.4253044089989,-49.9159673573276,-50.1584937606753,-0.242526403347767,-44.9538919300343,-50.3920575094361,0.966753100437202,0.476090152108526,0.233563748760758,5.43816557940176,50.1495311060883
285.5,-49.4467614284347,-49.9121313300862,-49.0099838673751,0.902147462711071,-43.8169063900037,-49.2549216513337,-0.191839777101045,-0.657209678752508,0.244937783958562,5.43801526133,50.1570691140447
285.516765788083,-49.4785425263086,-49.9071992747081,-49.6408495400197,0.266349734688369,-44.4575281386939,-49.8956878871192,0.417145360810615,-0.0115113875888682,0.254838347099501,5.43815974842531,50.1620376218076
285.541936152722,-49.5292031129047,-49.900574603917,-50.7647111819784,-0.864136578061419,-45.5861342782746,-51.0245109442021,1.49530783129745,1.12393634028518,0.259799762223757,5.43837666592757,50.1603743661407
285.593464764661,-49.6304155791063,-49.8899343523725,-48.7656660740428,1.12426827832968,-43.550086998283,-48.9889077363548,-0.641507842751501,-0.901026616017674,0.223241662312006,5.43882073807182,50.1131760146845
285.6,-49.6418461001062,-49.8888453515468,-49.0792071691569,0.809638182389932,-43.8663235435557,-49.3052006021038,-0.336645498002383,-0.583644749443003,0.225993432946929,5.43887705854817,50.1148387844938
285.612990390064,-49.6654217330684,-49.8868425823733,-48.0428763253427,1.84396625703056,-42.8407544975953,-48.2807506318889,-1.38467110117951,-1.60609195048436,0.237874306546203,5.43999613429358,50.1247168889195
285.64064319155,-49.7205332448197,-49.8833364021576,-49.9926608739904,-0.109324471832771,-44.8240429895378,-50.2664213139954,0.545888069175689,0.38308491183777,0.273760440004999,5.44237832445764,50.1570968421626
285.672037289095,-49.7898647573783,-49.8807205977334,-49.6202977981748,0.260422799558626,-44.4447238570972,-49.8898066710228,0.0999419136444573,0.00908607328940292,0.269508872848029,5.44508281392555,50.1502294705814
285.7,-49.8522235724458,-49.879632898374,-49.9097169924797,-0.0300840941057459,-44.7395240583974,-50.1870157600774,0.334792187631621,0.307382861703488,0.277298767597742,5.44749170168001,50.1569316659717
285.735240955592,-49.9340352884278,-49.8799440526386,-49.9964423429151,-0.116498290276446,-44.8229832798401,-50.2687992140198,0.334763925592014,0.388855161381166,0.272356871104719,5.44581593417966,50.1523009237433
285.786688585767,-50.0505093065809,-49.8836920663472,-51.1982050964392,-1.314513030092,-46.0238698137071,-51.4672393253886,1.41673001880776,1.58354725904139,0.269034228949387,5.4433695116815,50.1527262952966
285.8,-50.0809472047375,-49.885280465499,-49.5791937730173,0.306086692481699,-44.3933379529754,-49.8360744842232,-0.244872720514309,-0.0492059812758043,0.256880711205895,5.44273653124778,50.1421611767049
285.822154238568,-50.1295153373745,-49.8884657826579,-49.8292231465387,0.059242636119194,-44.6346939776334,-50.0788505894232,-0.0506647479512949,0.190384806765302,0.249627442884496,5.44415661178982,50.1380932255424
285.862037560286,-50.2172420120081,-49.8958523827919,-49.6988500516094,0.197002331182503,-44.494650832224,-49.941363953864,-0.275878058144059,0.045511571072069,0.242513902254572,5.44671312164004,50.1383662850465
285.9,-50.2946732139761,-49.9047433751981,-49.0243716309405,0.880371744257673,-43.8109278601163,-49.2600743636034,-1.03459885037272,-0.644669011594765,0.235702732662908,5.44914650348708,50.1404461078611
285.955548111336,-50.3916402213171,-49.9206049404604,-50.7840553068048,-0.863450366344381,-45.4923507061281,-50.9361858494406,0.544545628123466,1.01558090898017,0.152130542635788,5.44383514331246,50.0727354830962
286,-50.4562929565032,-49.9350797539675,-47.7626164110812,2.17246334288631,-42.5002501244268,-47.9398348983665,-2.51645805813662,-1.99524485560094,0.177218487285366,5.43958477393973,50.1122982412529
286.060745159318,-50.5422854881286,-49.9572593195897,-50.143299453778,-0.186040134188325,-44.8320174006391,-50.2757145871585,-0.266570900970116,0.318455267568837,0.132415133380512,5.44369718651944,50.0896744529702
286.1,-50.5918810209069,-49.9727847365082,-50.7155348307542,-0.742750094246077,-45.4359725642349,-50.8823272810406,0.290446260133756,0.909542544532485,0.166792450286408,5.44635471680574,50.1395771867946
286.143310342977,-50.6563448625075,-49.9911139595575,-50.4228208027446,-0.431706843187158,-45.1102489908294,-50.5586861523402,-0.0976587101672663,0.56757219278272,0.135865349595562,5.44843716151084,50.1269793091531
286.194197227191,-50.7173678631809,-50.0140453565527,-49.5593178072127,0.454727549339964,-44.2305107835272,-49.681394684438,-1.03597317874288,-0.332650672114653,0.122076877225311,5.45088390091082,50.136122233778
286.2,-50.723649480742,-50.0167374334348,-50.014968282035,0.00176915139978462,-44.6825819445537,-50.1337448539572,-0.589904626784822,0.117007420522448,0.118776571922233,5.45116290940351,50.135514005357
286.214226070697,-50.7379513010133,-50.0233914640881,-50.4909129496804,-0.467521485592286,-45.1434960980618,-50.5953115782036,-0.142639722809669,0.571920114115457,0.104398628523171,5.45181548014178,50.1277900926113
286.244592498567,-50.7624483760728,-50.0377833240043,-49.0565017035105,0.981281620493725,-43.6786422179856,-49.1318506507335,-1.63059772533931,-0.905932673270719,0.0753489472230058,5.45320843274795,50.1131322712273
286.288195875597,-50.7896397197489,-50.0586455781879,-49.3111854110387,0.747460167149256,-43.9503450025782,-49.4055535862142,-1.38408613353471,-0.653091991973724,0.0943681751755321,5.45520858363604,50.1530137533635
286.3,-50.7993193210135,-50.0643387179875,-51.7355845801357,-1.67124586214825,-46.3657050455798,-51.8214551017236,1.02213578071008,1.75711638373613,0.0858705215878857,5.45575005614381,50.1502092395753
286.315818225137,-50.810676209429,-50.0720081910406,-49.8426682571373,0.229339933903326,-44.4642637882257,-49.9203818314118,-0.890294378017146,-0.151626359628793,0.077713574274533,5.45611804318613,50.1497217653152
286.346879672223,-50.8257430716624,-50.0871307712179,-50.4238681427222,-0.336737371504356,-44.9891979026931,-50.4460385433859,-0.379704528276534,0.35890777216796,0.0221704006636045,5.45684064069279,50.1093011718815
286.38872873121,-50.8260852462094,-50.1072022090494,-50.8575115211538,-0.750309312104406,-45.4225697963363,-50.8803839919828,0.0542987457733659,0.773181782933392,0.022872470828986,5.45781419564647,50.1300746798784
286.4,-50.8274901247487,-50.112518965342,-50.387032572646,-0.274513607304016,-44.9484930064311,-50.4065694110694,-0.420920713679337,0.294050445727414,0.0195368384233987,5.45807640463828,50.1320558037654
286.419543941535,-50.8282088766141,-50.1216620785254,-49.9954061333756,0.126255945149808,-44.5363734606471,-49.9966205851729,-0.8315882914412,-0.125041493352548,0.0012144517972601,5.46024712452575,50.1228765303227
286.446762784297,-50.8250191399297,-50.134178405169,-49.3306146126694,0.803563792499581,-43.8581939354957,-49.3214642210961,-1.50355491883362,-0.812714184072874,-0.00915039157329289,5.46327028560045,50.1250280135957
286.48985628258,-50.8124124391721,-50.1533246699973,-50.0988186904573,0.0545059795399538,-44.6146609477309,-50.0827175715209,-0.72969486765129,-0.0706070984764153,-0.0161011189364615,5.46805662378991,50.1372235510608
286.5,-50.8090014614787,-50.157697344285,-50.4981141788907,-0.340416834605733,-45.014012090138,-50.4831953632835,-0.325806098195201,0.325498018998509,-0.0149188156072242,5.46918327314548,50.1427785286778
286.519172853,-50.8015413913755,-50.1658174340174,-49.4519090870055,0.713908347011852,-43.9547005350467,-49.4228938875965,-1.37864750377896,-0.742923546420862,-0.0290151994090095,5.46819335254979,50.1368022346084
286.558355286067,-50.7791297768376,-50.1817471964604,-50.5357818658144,-0.354034669353972,-44.9939890367696,-50.4601593467664,-0.318970430071211,0.278412150305996,-0.0756225190479753,5.46617030999673,50.1061246774124
286.6,-50.7444943220916,-50.1974169071258,-50.3404667876448,-0.143049880519094,-44.8034024676839,-50.2674226042023,-0.477071717889345,0.0700056970765459,-0.0730441834425477,5.46402013651843,50.1243727236832
286.665403585047,-50.6820920803123,-50.219197431418,-50.5598543193801,-0.340656887962069,-44.9968034253982,-50.4656778774999,-0.216414202812409,0.246480446081875,-0.0941764418801938,5.46887445210172,50.1250209895378
286.7,-50.6413630707747,-50.2291729839691,-50.0177594705237,0.211413513445407,-44.4224386387833,-49.893880869335,-0.747482201439716,-0.335292114634179,-0.123878601188771,5.47144223055166,50.1052943827804
286.741085471379,-50.5845641295713,-50.2393943828162,-50.3450168838769,-0.105622501060708,-44.7587580492443,-50.2337886799093,-0.35077544966196,-0.00560570290687679,-0.111228203967585,5.47503063066503,50.1281661788486
286.8,-50.5006495090015,-50.2508920752075,-49.1898466293465,1.061045445861,-43.6240977724624,-49.1042739909492,-1.39637551805226,-1.14661808425829,-0.085572638397295,5.48017621848683,50.1653194368102
286.864953116024,-50.4305873375723,-50.259749378818,-49.3826880877421,0.877061291075904,-43.8525710152793,-49.3297409718886,-1.10084636568374,-0.930008406929396,-0.0529471158534918,5.47716995660934,50.2068022629645
286.9,-50.4053080087043,-50.2633422010834,-49.2509889556379,1.0123532454455,-43.7288109868949,-49.2043588487123,-1.20094915999203,-1.05898335237111,-0.0466301069256119,5.4755478618174,50.2167120941578
286.943970078584,-50.3699453096438,-50.2668685420699,-50.3937992857691,-0.126930743699127,-44.8814948224578,-50.3660796864159,-0.00386562322796635,0.0992111443459081,-0.0277195993532189,5.48458486395803,50.2391489427167
287,-50.3243804262463,-50.2697986013243,-49.9588978243645,0.310900776959819,-44.4215439444994,-49.9176444239872,-0.406736002259144,-0.352154177337155,-0.0412534003773359,5.49610047948773,50.228545200947
287.066496345557,-50.2556830870913,-50.2707100045776,-49.7905134499978,0.480196554579791,-44.224185056767,-49.7169206515778,-0.538762435513497,-0.55378935299985,-0.0735927984200586,5.49273559481083,50.1971172061576
287.1,-50.2126144037873,-50.2699227529872,-50.2692287130224,0.000694039964855619,-44.6867969435363,-50.1778371679849,-0.0347772358024656,-0.092085585002323,-0.0913915450374674,5.49104022444858,50.1785312079497
287.151336490816,-50.1366881298112,-50.2668073104848,-50.1800182544161,0.0867890560687172,-44.552749737804,-50.0467361306612,-0.089951999149946,-0.220071179823613,-0.133282123754896,5.49398639285719,50.1335251867299
287.2,-50.0540606309097,-50.2613747117381,-49.0132377797392,1.24813693199896,-43.4138613451766,-48.9106405057343,-1.14342012517533,-1.35073420600381,-0.102597274004843,5.49677916055771,50.1587774377333
287.262859037872,-49.9523454228457,-50.2509503582147,-50.8762259477687,-0.625275589554015,-45.2425425569383,-50.7348654859073,0.782520063061611,0.48391512769259,-0.141360461861424,5.49232292896899,50.1095898963533
287.3,-49.8870508033815,-50.2429364141209,-51.2291354170141,-0.986199002893152,-45.6145343379082,-51.1042242528466,1.21717344946509,0.861287838725637,-0.124911164167514,5.48968991493838,50.1180252499534
287.369538739481,-49.7594765479916,-50.224285331232,-49.0482436514178,1.17604167981421,-43.4042957046878,-48.8940217128511,-0.865454835140483,-1.33026361838088,-0.154221938566664,5.48972600816336,50.0700633926654
287.4,-49.6992919734417,-50.2144613596402,-51.2810064728487,-1.06654511320842,-45.6459594908062,-51.1357013095111,1.43640933606941,0.921239949870866,-0.145305163337554,5.48974181870489,50.0691561963027
287.461859426413,-49.5926278705915,-50.1917474217314,-50.4439131718226,-0.252165750091208,-44.8201432583345,-50.314200215067,0.721572344475497,0.122452793335619,-0.12971295675559,5.49405695673245,50.0620344649758
287.5,-49.5229676043241,-50.1760318859641,-51.0012657345698,-0.825233848605677,-45.3713510756222,-50.868068610524,1.3451010061999,0.692036724559877,-0.1331971240458,5.49671753490176,50.0428347619183
287.546680476123,-49.4507857769762,-50.1550895868795,-48.3940696634608,1.76101992341869,-42.8518672353014,-48.3508985091802,-1.09988726779604,-1.80419107769934,-0.0431711542806568,5.49903127387883,50.1119184325989
287.6,-49.4086779407663,-50.130026216741,-49.3286266219991,0.80139959474193,-43.8237815597943,-49.3254556400642,-0.0832223007021469,-0.804570576676824,-0.00317098193489329,5.50167408026985,50.1268552348061
287.684041117813,-49.3839562657562,-50.0902719456886,-50.7988317941664,-0.708559848477798,-45.3562391321838,-50.8602950974278,1.47633883167157,0.770023151739196,0.061463303261398,5.50405596524396,50.15173524895
287.7,-49.3833459689284,-50.0828908792896,-50.1108067356487,-0.0279158563591224,-44.6725075032215,-50.1770157735118,0.793669804583359,0.0941248942221904,0.066209037863068,5.50450827029027,50.1490999171527
287.732547462099,-49.3860825822711,-50.0680861541349,-48.8637140016816,1.2043721524533,-43.4483028157506,-48.954834079866,-0.431248502405076,-1.11325207426884,0.0911200781844599,5.50653126411542,50.1592062323193
287.8,-49.3882291464369,-50.0386342730357,-50.9438769433733,-0.905242670337607,-45.4983128288504,-51.0090366185536,1.62080747211667,0.970402345517925,0.0651596751803183,5.5107237897032,50.103793948216
287.9,-49.4375695538646,-49.9984576121109,-48.4310853108094,1.5673723013015,-43.0452194160563,-48.5272066966275,-0.910362857237111,-1.47125091548342,0.0961213858180727,5.48198728057114,50.094578997929
288,-49.5048926823617,-49.9646376164619,-50.2393796065768,-0.274741990114904,-44.8925506385054,-50.3817026321273,0.876809949765565,0.417065015665337,0.142323025550432,5.48915199362182,50.1069606420124
288.1,-49.6241631104673,-49.9389897593869,-49.6430173324421,0.295972426944779,-44.3245367568227,-49.7960023007889,0.171839190321542,-0.142987458598022,0.152984968346757,5.47146554396613,50.0919747277336
288.2,-49.7621451340625,-49.9232224841593,-51.0873994532004,-1.16417696904103,-45.7880925917299,-51.2559079906734,1.49376285661086,1.33268550651405,0.168508537473024,5.46781539894352,50.0917310216323
288.3,-49.9177078765511,-49.9181945848216,-49.7349845347016,0.183210050120024,-44.3848692244562,-49.8505553136714,-0.0671525628796488,-0.0676392711501848,0.11557077896984,5.4656860892152,50.0337653637914
288.4,-50.0426165035868,-49.9221607142216,-48.6003435807851,1.3218171334365,-43.2427699201442,-48.6910347455265,-1.35158175806032,-1.23112596869512,0.0906911647413793,5.44826482538222,50.012851878963
288.5,-50.145309638305,-49.9330491724918,-49.2919834617656,0.641065710726146,-43.9313774600899,-49.3873852093148,-0.757924428990279,-0.545663963177034,0.0954017475491113,5.45600774922482,50.0284509200409
288.6,-50.2367981628237,-49.9495514037475,-51.0248251483415,-1.07527374459405,-45.6591869317263,-51.1218723260675,0.885074163243821,1.17232092232002,0.0970471777259689,5.46268539434116,50.0465985814734
288.7,-50.3339079564456,-49.9710576599459,-50.1591220812859,-0.188064421339952,-44.8085797948434,-50.2646445523324,-0.0692634041131299,0.293586892386493,0.105522471046541,5.45606475748905,50.0765801309925
288.78866831812,-50.4399723188004,-49.994595533906,-50.2803549417873,-0.285759407881258,-44.9423749342319,-50.4133044328577,-0.026667885942615,0.418708898951742,0.132949491070484,5.47092949862584,50.1275450249765
288.8,-50.4552035269925,-49.99796081719,-48.8954165135449,1.10254430364501,-43.5484201686545,-49.0212493595422,-1.43395416745036,-0.976711457647781,0.12583284599723,5.47282919088763,50.1237936631872
288.817994561897,-50.4772404076314,-50.0034735944395,-50.3745135272439,-0.371039932804422,-45.0249736921974,-50.498549717319,0.0213093096876094,0.495076122879574,0.124036190075152,5.47357602512167,50.1275097845146
288.840413797642,-50.5055867974931,-50.0106171907879,-50.1960012301648,-0.185384039376913,-44.8492908589538,-50.3237973570067,-0.181789440486391,0.313180166218849,0.127796126841936,5.47450649805295,50.1384133176298
288.877033590408,-50.550637181499,-50.0229368419665,-49.0828037787651,0.940133063201429,-43.7342090341101,-49.2102353754934,-1.34040180600556,-0.812701466473051,0.127431596728378,5.47602634138329,50.1503684386949
288.9,-50.5769411333372,-50.0310548880327,-48.9781714840051,1.05288340402767,-43.611568128878,-49.0885476527291,-1.48839348060802,-0.942507235303594,0.110376168724081,5.47697952385111,50.1414310567568
288.935536999418,-50.6123992489868,-50.044088394963,-48.096270105531,1.94781828943201,-42.7157293029588,-48.1949955512029,-2.41740369778388,-1.84909284376011,0.0987254456719029,5.47926624824409,50.1428138406349
289,-50.6642114865389,-50.068766435203,-50.6706234523081,-0.601857017105083,-45.3025755965096,-50.7859898909671,0.121778404428191,0.717223455764078,0.115366438658995,5.48341429445755,50.184132873862
289.065112725281,-50.731326401665,-50.0952136994449,-49.1760002700607,0.919213429384222,-43.7743412108525,-49.259940056325,-1.47138634534002,-0.835273643119933,0.0839397862642883,5.48559884547248,50.1791534857092
289.1,-50.7562951357548,-50.1099409009227,-48.2025670267153,1.90737387420743,-42.7845447069711,-48.2713140307344,-2.4849811050204,-1.83862687018831,0.0687470040191229,5.48676932376327,50.1786879049418
289.148449877646,-50.7886046419591,-50.1307425335024,-51.3897838669592,-1.25904133345679,-45.9362052987249,-51.4268643268164,0.638259684857275,1.29612179331397,0.0370804598571723,5.49065902809146,50.1678229933596
289.2,-50.801466549116,-50.1529194949461,-50.1159670323771,0.0369524625690758,-44.6583490607015,-50.1531466902464,-0.648319858869698,0.000227195300219307,0.0371796578692951,5.49479762954483,50.1900991528154
289.251620351438,-50.8054119505993,-50.1747024419386,-49.9597997422419,0.214902699696687,-44.4536410269836,-49.9500179962956,-0.855393954303672,-0.224684445643042,-0.00978174594635561,5.49637696931203,50.1649206959923
289.3,-50.793343877375,-50.1942796261116,-47.2932056418407,2.90107398427094,-41.7786849154721,-47.2765420742979,-3.51680180307707,-2.91773755181367,-0.0166635675427287,5.49785715882586,50.1776160585689
289.4,-50.7370524167627,-50.2308121905038,-47.9531596729403,2.27765251756355,-42.3813074945158,-47.8853756151664,-2.85167680159631,-2.34543657533742,-0.0677840577738777,5.50406812065062,50.16302813273
289.5,-50.575315180853,-50.2589590991195,-50.9960755510578,-0.73711645193827,-45.2156913732066,-50.7129717264124,0.137656545559395,0.454012627292947,-0.283103824645323,5.49728035320582,49.9758552744742
289.6,-50.2676379700167,-50.2696066247278,-50.2511262986844,0.0184803260434094,-44.408363423551,-49.9062514749185,-0.361386495098216,-0.363355149809259,-0.344874823765849,5.49788805136753,49.9247318009619
289.7,-49.9691790921311,-50.2593996039438,-50.6554135144241,-0.39601391048032,-44.8968240414029,-50.3838919127001,0.414712820569029,0.124492308756295,-0.271521601724025,5.48706787129723,49.9878780022198
289.8,-49.7154174262049,-50.2325260545018,-50.2458182952275,-0.0132922407257681,-44.542900719671,-50.0119962135726,0.296578787367729,-0.220529840929174,-0.233822081654942,5.46909549390161,49.9987039728468
289.9,-49.5136249246564,-50.1927912344988,-50.7545981404093,-0.56180690591048,-45.1192796916834,-50.5931135382743,1.07948861361793,0.400322303775447,-0.161484602135033,5.47383384659091,50.0313066323638
290,-49.3341024924487,-50.1438281229671,-50.4794028109325,-0.335574687965362,-44.8419653724899,-50.2994467073702,0.965344214921522,0.155618584403122,-0.17995610356224,5.45748133488036,49.9638720194049
290.1,-49.1948811543096,-50.0875017003098,-49.2367702991436,0.850731401166186,-43.6524004968483,-49.107061810879,-0.0878193434305317,-0.980439889430762,-0.129708488264576,5.45466131403074,49.9577932120452
290.2,-49.0850629819717,-50.0268823151934,-50.8226488264614,-0.795766511267956,-45.2572511027235,-50.7129278990052,1.6278649170335,0.686045583811833,-0.109720927456124,5.45567679628179,49.9171613877373
290.290547369029,-48.9895291666662,-49.9696601112737,-51.6823512744918,-1.71269116321812,-46.1114362526463,-51.5727387959392,2.58320962927299,1.60307868466555,-0.10961247855257,5.46130254329296,49.8600476327211
290.3,-48.9782205624041,-49.9635480129854,-49.6253811342573,0.338166878728082,-44.0611301495804,-49.5230199889041,0.544799426500028,-0.44052802408121,-0.102361145353129,5.4618898393238,49.8611868676322
290.32105620501,-48.9574785974131,-49.9498370023584,-50.7185591925726,-0.768722190214127,-45.2029090518921,-50.6643145681494,1.70683597073627,0.714477565790958,-0.0542446244231698,5.46140551625727,49.8955923779353
290.350345002184,-48.9381964277052,-49.9307068187206,-49.4498246141057,0.480882204614879,-43.9499116018412,-49.4106434335454,0.47244700584023,-0.520063385175213,-0.0391811805603339,5.46073183170419,49.8915256381603
290.4,-48.9223420029727,-49.8984792664395,-51.3081465502915,-1.40966728385207,-45.8511110648683,-51.3107007600479,2.38835875707523,1.41222149360843,0.00255420975635445,5.45958969517962,49.9010334761958
290.461547316964,-48.9259542529388,-49.8596743504617,-48.9165054147202,0.94316893574149,-43.5305551639011,-48.9862708499526,0.0603165970138662,-0.873403500509021,0.069765435232469,5.45571568605149,49.9294397856941
290.5,-48.9518730100278,-49.8366351756725,-47.9878138013169,1.84882137435561,-42.650113128376,-48.1034084644848,-0.84846454554301,-1.73322671118766,0.115594663167947,5.45329533610887,49.9522298388404
290.548345248855,-48.9956921313535,-49.8096566722868,-50.8170625884596,-1.00740591617283,-45.4540593978471,-50.9104149420255,1.91472281067205,1.10075826973873,0.0933523535659049,5.45635554417844,49.9030090258527
290.6,-49.035158456969,-49.7831032335587,-50.6304584058624,-0.8473551723037,-45.2731128655757,-50.7327381061572,1.69757964918824,0.94963487259853,0.102279700294829,5.45962524058149,49.8853829338535
290.664110314558,-49.1163035194207,-49.753671294987,-50.2379907692303,-0.48431947424325,-44.9821562190679,-50.4417255636266,1.32542204420596,0.688054268639611,0.203734794396361,5.45956934455871,49.9574060893834
290.7,-49.1875596495133,-49.7396262766208,-51.476941096418,-1.73731481979718,-46.2235752325148,-51.6831132858424,2.49555363632906,1.94348700922153,0.20617218942435,5.45953805332751,49.9457984660452
290.752948153347,-49.2986292339789,-49.7225761494765,-49.1959179193653,0.526658230111245,-43.9836616996439,-49.4399779921056,0.141348758126725,-0.282598157370906,0.244060072740339,5.45631629246172,49.9666362222168
290.8,-49.4120528557101,-49.7113780226531,-49.4715754854753,0.23980253717788,-44.256210532564,-49.7096638394705,0.297610983760364,-0.00171418318263505,0.238088353995245,5.45345330690648,49.9494663766484
290.849322246065,-49.5194110253992,-49.7036005574202,-49.7472421445521,-0.0436415871319227,-44.4888341652552,-49.9357364183666,0.416325392967394,0.232135860946428,0.188494273814506,5.44690225311142,49.8920948312347
290.9,-49.612609764273,-49.6991635715936,-50.9600401414009,-1.26087656980733,-45.648066917879,-51.0882380766318,1.47562831235879,1.3890745050382,0.128197935230865,5.4401711587528,49.8273615068245
290.954743001239,-49.6930135748245,-49.6975475708955,-49.5179538300749,0.179593740820629,-44.1999859691958,-49.6403661406577,-0.052647434166829,-0.0571814302378328,0.122412310582796,5.44038017146188,49.8199598814783
291,-49.7591337472861,-49.6983817686748,-50.040833282674,-0.34245151399913,-44.7301248021678,-50.1706777681003,0.411544020814233,0.472295999425441,0.129844485426311,5.44055296593244,49.8282262541012
291.074205508101,-49.8659235836662,-49.7038157593239,-50.7345117254794,-1.03069596615548,-45.4367037681615,-50.8814185064321,1.01549492276583,1.1776027471082,0.146906780952719,5.44471473827055,49.8507225402766
291.1,-49.9103660770685,-49.7069118194482,-49.2504510061358,0.456460813312319,-43.9673811295607,-49.4135425367594,-0.496823540309087,-0.293369282688779,0.163091530623539,5.44616140719863,49.8700033500717
291.153728603697,-50.0045189884216,-49.715608235203,-48.2404045063321,1.47520372887087,-42.9662199587792,-48.4202606276056,-1.58425836081594,-1.29534760759741,0.179856121273467,5.45404066882637,49.8954643564765
291.2,-50.0891020427724,-49.7255784467875,-49.7631819494263,-0.0376035026388877,-44.4640203622659,-49.9248466985444,-0.164255344228039,0.199268251756934,0.161664749118046,5.4608263362785,49.8872431959055
291.278164325786,-50.2278154446865,-49.7473438108678,-50.4662502767314,-0.718906465863611,-45.1507264198019,-50.6202686692879,0.392453224601397,0.872924858420085,0.154018392556473,5.46954224948593,49.9013622034243
291.3,-50.2604046215492,-49.7544332254181,-51.1806970226042,-1.42626379718612,-45.8533376215115,-51.3253147137388,1.0649100921896,1.57088148832072,0.144617691134599,5.47197709222731,49.8990509165527
291.335964577165,-50.3098633993852,-49.7668642125267,-50.6752425000804,-0.90837828755366,-45.3241710028279,-50.7966939462581,0.486830546872866,1.0298297337314,0.121451446177737,5.47252294343016,49.8883156587044
291.4,-50.3941249877103,-49.7910411763368,-51.3531919265748,-1.56215075023793,-45.9911027227099,-51.4645975616922,1.07047257398185,1.67355638535538,0.111405635117443,5.47349483898229,49.9024468114543
291.480775034008,-50.4951521374933,-49.824936214383,-49.7155147090573,0.109421505325713,-44.3238128872858,-49.8085276706433,-0.686624466850013,-0.016408543739665,0.093012961586048,5.48471478335756,49.917949175969
291.5,-50.5110585000345,-49.8334642674293,-49.6397553416329,0.193708925796308,-44.2268119164732,-49.7141971171408,-0.796861382893702,-0.119267150288422,0.0744417755078857,5.48738520066768,49.9079060429371
291.527889510627,-50.5330237270857,-49.8459796343159,-48.513042611336,1.33293702297991,-43.102859411816,-48.5924283711275,-1.94059535595829,-1.25355126318847,0.0793857597914425,5.48956895931149,49.9253653941074
291.564444747175,-50.5546975517546,-49.8625865826992,-49.7600916805476,0.102494902151605,-44.3223306475743,-49.8147618949644,-0.739935656790202,-0.0478246877347246,0.0546702144168805,5.49243124739013,49.917256797116
291.6,-50.5732517841305,-49.8788082829403,-50.0269466507584,-0.148138367818106,-44.5765911446492,-50.0718063810352,-0.501445403095232,0.192998098094968,0.0448597302768619,5.49521523638609,49.9236680132171
291.647246640729,-50.5870312982797,-49.9003107736407,-47.8033065179553,2.09700425568543,-42.3203922828908,-47.818600483371,-2.76843081490864,-2.08171029026973,0.015293965415708,5.49820820048023,49.9156047390565
291.7,-50.5848638710498,-49.9237253646822,-49.7965139042184,0.127211460463862,-44.30850616902,-49.8100561713238,-0.774807699725983,-0.113669193358469,0.0135422671053931,5.50155000230379,49.9372676317876
291.759582780977,-50.5890961938792,-49.9491345838959,-49.551976461204,0.397158122691884,-44.1119257335942,-49.6211647171643,-0.967931476714895,-0.327969866731557,0.0691882559603272,5.5092389835701,50.0183228398562
291.8,-50.6089554427705,-49.9661869370709,-50.1889886554918,-0.222801718420897,-44.7541571833415,-50.2686118892195,-0.340343553550973,0.302424952148634,0.0796232337277374,5.51445470587803,50.0458101707986
291.866009033766,-50.6396191474271,-49.9942290560847,-49.5954531738553,0.398775882229408,-44.127605525084,-49.6351218465504,-1.00449730087673,-0.359107209534372,0.0396686726950364,5.5075163214664,50.0338977287798
291.9,-50.6482477577967,-50.0086064181177,-48.3947322521965,1.61387416592112,-42.910202620511,-48.4141460614669,-2.23410169632972,-1.59446035665073,0.0194138092703895,5.50394344095598,50.0280202273881
291.959172592918,-50.6442047293977,-50.0329699583394,-49.9518453022439,0.081124656095561,-44.4498056141469,-49.9546422692953,-0.689562460102351,-0.0783276890441158,0.00279696705144516,5.50483665514837,50.0357669253909
292,-50.6370224895729,-50.0490876617567,-50.8191637626401,-0.770076100883358,-45.2988684855706,-50.8043214331214,0.167298943548403,0.755233771364615,-0.0148423295187428,5.50545294755074,50.034245332238
292.1,-50.619832602399,-50.0858701479443,-50.1882046537774,-0.102334505833028,-44.6908172256038,-50.1991226771314,-0.42070992526763,0.113252529187072,0.0109180233540442,5.50830545152765,50.0967881712984
292.2,-50.6131692498594,-50.1197953627431,-50.2534218942668,-0.133626531523689,-44.7386769484069,-50.2397471522027,-0.37342209765665,0.119951789459634,-0.0136747420640546,5.50107020379586,50.106120620679
292.3,-50.5693257498567,-50.1498917830855,-50.4343960092067,-0.284504226121193,-44.9216194657034,-50.4176228443955,-0.151702905461185,0.267731061309981,-0.0167731648112124,5.49600337869208,50.1331186182743
292.4,-50.5645465428279,-50.1764464300499,-49.3313852147515,0.845061215298379,-43.8155371258996,-49.3037113698974,-1.26083517293047,-0.872735060152507,-0.027673844854128,5.48817424399782,50.1487725851958
292.5,-50.543266537682,-50.2002972802124,-49.0851389244713,1.11515835574116,-43.6112164026393,-49.0967848801676,-1.44648165751435,-1.10351240004482,0.0116459556963378,5.48556847752833,50.2119432359088
292.587878452393,-50.5498148949847,-50.2196010765475,-50.8534390143835,-0.633837937835999,-45.4243987203072,-50.9140347860266,0.364219891041877,0.694433709479092,0.0605957716430936,5.48963606571935,50.2801968481906
292.6,-50.5569912474731,-50.2222529446821,-50.1545346903312,0.0677182543508792,-44.718945120556,-50.2091422505927,-0.347848996880415,-0.0131106940894057,0.0546075602614735,5.49019713003671,50.2768605049436
292.61963666632,-50.567219663246,-50.2266178992457,-48.8951159874279,1.33150191181788,-43.4497841145972,-48.9375745143667,-1.6296451488793,-1.289043384879,0.04245852693888,5.48779039976958,50.2690764261846
292.656975186751,-50.5823010854524,-50.2350764139177,-49.7272105304091,0.507865883508536,-44.2707668456615,-49.7539809214364,-0.828320164015977,-0.481095492481252,0.0267703910272843,5.48321407577494,50.261846804945
292.7,-50.5936669433273,-50.2449639564936,-49.0069247337208,1.23803922277281,-43.5108762141831,-48.988817036413,-1.60484990691437,-1.25614692008067,-0.0181076973078689,5.47794082222986,50.2268562591858
292.755434263671,-50.5868194531476,-50.2573689389785,-49.6624406423842,0.594928296594375,-44.1403036949919,-49.6246269236724,-0.96219252947521,-0.632742015306121,-0.037813718711746,5.48432322868047,50.2195552202668
292.8,-50.5737727719989,-50.2666859861188,-48.4557729783119,1.81091300780695,-42.9533036598017,-48.4427579504678,-2.13101482153113,-1.82392803565101,-0.0130150278440553,5.48945429066611,50.2536709582748
292.846981881245,-50.5677580078347,-50.2759317469633,-50.9633057880749,-0.687374041111589,-45.4608250917561,-50.9540503560172,0.386292348182508,0.678118609053911,-0.00925543205767809,5.49322526426107,50.2666763149056
292.9,-50.5546922357792,-50.2857766058499,-50.6692616343943,-0.383485028544406,-45.1319829269719,-50.6294636599495,0.0747714241702653,0.343687054099625,-0.0397979744447809,5.49748073297754,50.2459786314051
292.967591889076,-50.515117801398,-50.2967021183269,-49.2069049295362,1.0897971887907,-43.6305062598505,-49.1299685884732,-1.38514921292481,-1.16673352985373,-0.0769363410630248,5.49946232862266,50.2197657772639
293,-50.4890984487292,-50.3010338366072,-50.4187928041207,-0.117758967513517,-44.8411591969536,-50.3415716361938,-0.14752681253534,0.0405377995866658,-0.0772211679268509,5.50041243924025,50.2238126686803
293.050327160292,-50.4461842032757,-50.3064751738297,-49.6904092278527,0.616065945976978,-44.1144230430393,-49.6122577207738,-0.833926482501909,-0.69421745305592,-0.0781515070789425,5.49783467773451,50.2283236667508
293.1,-50.3994875032024,-50.3102546042125,-52.044583485114,-1.73432888090145,-46.4311244876779,-51.9264149182636,1.52692741506122,1.61616031405107,-0.118168566850379,5.49529043058568,50.1920860373622
293.161934909119,-50.322362197171,-50.3123121174134,-50.6632809669153,-0.350968849501903,-45.03736235251,-50.5400719076862,0.217709710515152,0.227759790272742,-0.123209059229161,5.50270955517612,50.1891030581843
293.2,-50.2661207047386,-50.3118835145321,-49.9810533846017,0.330830129930455,-44.3361200099831,-49.8433893466429,-0.422731358095696,-0.468494167889219,-0.137664037958764,5.50726933665979,50.1742194765733
293.243752533256,-50.1977766358459,-50.3096067596061,-50.8500720068812,-0.540465247275051,-45.2129029080238,-50.7209707991774,0.523194163331446,0.411364039571232,-0.129101207703819,5.5080678911536,50.1805055519023
293.3,-50.1238698734728,-50.3041253124466,-49.3340406249822,0.970084687464414,-43.7220503344028,-49.2311448327947,-0.89272504067808,-1.07298047965191,-0.102895792187496,5.50909449839191,50.2012295202591
293.381514089551,-50.0314001737169,-50.2921682821996,-49.2697049646192,1.02246331758045,-43.6853585572953,-49.2049549209575,-0.82644525275937,-1.08721336124213,-0.0647500436616824,5.51959636366222,50.2274182385379
293.4,-50.0139996945218,-50.2889074873577,-49.9738358517059,0.315071635651805,-44.4057172089553,-49.927695204333,-0.0863044901887164,-0.361212283024706,-0.0461406473729014,5.52197799537777,50.2427668399848
293.429556343499,-49.9864972904855,-50.2833507069496,-48.2332159548594,2.05013475209027,-42.666174731497,-48.1839265409534,-1.80257074953212,-2.0994241659963,-0.0492894139060311,5.51775180945634,50.2340612930436
293.471987941293,-49.9521257010832,-50.2747118620597,-49.9355219207186,0.339189941341083,-44.3684380860559,-49.8801227099272,-0.0720029911560331,-0.394589152132539,-0.0553992107914567,5.51168462387125,50.2193126512682
293.5,-49.9260779888139,-50.2685918807918,-50.193900106116,0.0746917746757987,-44.6015677902571,-50.1092470415374,0.183169052723535,-0.159344839254402,-0.0846530645786032,5.50767925128031,50.1839388162132
293.534496302299,-49.8879969226024,-50.2604791922844,-49.5940891952922,0.666389996992194,-44.0002064605584,-49.5052402911678,-0.382756631434681,-0.755238901116591,-0.0888489041243972,5.50503383060938,50.17163028816
293.591795492369,-49.8312780319064,-50.2455952714684,-49.6586013087407,0.586993962727632,-44.1067012708242,-49.6073409938994,-0.223937038007065,-0.638254277569025,-0.051260314841393,5.50063972307515,50.194334956627
293.6,-49.8256396696619,-50.2433494972473,-47.1852815901127,3.05806790713454,-41.6359074235114,-47.1359179668589,-2.68972170280296,-3.10743153038833,-0.0493636232537895,5.50001054334759,50.1939858739935
293.618386895846,-49.8127764579648,-50.2382475035876,-51.9705575464033,-1.7323100428157,-46.4298116411983,-51.9267839919063,2.11400753394151,1.68853648831875,-0.0437735544969513,5.49697235070799,50.1944739490906
293.646761860501,-49.7944877601557,-50.2302089948999,-49.7927422533127,0.437466741587173,-44.2515124123932,-49.7437961734946,-0.050691586661074,-0.486412821405267,-0.0489460798180943,5.4922837611014,50.1812629150818
293.690869627663,-49.7702633614773,-50.2173848560402,-48.6718563133186,1.54552854272161,-43.1471235345334,-48.6321190673954,-1.13814429408184,-1.58526578864476,-0.0397372459231562,5.48499553286203,50.177647610117
293.7,-49.7665817173706,-50.2146954308122,-49.9287204161645,0.285975014647789,-44.4132240197498,-49.8967108787028,0.130129161332157,-0.317984552109465,-0.0320095374616756,5.48348685895294,50.1826858933506
293.719262476433,-49.7599122700789,-50.2090096773698,-48.6165796038397,1.59243007353006,-43.1042209546632,-48.5904810126093,-1.16943125746962,-1.61852866476052,-0.0260985912304577,5.48626005794608,50.1829110861393
293.75045970081,-49.7528628713055,-50.1997991197098,-50.4338090921963,-0.234009972486476,-44.94951705304,-50.4402685434107,0.687405672105172,0.240469423700887,0.00645945121441116,5.49075149037066,50.2062585709242
293.789981080922,-49.7454426291316,-50.188233663665,-48.2412077316283,1.94702593203673,-42.7529588629686,-48.2494002059351,-1.4960424231965,-1.93883345772991,0.00819247430681713,5.49644134296651,50.1964261379718
293.8,-49.7440519965736,-50.1853203212386,-50.3218230984063,-0.136502777167685,-44.8281937538481,-50.3260775103275,0.582025513753877,0.140757189088887,0.00425441192120246,5.49788375647937,50.1895747331598
293.819995560235,-49.7407965687882,-50.1795325706852,-51.1184513348783,-0.93891876419309,-45.6190291501755,-51.1169290308869,1.37613246209876,0.937396460201725,-0.00152230399136499,5.49789988071146,50.1780102666938
293.847706987281,-49.7373348842121,-50.1715645987249,-50.5704456888537,-0.398881090128796,-45.0968981112818,-50.5948203382279,0.857485454015873,0.423255739502984,0.0243746493741881,5.49792222694612,50.1959392480991
293.886247723373,-49.7419541237929,-50.1607303122652,-48.9820782235433,1.17865208872196,-43.5305252018409,-49.0284785076749,-0.713475616118011,-1.13225180459035,0.0464002841316145,5.49795330583395,50.2071305963969
293.9,-49.7457832416141,-50.1569744603979,-49.0795115271945,1.07746293320335,-43.6394361528831,-49.1374005484239,-0.608382693190251,-1.01957391197396,0.0578890212293857,5.49796439554074,50.2148634816272
293.919967939007,-49.7521743619633,-50.151651040454,-51.5969830703298,-1.44533202987577,-46.149282815126,-51.6436562479394,1.89148188597607,1.49200520748535,0.046673177609577,5.49437343281335,50.1983242180636
293.957195292488,-49.7665081666813,-50.1421468799362,-49.4571634377783,0.684983442157879,-44.0233552740776,-49.5110338728003,-0.25547429388098,-0.63111300713593,0.053870435021949,5.48767859872265,50.1960173149582
294,-49.7817598717312,-50.1319576362846,-48.8391724568684,1.29278517941621,-43.3807931557779,-48.8607739090105,-0.920985962720636,-1.27118372727406,0.0216014521421499,5.47998075323262,50.1535590884267
294.073128094263,-49.8015614260822,-50.1159125313531,-50.2819138495926,-0.166001318239545,-44.8474860542355,-50.3153460645003,0.51378463841808,0.1994335331472,0.0334322149076556,5.46786001026476,50.1493447462607
294.1,-49.8130338308038,-50.1105036913809,-50.3754770535114,-0.264973362130497,-44.9481767403243,-50.4115828199107,0.598548989106945,0.301079128529814,0.0361057663993165,5.4634060795864,50.1466094577802
294.135381924868,-49.8296939636144,-50.1038637325576,-51.4670454315753,-1.36318169901772,-46.018973723794,-51.4834819061388,1.65378794252441,1.37961817358121,0.0164364745634842,5.46450818234477,50.1203002071211
294.179366211412,-49.8467336648685,-50.096268455337,-49.1177138540701,0.978554601266879,-43.6843958838139,-49.1502741217366,-0.696459543131894,-0.945994333600339,0.0325602676665397,5.46587823792277,50.1288287230035
294.2,-49.8559616196538,-50.092964511328,-49.6627946901978,0.4301698211302,-44.2353288793959,-49.7018498340562,-0.154111785597614,-0.391114677271837,0.0390551438583628,5.4665209546603,50.1320196551864
294.240833825677,-49.8782267018648,-50.0869660572948,-50.3471975636786,-0.260231506383739,-44.9297349852759,-50.4025682814369,0.524341579572159,0.315602224142069,0.0553707177583291,5.47283329616101,50.1423367750532
294.3,-49.907353836037,-50.0796258259218,-50.5670479856641,-0.487422159742238,-45.1043776499099,-50.5863572136917,0.679003377654723,0.506731387769868,0.0193092280276304,5.48197956378177,50.0989350539495
294.37066449428,-49.9349918216565,-50.0723321317822,-50.7938304087105,-0.721498276928308,-45.3741407823255,-50.8468876375505,0.911895815894006,0.774555505768291,0.0530572288399824,5.47274685522503,50.1253893606222
294.4,-49.9519000456803,-50.0698823048237,-49.6253341215053,0.444548183318432,-44.175153704278,-49.6440677127893,-0.307832332890989,-0.425814592034428,0.0187335912840041,5.46891400851128,50.0886158961077
294.434302302506,-49.9623012926738,-50.0673611316626,-48.2972568179691,1.77010431369348,-42.8559021825538,-48.3265343101446,-1.63576698252923,-1.74082682151801,0.029277492175467,5.4706321275907,50.096638623838
294.479221963159,-49.9764138826211,-50.0645526690877,-50.2393300308628,-0.174777361775099,-44.7446531082884,-50.2175351526594,0.241121270038249,0.152982483571655,-0.0217948782034441,5.47288204437099,50.0427577908843
294.5,-49.9745684128859,-50.0633447344656,-50.9048691903777,-0.841524455912037,-45.405385660161,-50.8793084259682,0.904740013082353,0.815963691502631,-0.0255607644094056,5.47392276580725,50.0377839700562
294.535054406433,-49.9688922106153,-50.0612543809278,-51.3102062831061,-1.24895190217835,-45.8179739317871,-51.2896374900623,1.32074527944696,1.22838310913447,-0.0205687930438785,5.47166355827519,50.0406855878839
294.584079270685,-49.9509094023189,-50.05812832483,-48.2391800014964,1.81894832333369,-42.6805318856876,-48.1490358599377,-1.8018735423812,-1.90909246489232,-0.090144141558639,5.46850397425009,49.9679841832714
294.6,-49.9391541858436,-50.0569504617049,-49.736189380079,0.320761081625925,-44.1747653554646,-49.6422432609477,-0.296910924895855,-0.414707200757178,-0.0939461191312532,5.46747790548313,49.9630043425737
294.630672470596,-49.9157171032627,-50.0543649830191,-48.3008632106726,1.75350177234654,-42.7336059776644,-48.2011963104754,-1.7145207927873,-1.8531686725437,-0.099666900197164,5.46759033281101,49.9546980828219
294.685742251044,-49.8687842791805,-50.0485787238061,-48.6631534544285,1.38542526937761,-43.1127559282855,-48.5805481146852,-1.28823616449529,-1.46803060912087,-0.0826053397432602,5.46779218639969,49.9659733840628
294.7,-49.8597697256168,-50.046856866576,-49.9425982600676,0.104258606508388,-44.3993891335859,-49.8672335805498,0.00746385493297197,-0.179623286026263,-0.0753646795178753,5.46784444696383,49.9714921870582
294.724567382386,-49.8443530108032,-50.0437294803475,-49.2500856287997,0.793643851547792,-43.7195681472139,-49.1873745301955,-0.656978480607776,-0.856354950152003,-0.0627110986042112,5.4678063829816,49.9810183817433
294.761554772899,-49.8264731279252,-50.0387071922355,-48.2605651996776,1.77814199255789,-42.7489699769001,-48.2167190527028,-1.60975407522232,-1.82198813953265,-0.043846146974758,5.46774907580279,49.9948610452607
294.8,-49.8161234315826,-50.0332687965928,-50.6053626168984,-0.572093820305632,-45.0968938846155,-50.5645833945102,0.748459962927662,0.531314597917422,-0.0407792223882097,5.46768950989471,49.9924895742046
294.846058358546,-49.7953799113648,-50.0265039182865,-49.6363992929619,0.390104625324661,-44.1087908218344,-49.5779221483098,-0.217457763055052,-0.448581769976762,-0.0584771446521017,5.46913132647537,49.9680267736344
294.9,-49.7733415288547,-50.0180406362381,-48.2962669480361,1.72177368820196,-42.7729325139017,-48.2437524362257,-1.52958909262898,-1.77428820001236,-0.0525145118103936,5.47081992232402,49.9655261244277
294.975973645417,-49.7233674019098,-50.0049800769425,-49.8778534156568,0.127126661285679,-44.3151706686929,-49.7819711298244,0.0586037279146012,-0.223008947118117,-0.0958822858324382,5.46680046113147,49.9090977911101
295,-49.7032985670225,-50.0004020613156,-50.4698218833627,-0.469419822047151,-44.9175897784215,-50.383119101393,0.679820534370464,0.382717040077395,-0.0867027819697554,5.46552932297146,49.9136992793458
295.040793802654,-49.678773340699,-49.9921754135545,-48.3560661554294,1.63610925812505,-42.8477353267451,-48.3169108223655,-1.36186251833349,-1.67526459118901,-0.0391553330639525,5.46917549562034,49.9530200804905
295.083958327483,-49.6682954779425,-49.9832067960715,-51.7753902362493,-1.79218344017781,-46.3000573450399,-51.7730909097686,2.10479543182609,1.78988411369711,-0.00229932648070275,5.4730335647287,49.9809074695908
295.1,-49.6674267397118,-49.9798970034425,-51.2073408217295,-1.22744381828696,-45.7257651130604,-51.2002324913532,1.53280575164137,1.22033548791062,-0.00710833037633307,5.47446737829276,49.9727886730662
295.125210936707,-49.6668691325958,-49.9747445333821,-50.8620545173754,-0.887309983993298,-45.4071506813068,-50.882944619236,1.21607548664024,0.908200085853892,0.0208901018605943,5.47579393792918,49.9956346352427
295.156305608281,-49.6718552501093,-49.9685482069835,-47.8726651774754,2.09588302950812,-42.4391685905419,-47.9165986809352,-1.75525656917408,-2.0519495260483,0.0439335034598187,5.47743009039336,50.0124817104434
295.2,-49.6893969635792,-49.9603817125826,-48.9551455373189,1.00523617526378,-43.5287369505247,-49.0084661707387,-0.680930792840456,-0.951915541843896,0.0533206334198795,5.47972922021405,50.0137023460025
295.270039418517,-49.7071251958736,-49.9487072276522,-50.4853786625557,-0.536671434903496,-45.0073175536693,-50.4902356226435,0.783110426769937,0.541528394991374,0.00485696008787784,5.48291806897427,49.95356418774
295.3,-49.7049948527765,-49.943979559747,-48.8781793108941,1.06580024885285,-43.3714784500727,-48.8557606046596,-0.849234248116915,-1.08821895508739,-0.0224187062345464,5.48428215458691,49.9215608535124
295.330634885163,-49.6932822648426,-49.9390975587076,-48.7803737149842,1.15872384372337,-43.256328303789,-48.7434929083374,-0.949789356505164,-1.19560465037019,-0.0368808066468205,5.48716460454842,49.9022167520608
295.366394482346,-49.6713673377984,-49.9331413114902,-48.6200104527603,1.31313085872996,-43.0789519139189,-48.5694811548605,-1.10188618293793,-1.36366015662973,-0.0505292978997716,5.49052924094164,49.8826120135905
295.4,-49.6540570249669,-49.9272234685914,-49.6591223444851,0.268101124106302,-44.1276931077959,-49.6213843068305,-0.0326727181363466,-0.305839161760851,-0.0377380376545489,5.49369119903459,49.8894854309368
295.465667163539,-49.6357426986813,-49.9150829909217,-49.6200926546456,0.294990336276044,-44.1957452274003,-49.7052787379517,0.0695360392703606,-0.209804252970002,0.0851860833060414,5.50953351055139,50.0002690742277
295.5,-49.6549330267443,-49.9090537428372,-50.0577217029124,-0.148667960075187,-44.638580462797,-50.156396826774,0.501463800029754,0.247343083936826,0.0986751238616392,5.51781636397698,50.0077288666988
295.556579504258,-49.6910109373841,-49.9003800567794,-48.5787685526739,1.3216115041055,-43.1866614103039,-48.7110009586874,-0.980009978696721,-1.18937909809203,0.132232406013472,5.52433954838348,50.0326124627929
295.6,-49.7238031159084,-49.8949437153332,-50.1596419465931,-0.264698231259914,-44.784883968695,-50.3142295683767,0.590426452468272,0.419285853043462,0.154587621783548,5.52934559968171,50.0495313371168
295.645044833758,-49.7766163412209,-49.8906672963052,-50.0439126945357,-0.153245398230453,-44.7134926642192,-50.2416196744479,0.465003333227038,0.350952378142686,0.197706979912233,5.52812701022867,50.0883742762175
295.7,-49.8546481873182,-49.8880379085658,-50.0984734395877,-0.210435531021893,-44.7533112514895,-50.2799515698961,0.42530338257788,0.391913661330292,0.181478130308399,5.52664031840661,50.0695160388742
295.776842410181,-49.9722582650661,-49.8891515604269,-49.7083193540467,0.180832206380231,-44.4229019878697,-49.9541495128575,-0.018108752208569,0.0649979524306232,0.245830158810854,5.53124752498785,50.1349817192377
295.8,-50.0163437178366,-49.8907466278906,-49.1738213877591,0.716925240131417,-43.8778466327334,-49.4104826071461,-0.60586111069054,-0.480264020744485,0.236661219386932,5.53263597441268,50.1274078472775
295.834910781173,-50.0825520748262,-49.894351940627,-49.6893713357698,0.204980604857184,-44.3872889000504,-49.9108957861752,-0.171656288650922,0.01654384554827,0.221524450405454,5.52360688612488,50.1158763910324
295.9,-50.1867558431175,-49.9045616790326,-50.1733017649512,-0.268740085918644,-44.8210512476312,-50.3278238984962,0.141068055378675,0.423262219463638,0.154522133544994,5.50677265086502,50.0590838125776
295.987534810932,-50.3154215291627,-49.9238941729142,-50.1378489699582,-0.213954797044011,-44.8038485128104,-50.3098624934369,-0.00555903572579552,0.385968320522679,0.172013523478668,5.50601398062651,50.0959076963929
296,-50.3354751321184,-49.9271745390042,-49.7199577686888,0.207216770315377,-44.3781010396216,-49.8840069835955,-0.45146814852292,-0.0431675554087292,0.164049214906647,5.50590594397386,50.0912237539109
296.027288527426,-50.3782228768604,-49.9348195838468,-48.5943288192856,1.34049076456122,-43.2519468961239,-48.7601251219113,-1.61809775494908,-1.17469446193548,0.165796302625736,5.50817822578745,50.1006158864726
296.1,-50.4736853080429,-49.9579806476921,-51.4906815423634,-1.53270089467127,-46.0714507462922,-51.5856835661657,1.11199825812273,1.62770291847353,0.095002023802266,5.51423281987346,50.0529826714944
296.2,-50.5261512584853,-49.9932281541747,-49.8085907295131,0.184637424661652,-44.2444267112255,-49.7461696005967,-0.779981657888548,-0.247058553577993,-0.0624211289163412,5.50174288937124,49.9308070252584
296.289033994577,-50.4475846693658,-50.0216146600345,-51.1283455561326,-1.10673089609809,-45.509012151813,-51.0283463046826,0.580761635316826,1.00673164464808,-0.099999251450015,5.51933415286959,49.9216154085845
296.3,-50.4363001800293,-50.024636074992,-48.9517648299959,1.07287124499611,-43.3367977386497,-48.858298545861,-1.57800163416826,-1.16633752913096,-0.0934662841348555,5.52150080721132,49.9311697908571
296.317287466242,-50.4185094566886,-50.029192915182,-47.0090335876815,3.02015932750054,-41.3819966345407,-46.9043727361015,-3.51413672058712,-3.12482017908055,-0.104660851580014,5.52237610156079,49.924532063602
296.352019894706,-50.3772776559163,-50.0375288183279,-50.4731951095977,-0.435666291269797,-44.8286616340206,-50.3527962985744,-0.024481357341827,0.315267480246554,-0.120398811023243,5.52413466455386,49.9171300073046
296.4,-50.3137741961265,-50.0470986656155,-52.758821103586,-2.71172243797054,-47.1113512378804,-52.6379152182438,2.3241410221173,2.59081655262835,-0.120905885342182,5.52656398036346,49.9261927802733
296.481632199939,-50.2019847472925,-50.0580660066628,-51.7878380691209,-1.72977206245812,-46.1710672523137,-51.6924537346737,1.49046898738122,1.63438772801089,-0.0953843344472318,5.52138648236003,49.9626816722156
296.5,-50.182726233566,-50.0596784378233,-51.6596781887205,-1.59999975089725,-46.0424891845802,-51.562710694684,1.37998446111796,1.50303225686071,-0.0969674940365479,5.5202215101038,49.9627109437867
296.536274110833,-50.1429397292693,-50.0621100248255,-49.7226834839627,0.339426540862831,-44.113550364947,-49.6310549962731,-0.511884732996194,-0.431055028552386,-0.0916284876895546,5.5175046313261,49.9704815371359
296.582808073329,-50.0928966954652,-50.0638260998707,-50.7303407105921,-0.666514610721407,-45.0857724003401,-50.5997917047419,0.506895009276704,0.535965604871187,-0.13054900585022,5.51401930440171,49.9332770940204
296.6,-50.0695710364618,-50.0640231159233,-49.5615208638824,0.502502252040884,-43.9046732215361,-49.4174048753339,-0.652166161127937,-0.646618240589426,-0.144115988548542,5.51273165379779,49.9199071273747
296.6230274621,-50.0339374652864,-50.0638416190341,-51.6328196115171,-1.56897799248306,-45.9596411083184,-51.474558285218,1.44062081993155,1.4107166661839,-0.158261326299154,5.51491717689961,49.9055802927349
296.652184987899,-49.983336547145,-50.0628007164637,-49.5403218545914,0.522478861872315,-43.8480409820318,-49.3657254828314,-0.617611064313628,-0.697075233632297,-0.174596371759982,5.51768450079955,49.8882043447037
296.7,-49.8913710810164,-50.0589445458475,-49.6604229049439,0.398521640903532,-43.9359956897442,-49.4582182856715,-0.433152795344931,-0.600726260175989,-0.202204619272457,5.52222259592731,49.856739926575
296.755759272301,-49.7685672084556,-50.0507235682551,-51.0571906966664,-1.00646712841131,-45.3017128078188,-50.8275487415336,1.058981533078,0.776825173278425,-0.229641955132884,5.5258359337148,49.8210816131223
296.8,-49.655792428144,-50.0410221256026,-50.4285482785652,-0.387526152962607,-44.6418989440882,-50.1706017856112,0.514809357467243,0.129579660008638,-0.25794649295397,5.52870284152303,49.7830756326486
296.844715567563,-49.5239900182924,-50.027940331404,-49.5345371003104,0.49340323109363,-43.7558780259997,-49.2851000885858,-0.238889929706581,-0.742840242818218,-0.249437011724588,5.52922206258611,49.7785033196794
296.9,-49.3820641149382,-50.0073328241653,-51.8579044021822,-1.85057157801688,-46.1066144259175,-51.6364784314186,2.25441431648038,1.62914560725324,-0.22142597076364,5.52986400550101,49.7859068534017
296.968303071889,-49.2148824088378,-49.9760629754929,-50.5161134104312,-0.540050434938301,-44.8272128230158,-50.3613334958045,1.14645108696671,0.385270520311579,-0.154779914626722,5.53412067278873,49.8212830608662
297,-49.1589672398786,-49.9597420910253,-49.1445436131509,0.815198477874439,-43.5232533201194,-49.0593493546785,-0.0996178852000256,-0.900392736346781,-0.0851942584723417,5.53609603455919,49.874547832553
297.03413339271,-49.1173794490434,-49.9414734767218,-50.4423609276387,-0.500887450916906,-44.854119198655,-50.3918336951797,1.27445424613636,0.450360218457895,-0.0505272324590109,5.53771449652476,49.8909462442628
297.090708376641,-49.0815792078386,-49.9105596887542,-51.1960063800054,-1.28544669125122,-45.6997184076134,-51.2401154520019,2.15853624416329,1.32955576324765,0.0441090719964308,5.54039704438842,49.9546687607506
297.1,-49.0804517112367,-49.9055035720242,-49.1616964737906,0.74380709823366,-43.6730105953573,-49.2138482094579,0.133396498221195,-0.691655362566301,0.0521517356673584,5.54083761410067,49.9576553076916
297.115324878562,-49.0793889846781,-49.8972208548666,-49.885713826723,0.011507028143555,-44.4009170267928,-49.9424681713455,0.863079186667342,0.0452473164789211,0.0567543446224761,5.54155114455264,49.953975199489
297.138176228118,-49.0808400564348,-49.8850200066506,-47.0014829163285,2.8835370903221,-41.5415898763635,-47.0842049858742,-1.99663507056062,-2.80081502077645,0.0827220695456461,5.54261510951068,49.9677420761963
297.17731695633,-49.0923548342616,-49.8647170967308,-50.1867879260868,-0.322070829356001,-44.7401970382667,-50.2846345505702,1.19227971630868,0.419917453839467,0.0978466244834664,5.54443751230355,49.9625637212142
297.2,-49.1031395131197,-49.8533520740671,-48.6145768140258,1.23877526004131,-43.1819617684829,-48.7274554093773,-0.375684103742429,-1.12589666468979,0.112878595351518,5.54549364089446,49.9662306694186
297.234203429415,-49.1231894845956,-49.8368751548687,-48.1403081865474,1.69656696832132,-42.7148040901691,-48.2648735885853,-0.858315896010318,-1.57200156628348,0.124565402037845,5.55006949841614,49.9614405569066
297.286543901967,-49.1620591259968,-49.8133318528166,-49.3709480894703,0.442383763346307,-43.9798858131849,-49.5369576078361,0.374898481839274,-0.276374244980509,0.166009518365797,5.55707179465118,49.9793413711824
297.3,-49.1760897769001,-49.8076517111039,-46.5678900124744,3.23976169862948,-41.1904678110782,-46.7493398108097,-2.42674996609045,-3.05831190029421,0.181449798335272,5.55887199973152,49.9891015094392
297.320124315751,-49.1985987420365,-49.7994903283044,-49.2473171028051,0.552173225499217,-43.8786514031649,-49.4390179233727,0.240419181336271,-0.360472404931613,0.191700820567604,5.56036652020789,49.991191148872
297.351434752974,-49.2384436869245,-49.7876374194987,-48.8793923591218,0.908245060376899,-43.5310028962298,-49.0936946676479,-0.144749019276638,-0.693942751850877,0.214302308526023,5.56269177141803,50.0019397280248
297.391088712888,-49.300082953824,-49.7742755809808,-49.4553095931083,0.318965987872488,-44.123165810937,-49.6888024603719,0.38871950654795,-0.0854731206088317,0.233492867263656,5.56563664943497,50.0077684482444
297.4,-49.314613273093,-49.771545693529,-49.8888486161761,-0.117302922647163,-44.5646300259603,-50.1309284668929,0.816315193799916,0.359382773363912,0.242079850716749,5.5662984409326,50.0136255442457
297.4153251078,-49.3415798451382,-49.767094685068,-50.190290788165,-0.423196103096956,-44.881514060442,-50.4484478171792,1.10686797204099,0.681353132111205,0.258157029014249,5.56693375673726,50.0252517140823
297.445011615013,-49.3995738855469,-49.7594144075576,-48.8674085960022,0.892005811555407,-43.577887290675,-49.1460517276439,-0.253522157903006,-0.613362679913671,0.278643131641736,5.56816443696896,50.0380575391993
297.5,-49.5205821449723,-49.7487377539835,-51.07569519561,-1.32695744162653,-45.8000158359747,-51.3704598647424,1.84987771977006,1.6217221107589,0.29476466913237,5.5704440287677,50.0435024231159
297.562635615385,-49.6510777190012,-49.7422784111623,-50.0483985431014,-0.306120131939053,-44.7302943281009,-50.2997671256093,0.648689406608099,0.557488714447011,0.251368582507958,5.56947279750847,49.9936469936703
297.6,-49.7231389196404,-49.7409378925765,-49.5996177576492,0.141320134927383,-44.2820630147818,-49.85095643811,0.127817518469662,0.110018545533478,0.251338680460861,5.56889342332818,49.9922765730374
297.655947910652,-49.8234504107569,-49.7421472130895,-50.2782359308754,-0.536088717785944,-44.9454314453513,-50.5072749248962,0.683824514139296,0.765127711806755,0.229038994020812,5.5618434795449,49.9711862071103
297.7,-49.9051649418295,-49.745652098379,-50.0783803590068,-0.332728260627796,-44.7223242503341,-50.2786167673888,0.373451825559364,0.532964669009822,0.200236408382025,5.5562925170547,49.945888506761
297.755720149385,-49.9977874321587,-49.7530574446152,-48.4737417614556,1.27931568315954,-43.133361905466,-48.6949073661193,-1.30288006603939,-1.05815007849588,0.221165604663661,5.56154546065331,49.9742230492788
297.8,-50.0832653980159,-49.7612991710454,-51.7973287211313,-2.03602955008591,-46.479414521359,-52.0451344065321,1.96186900851617,2.28383523548675,0.247805685400841,5.5657198851731,50.0091048564462
297.851047996526,-50.1865132702618,-49.7736982729328,-49.9166120600637,-0.14291378713083,-44.5585997944613,-50.1278819325339,-0.0586313377278742,0.354183659601048,0.211269872470218,5.5692821380726,49.9849681454031
297.9,-50.2701140994362,-49.7881483760348,-52.2650629237685,-2.47691454773368,-46.8673897628688,-52.4400878903667,2.16997379093046,2.65193951433182,0.175024966598144,5.57269812749789,49.963173342633
297.958223749631,-50.3497289328356,-49.8078435689689,-50.5170270130511,-0.709183444082264,-45.077195091214,-50.6598538703398,0.310124937504199,0.852010301370981,0.142826857288718,5.5826587791258,49.9506704262576
298,-50.3886560341731,-49.8230985510293,-49.7465285394504,0.0765700115788732,-44.2746414683598,-49.8644471364935,-0.524208897679536,0.0413485854642346,0.117918597043108,5.58980566813373,49.9410171480724
298.060041788143,-50.4207783716114,-49.8456877244593,-50.2282599044037,-0.382572179944404,-44.728786369293,-50.3150187938193,-0.105759577792007,0.469331069360059,0.0867588894156555,5.58623242452636,49.9324466138749
298.1,-50.4387701631317,-49.8608744585,-50.2708378823204,-0.409963423820365,-44.7349157667074,-50.3187701736981,-0.119999989433651,0.457895715198113,0.047932291377748,5.58385440699066,49.9088067498777
298.150160499755,-50.4458733102917,-49.8798111994205,-51.4042686863876,-1.52445748696713,-45.8206370228898,-51.4102306079796,0.964357297687926,1.53041940855911,0.00596192159198239,5.58959358508984,49.8857731210125
298.2,-50.4342617754434,-49.897898430837,-49.6620923829892,0.235806047847753,-44.0564364134537,-49.6517324490709,-0.78252932637244,-0.246165981766005,-0.0103599339182523,5.59529603561722,49.8875384969187
298.256539008119,-50.4043040473329,-49.9169011445107,-51.003065392785,-1.08616424827431,-45.4066175175612,-51.0106833227222,0.60637927538928,1.09378217821151,0.00761792993719723,5.60406580516105,49.9245190744479
298.3,-50.3851962086366,-49.9303803173744,-50.2736773157006,-0.343296998326252,-44.6610009948754,-50.2718080375575,-0.113388171079031,0.341427720183184,-0.0018692781430687,5.61080704268211,49.9285110392313
298.357381466936,-50.3535851335085,-49.9467091564031,-50.8472362222077,-0.900527065804631,-45.181839996892,-50.7936621384763,0.440077004967804,0.846952982073233,-0.053574083731398,5.61182214158435,49.8931350726717
298.4,-50.3091304497215,-49.9573366287787,-48.9055867746988,1.05174985407988,-43.2607340585669,-48.8733101374142,-1.43582031230727,-1.08402649136448,-0.0322766372846033,5.61257607884735,49.9250599914941
298.442819387663,-50.2768534840259,-49.9666408720853,-51.2609776491743,-1.29433677708903,-45.6324608565621,-51.2534896752672,0.976636191241276,1.28684880318192,-0.00748797390711076,5.62102881870514,49.9591528981782
298.5,-50.23111389287,-49.9772979777273,-49.2973180285579,0.679979949169379,-43.6464293726104,-49.2787459015651,-0.952367991304911,-0.698552076162265,-0.0185721269928862,5.63231652895465,49.9587258507344
298.6,-50.1439443433634,-49.9911399120177,-50.2532385431033,-0.262098631085571,-44.472104060995,-50.1157860684206,-0.0281582749428821,0.124646156402875,-0.137452474682696,5.64368200742557,49.853687437335
298.681757328641,-49.9790310107322,-49.9948325555591,-49.7374835094009,0.257349046158232,-43.942843682846,-49.5979674456341,-0.38106356509806,-0.396865109925002,-0.13951606376677,5.6551237627881,49.8553164917923
298.7,-49.938502218117,-49.9944015062401,-48.7523490877603,1.24205241847988,-42.9607626936659,-48.6184394775265,-1.32006274059056,-1.37596202871368,-0.1339096102338,5.65767678386052,49.8604918960063
298.726614397388,-49.8786660387516,-49.9929168592542,-52.4265245928303,-2.43360773357614,-46.6171768897832,-52.2776011895581,2.39893515080657,2.28468433030395,-0.148923403272192,5.66042429977494,49.843993455982
298.772400314949,-49.7776396402911,-49.987976649627,-49.8520320715609,0.135944578066145,-44.0865366352402,-49.7516876073992,-0.0259520328918441,-0.236289042227803,-0.100344464161658,5.66515097215906,49.8876321854654
298.8,-49.7247817903945,-49.9837154261675,-49.756168160402,0.227547265765537,-43.9882458667716,-49.6562460702247,-0.0685357201697343,-0.327469355942753,-0.0999220901772162,5.66800020345316,49.8837933359903
298.846265205446,-49.6336008517853,-49.9745948413461,-49.9073431310799,0.0672517102661345,-44.1251630728996,-49.7940999236754,0.160499071890079,-0.18049491767065,-0.113243207404516,5.66893685077581,49.8613516339416
298.9,-49.5328859312127,-49.9608844773904,-51.1274358980202,-1.16655142062979,-45.4029179009017,-51.0729426221618,1.54005669094911,1.11205814477137,-0.0544932758584125,5.67002472126006,49.906391201532
299,-49.387823430156,-49.9289858885079,-50.7208532060179,-0.791867317509968,-44.9994338980749,-50.6720052219038,1.28418179174783,0.743019333395885,-0.048847984114083,5.6725713238289,49.8801379043938
299.1,-49.2701532120157,-49.8903735008593,-49.4123413975323,0.478032103327088,-43.7550243040423,-49.4269326887357,0.156779476720025,-0.463440812123615,0.0145912912034731,5.6719083846934,49.9049647920628
299.2,-49.2276581066118,-49.84886913521,-50.5849214855612,-0.736052350351166,-45.056910801949,-50.7403894517567,1.51273134514489,0.891520316546703,0.155467966195538,5.68347864980771,50.0043371014055
299.3,-49.2780423407913,-49.811125219161,-48.9904315297177,0.820693689443367,-43.4211966907051,-49.1078326427838,-0.170209698007504,-0.703292576377223,0.117401113066144,5.6866359520787,49.9285263322272
299.4,-49.2883370194227,-49.7775811744917,-48.3936667460803,1.3839144284114,-42.7824443624505,-48.4858260747935,-0.802510944629276,-1.29175509969824,0.0921593287131657,5.70338171234294,49.8697405032049
299.5,-49.2293768557791,-49.7448332062064,-51.9018875344115,-2.15705432820509,-46.2460757623731,-51.9395739149293,2.71019705915022,2.19474070872285,0.0376863805177621,5.69349815255615,49.7825195867242
299.6,-49.2082251243608,-49.7108762759894,-49.7810013271248,-0.0701250511353777,-44.2302756242781,-49.9183265363476,0.710101411986784,0.2074502603582,0.137325209222823,5.68805091206944,49.8482014852122
299.7,-49.2790726744731,-49.6806754626925,-50.5492986177126,-0.868623155020053,-45.0737838569792,-50.7544428289765,1.47537015450344,1.07376736628397,0.205144211263921,5.68065897199735,49.8858196739565
299.8,-49.3943673296784,-49.6590673007167,-49.7365958186889,-0.0775285179722687,-44.2302650636235,-49.9274167835029,0.533049453824518,0.268349482786221,0.190820964813952,5.69715171987938,49.8498882655306
299.9,-49.5248345401956,-49.6463571788983,-50.7061578917792,-1.05980071288088,-45.195854393027,-50.9028743680927,1.3780398278971,1.2565171891944,0.196716476313519,5.70701997506569,49.8430736552119
300,-49.6355459485007,-49.6423501551791,-50.4430803606336,-0.800730205454528,-44.8970786468727,-50.6050542602689,0.969508311768209,0.962704105089806,0.161973899635278,5.7079756133962,49.8043240548144
300.1,-49.7290103557223,-49.6448679151865,-49.7416754172931,-0.0968075021066639,-44.2240585850056,-49.9231664984883,0.194156142766019,0.278298583301854,0.18149108119519,5.69910791348278,49.8263589963817
300.19007686449,-49.8391889268655,-49.6528534947912,-48.602048579395,1.05080491539626,-43.069821970971,-48.7542765323557,-1.08491239450971,-0.898576962435463,0.152227952960793,5.68445456138479,49.805081447752
300.2,-49.8505323510746,-49.6541024915762,-49.5442460106759,0.109856480900213,-44.0214961487952,-49.7043364532966,-0.146195897777972,0.0502339617204655,0.160090442620678,5.68284030450141,49.8141929341968
300.217378777764,-49.8712417722075,-49.6564535127358,-49.0370356275911,0.619417885144699,-43.5107093074032,-49.1955289112626,-0.675712860944842,-0.460924601473124,0.158493283671575,5.68481960385946,49.8149467964073
300.242095805058,-49.8987625569483,-49.6601446401766,-49.9164354176733,-0.256290777496687,-44.3778372431471,-50.0654719124226,0.166709355474296,0.405327272245927,0.14903649474924,5.68763466927548,49.8091811349259
300.281755565479,-49.9413577648329,-49.6668120413799,-49.5208836232695,0.145928418110394,-44.0045326535387,-49.6966842422091,-0.244673522623827,0.0298722008291463,0.17580061893954,5.69215158867038,49.8426126603195
300.3,-49.9653791227083,-49.6702312680064,-50.3138706967196,-0.643639428713158,-44.7957913621001,-50.4900208412889,0.524641718580561,0.819789573282456,0.176150144569299,5.69422947918874,49.8463814125757
300.327937488138,-50.0000345681274,-49.6759321924884,-48.34623990575,1.32969228673836,-42.8118763265848,-48.5067380462057,-1.49329652192176,-1.16919414628267,0.160498140455694,5.69486171962086,49.836430332944
300.369015659043,-50.0517654865411,-49.6852566976535,-49.6982066079095,-0.012949910255962,-44.17289049425,-49.8686818350449,-0.183083651496183,0.183425137391382,0.17047522713542,5.69579134079493,49.8557319247889
300.4,-50.0921432540828,-49.6930490766787,-51.0052480183225,-1.31219894164377,-45.5124322372525,-51.2089247704029,1.11678151632012,1.5158756937242,0.203676752080426,5.69649253315048,49.8967258287592
300.432177383409,-50.1425031693869,-49.7019521159859,-50.5854379569137,-0.883485840927776,-45.0629055784905,-50.7577647999526,0.615261630565676,1.05581268396667,0.172326843038896,5.69485922146209,49.8742789590248
300.470336665667,-50.1910550060293,-49.713489686391,-50.0542881275432,-0.340798441152224,-44.5171010765556,-50.210023347429,0.0189683413997415,0.496533661038029,0.155735219885806,5.69292227087346,49.8692249062768
300.5,-50.2278790951286,-49.7230751959315,-49.5734185664088,0.149656629522781,-44.0442541116083,-49.7356706829639,-0.492208412164672,0.0125954870324065,0.162252116555187,5.69141657135566,49.8853273124867
300.535419138821,-50.2724939053717,-49.7352280916753,-50.3739894865818,-0.638761394906474,-44.8244602432829,-50.5151983765883,0.242704471216612,0.779970284912956,0.141208890006482,5.69073813330534,49.8764369816818
300.582839370486,-50.3305457538288,-49.7526058434792,-48.9954527318055,0.757153111673638,-43.4640853622668,-49.1539151818585,-1.17663057197026,-0.598690661620672,0.158462450052966,5.68982981959169,49.9110682935321
300.6,-50.3536934342227,-49.7592237722505,-50.9753921151766,-1.21616834292612,-45.4475464736637,-51.1370475889329,0.78335415471021,1.37782381668238,0.161655473756255,5.68950111526917,49.9208792460068
300.624800746732,-50.3866541624358,-49.7691158127731,-50.0204080688063,-0.251292256033231,-44.4833542609113,-50.1702203042922,-0.216433858143624,0.401104491519156,0.149812235485925,5.68686604338095,49.918928048259
300.665462604762,-50.4323245349442,-49.7860696887172,-50.2463037753004,-0.460234086583121,-44.6466036095947,-50.3291493427778,-0.103175192166411,0.54307965406057,0.0828455674774489,5.68254573318313,49.8689152561947
300.7,-50.4606920136673,-49.8009068430031,-50.2583542119727,-0.457447368969618,-44.6603505076422,-50.3392266529589,-0.121465360708399,0.538319809955823,0.0808724409862052,5.67887614531667,49.8817792839893
300.781974677445,-50.517283107287,-49.8370765600859,-48.0916740105938,1.74540254949208,-42.4827552865439,-48.165830529087,-2.35145257819997,-1.67124603099886,0.0741565184932256,5.68307524254317,49.9112330785791
300.8,-50.5293187851118,-49.845168377905,-51.3030472856886,-1.45787890778363,-45.686851055225,-51.3708496326846,0.841530847572791,1.5256812547796,0.0678023469959683,5.68399857745957,49.9129707249009
300.832286054629,-50.5464540631081,-49.8597394497457,-49.7664219907314,0.0933174590143153,-44.1359491280803,-49.8208494847701,-0.725604578337986,-0.0388899649756098,0.0544274940387055,5.68490035668977,49.9141669437844
300.881350966779,-50.5600990586007,-49.8818651611166,-51.5615283028051,-1.67966314168857,-45.8678313648655,-51.5541021497237,0.994003091122913,1.6722369886071,-0.00742615308147521,5.68627078485814,49.8744390080351
300.9,-50.5580668019373,-49.8901244272989,-51.2237004316244,-1.33357600432556,-45.5232480898106,-51.210039759336,0.651972957398669,1.31991533203716,-0.0136606722884025,5.6867916695254,49.8764637550104
300.931940588364,-50.5561820022334,-49.9039762324935,-49.6233247089212,0.280651523572303,-43.9557793739635,-49.648351643117,-0.907830359116403,-0.255624589376502,0.0250269341958003,5.69257226915347,49.9290031666893
300.97633338356,-50.553904467622,-49.9227529372403,-50.7455401106104,-0.82278717337001,-45.0530701848866,-50.7536766509207,0.199772183298663,0.830923713680306,0.00813654031029643,5.70060646603402,49.9308894775506
301,-50.5510509604613,-49.9324831500366,-50.4874755023324,-0.554992352295798,-44.7933301579637,-50.4982198022734,-0.0528311581879066,0.565736652236822,0.0107442999410239,5.70488964430972,49.9432274499776
301.048839579594,-50.5360065284729,-49.9518635913909,-48.3063984245503,1.64546516684052,-42.5575099759961,-48.2685322545918,-2.26747427388118,-1.6833313367991,-0.0378661699585763,5.71102227859569,49.9139974214323
301.1,-50.5034644716421,-49.9706743537638,-50.5111125787216,-0.540438224957704,-44.74223732344,-50.4596836570925,-0.0437808145495779,0.489009303328665,-0.0514289216290393,5.71744633365247,49.9192454321348
301.167501701826,-50.4474726600114,-49.9924803095661,-48.2583749743256,1.73410533524046,-42.5627174917303,-48.2844372709873,-2.16303538902406,-1.70804303857874,0.0260622966617134,5.72171977925706,50.0185426062278
301.2,-50.4446826449686,-50.0020774660927,-49.6200745569789,0.382002909113815,-43.9169580038605,-49.6407352084229,-0.803947436545734,-0.361342257669818,0.0206606514439969,5.72377720456237,50.0227381175367
301.247706455533,-50.4306631725441,-50.0155665699828,-51.8196671497825,-1.80410057979967,-46.0900242810892,-51.806345791505,1.37568261896085,1.79077922152216,-0.0133213582775085,5.71632151041577,50.0022452117053
301.3,-50.4032619224581,-50.0291804937345,-50.1832042400091,-0.154023746274554,-44.4286990876011,-50.1368480211816,-0.266413901276493,0.107667527447084,-0.0463562188274693,5.70814893358045,49.982824274907
301.384030901606,-50.3566783491562,-50.0479366159528,-49.6854534405992,0.36248317535356,-43.9634956274151,-49.6874826668004,-0.669195682355763,-0.360453949152337,0.00202922620122337,5.72398703938538,50.049965842154
301.4,-50.3503148206792,-50.051131610694,-50.3724061558614,-0.321274545167327,-44.6407952424727,-50.3677921302013,0.0174773095220715,0.316660519507266,-0.00461402566006086,5.72699688772858,50.046517585034
301.441577442063,-50.3304214680351,-50.0589422098676,-49.3665077513379,0.692434458529725,-43.6222268658413,-49.3483108232296,-0.982110644805502,-0.710631386637949,-0.0181969281082246,5.72608395738837,50.0407452817594
301.493691072144,-50.2950526832122,-50.0675226351595,-50.3984060563902,-0.330883421230688,-44.6345259847926,-50.3594656651,0.0644129818878625,0.291943029940491,-0.0389403912901969,5.72493968030739,50.0285822438693
301.5,-50.290260183382,-50.0684552432648,-48.6786025639423,1.38985267932249,-42.9117998676541,-48.6366010206407,-1.65365916274134,-1.43185422262417,-0.04200154330168,5.7248011529866,50.0264536999631
301.51293560786,-50.2803899208198,-50.0702929925729,-49.4018224392311,0.668470553341777,-43.6331798706824,-49.3583622740305,-0.922027646789296,-0.711930718542398,-0.0434601652006208,5.72518240334816,50.0268328273723
301.535371397461,-50.2639980815519,-50.0732483735891,-49.5771425990796,0.496105774509445,-43.8159653008351,-49.5418089528072,-0.722189128744759,-0.531439420781894,-0.0353336462724485,5.72584365197209,50.0379147273166
301.580672167948,-50.2301009137457,-50.0783593344697,-50.4552449979575,-0.376885663487883,-44.6864740229489,-50.4136528216968,0.183551907951113,0.335293487227148,-0.0415921762607354,5.72717879874791,50.0367671582089
301.6,-50.2142710493786,-50.080178641404,-50.0451341254647,0.0350445159392905,-44.2668218006773,-49.9945702474107,-0.219700801967974,-0.0856083939933541,-0.0505638780540636,5.72774844673336,50.0296147633499
301.633631647564,-50.1836095811908,-50.08277377506,-50.3338747418642,-0.251100966804124,-44.5649214165457,-50.2955430928734,0.111933511682636,0.21276931781339,-0.0383316489907344,5.73062167632774,50.0444421260693
301.678211946925,-50.154650977634,-50.0852394372266,-49.8625110678457,0.222728369380924,-44.1210757738808,-49.8555060484999,-0.299144929134052,-0.229733388726665,-0.00700501934574049,5.73443027461913,50.0782344178809
301.7,-50.1429412036701,-50.0861458343784,-51.5285219161246,-1.44237608174623,-45.7738793490086,-51.5101710274968,1.36722982382673,1.42402519311842,-0.0183508886278076,5.73629167848816,50.0677949457506
301.728358721549,-50.1273575698541,-50.087042005603,-51.7317216157162,-1.64467961011314,-46.0009785525765,-51.7359434772044,1.6085859073503,1.64890147160143,0.00422186148828985,5.73496492462797,50.0912638670913
301.767293249574,-50.1120057825816,-50.0878606212101,-51.022349945421,-0.934489324210944,-45.2891307208903,-51.0222741058814,0.910268323299825,0.934413484671317,-7.5839539626088e-05,5.73314338499112,50.0877847816704
301.8,-50.0999269429416,-50.0882420886983,-50.5597357462119,-0.471493657513655,-44.8268845030924,-50.5584977130611,0.458570770119515,0.470255624362771,-0.00123803315088367,5.73161320996869,50.0870040555474
301.846224271961,-50.0848429757051,-50.0883522383344,-49.1204968369222,0.967855401412258,-43.3985520586542,-49.1316555857605,-0.953187389944652,-0.956696652573946,0.0111587488383122,5.73310352710625,50.0995109871727
301.9,-50.0675612824072,-50.0879217202101,-48.8852222568178,1.20269946339225,-43.1529207681239,-48.887758078926,-1.17980320348116,-1.20016364128406,0.00253582210819303,5.73483731080213,50.0904575423183
301.961945690525,-50.0413192425407,-50.0865558352739,-52.463547068354,-2.37699123308014,-46.7291845654486,-52.4643224318494,2.42300318930879,2.37776659657553,0.000775363495392867,5.73513786640083,50.0873311987693
302,-50.0272325270733,-50.0852646021094,-49.5604240414083,0.524840560701115,-43.8219833265779,-49.5573058294832,-0.469926697590054,-0.527958772626206,-0.00311821192509143,5.73532250290533,50.0821463901843
302.057088930842,-50.0062127918264,-50.0827148042093,-49.1080868480122,0.974627956197075,-43.3835825538922,-49.1134212496327,-0.892791542193692,-0.969293554576581,0.00533440162049459,5.7298386957405,50.0880492058298
302.1,-49.988295475924,-50.0803783109752,-50.6467746056024,-0.566396294627225,-44.8730907181948,-50.5988074935379,0.610512017613956,0.518429182562777,-0.0479671120644483,5.72571677534317,50.0324111989107
302.148854680761,-49.9506955367173,-50.0768881251138,-50.0525285456723,0.0243595794415512,-44.256578901016,-49.9770036085822,0.026308071864932,-0.099884516531624,-0.0755249370900728,5.72042470756616,50.0013631880237
302.2,-49.9002449253586,-50.0718471330397,-50.1403831584756,-0.0685360254358329,-44.3745316579253,-50.0894161697175,0.189171244358917,0.0175690366777417,-0.0509669887580912,5.7148845117922,50.0208801442817
302.255533364599,-49.8695733127371,-50.0651087981579,-50.6606927576705,-0.595583959512666,-44.9104207640967,-50.6265743907066,0.75700107796952,0.561465592548764,-0.0341183669639022,5.71615362660996,50.0309904311939
302.3,-49.838143118166,-50.0590458160579,-49.7532310602469,0.305814755810943,-43.9748372629563,-49.6920070942622,-0.146136023903779,-0.367038721795716,-0.0612239659847731,5.71716983130582,49.9978218500731
302.361487526278,-49.7899735336885,-50.0493277958555,-50.9305376467365,-0.881209850881042,-45.1479032851101,-50.8637786673289,1.07380513364037,0.814450871473412,-0.0667589794076306,5.71587538221884,49.9825688164479
302.4,-49.7578839075533,-50.0424387629078,-49.0255639575045,1.01687480540325,-43.2433401281139,-48.9584047371651,-0.799479170388224,-1.08403402574262,-0.0671592203393701,5.71506460905126,49.9752795425684
302.47010708263,-49.6975239593746,-50.0281924242914,-49.88339933824,0.144793086051415,-44.1311298956853,-49.843937388833,0.146413429458377,-0.184255035458442,-0.039461949407027,5.71280749314769,49.9887304748844
302.5,-49.6831799797878,-50.0215982813878,-50.3799607113874,-0.358362429999552,-44.6547535969478,-50.3665986797845,0.683418699996707,0.34500039839665,-0.0133620316029024,5.71184508283663,50.0082362497849
302.577323016443,-49.6823939269271,-50.0045154159191,-51.2923117424036,-1.28779632648449,-45.6483476799433,-51.3545846581475,1.67219073122043,1.35006924222834,0.0622729157438542,5.70623697820419,50.066788331663
302.6,-49.6932839754212,-49.9998238088515,-48.7416016763066,1.25822213254489,-43.1078706704399,-48.8124629262525,-0.880821049168745,-1.18736088259899,0.0708612499458994,5.70459225581251,50.0706850587974
302.63401878816,-49.7138167837923,-49.9932566772425,-48.8831691968951,1.11008748034735,-43.2545772083232,-48.9600623544302,-0.753754429362132,-1.03319432281229,0.0768931575350607,5.70548514610701,50.0701498347775
302.673617857599,-49.7399778184059,-49.9864159059602,-51.1904586711372,-1.20404276517708,-45.5495846091719,-51.2561091110786,1.51613129267264,1.26969320511841,0.0656504399413365,5.70652450190672,50.0520663459015
302.7,-49.7548939323407,-49.982291613417,-49.5177818239501,0.46450978946686,-43.9045851463857,-49.6118020997339,-0.143091832606757,-0.370489513683061,0.094020275783798,5.70721695334816,50.0763118892008
302.753645883467,-49.8011311668076,-49.9751534944525,-49.4943709635908,0.480782530861688,-43.9188603437019,-49.6287021026483,-0.172429064159317,-0.346451391804202,0.134331139057487,5.70984175894639,50.10948463351
302.8,-49.8439914969766,-49.9706383275748,-51.0393342448924,-1.06869591731765,-45.4072449593293,-51.1193547496084,1.27536325263187,1.14871642203368,0.0800205047160247,5.71210979027918,50.0506588322908
302.887692723147,-49.871426199199,-49.9646464115209,-52.1568049091527,-2.19215849763179,-46.456563907007,-52.1890357002019,2.31760950100288,2.22438928868101,0.0322307910492157,5.73247179319487,49.9968772025701
302.9,-49.8715536682805,-49.9638951115358,-48.3591627325692,1.60473237896662,-42.6582858308971,-48.393615339056,-1.47793832922457,-1.57027977247981,0.0344526064868163,5.73532950815892,49.9983477180226
302.919285685608,-49.8704568233058,-49.9627245073839,-52.221936008807,-2.25921150142317,-46.5195251991684,-52.2574892265751,2.38703240326937,2.29476471919129,0.0355532177681184,5.73796402740673,49.998277725152
302.947438531822,-49.8696597411195,-49.9610263512846,-50.3682775860507,-0.407251234766107,-44.6607580533418,-50.4025678976274,0.532908156507887,0.441541546342805,0.0342903115766973,5.74180984428554,49.9953166628612
303,-49.8623439877126,-49.9578010639494,-50.184008953415,-0.226207889465599,-44.4809093524341,-50.2298993510799,0.367555363367281,0.272098287130497,0.0458903976648983,5.74898999864583,50.0036914616143
303.060710443679,-49.8721483937536,-49.9541211654841,-50.0926809252024,-0.138559759718348,-44.4590519563592,-50.2057996502405,0.333651256486874,0.251678484756418,0.113118725038071,5.74674769388136,50.0672398905222
303.1,-49.900129602812,-49.9523701397882,-51.4949579106418,-1.54258777085364,-45.8802631943122,-51.6255597513875,1.7254301485755,1.67318961159936,0.130601840745726,5.74529655707534,50.0829719805339
303.165143733892,-49.9635468558385,-49.9514434968662,-49.3083334975452,0.643109999320977,-43.7337470618925,-49.4747534091721,-0.488793446666406,-0.476690087694116,0.166419911626861,5.74100634727961,50.1178634084931
303.2,-50.0079995146037,-49.9522380093475,-49.8113144168861,0.140923592461441,-44.209506979701,-49.9482177770426,-0.0597817375611811,-0.00402023230498116,0.13690336015646,5.73871079734155,50.089141369504
303.242929973948,-50.0574223097859,-49.9544622922029,-51.4888781847446,-1.53441589254169,-45.9040905378937,-51.6463569967147,1.58893468692877,1.69189470451185,0.157478811970158,5.74226645882105,50.111941104173
303.3,-50.1313724219165,-49.9596229283601,-49.8421989423547,0.117423986005392,-44.2474070515226,-49.994400317155,-0.136972104761547,0.0347773887948648,0.152201374800256,5.7469932656324,50.1118243031604
303.359412253608,-50.1929492035531,-49.9674157656771,-50.9028299413411,-0.935414175664036,-45.3067561510001,-51.0472356850423,0.854286481489119,1.0798199193652,0.144405743701164,5.74047953404215,50.1118215093782
303.4,-50.234639108406,-49.9739476437729,-52.3300667112505,-2.35611906747751,-46.6834627141527,-52.4194923633681,2.18485325496212,2.44554471959516,0.0894256521176473,5.73602964921535,50.0633732958906
303.447387154794,-50.2675097500091,-49.9824780433564,-49.3489356047025,0.633542438653883,-43.6939468965931,-49.4286993625388,-0.838810387470311,-0.553778680817608,0.0797637578362753,5.73475246594565,50.0622418011927
303.5,-50.2959337723798,-49.9926477078845,-49.786307533811,0.206340174073553,-44.1380807517716,-49.8714151911242,-0.424518581255548,-0.121232516760294,0.0851076573132588,5.73333443935257,50.0777553651978
303.583437462998,-50.3590480063123,-50.0104534870784,-48.0535068763306,1.95694661074777,-42.4058049723371,-48.1441627689309,-2.21488523738143,-1.86629071814752,0.0906558926002532,5.73835779659373,50.1011093796786
303.6,-50.3708708829742,-50.0142967882402,-50.3161326502077,-0.30183586196744,-44.6648815948824,-50.4042365399655,0.0333656569912435,0.389939751725244,0.0881038897578037,5.73935494508305,50.102400677998
303.621595834236,-50.3874811489078,-50.0194435218327,-48.6857070882201,1.33373643361261,-43.0340453709382,-48.776270714744,-1.61121043416374,-1.24317280708868,0.0905636265239238,5.74222534380581,50.1100071483566
303.651202477766,-50.4087181215345,-50.0267503904203,-49.390932698834,0.635817691586375,-43.7362132113981,-49.4823737063466,-0.926344415187877,-0.544376684073697,0.0914410075126781,5.74616049494853,50.118191397933
303.695061716906,-50.4301303473034,-50.0379750694511,-52.1610922432679,-2.12311717381684,-46.4546879962374,-52.2066780184287,1.77654767112524,2.1687029489776,0.0455857751607525,5.75199002219131,50.0835608446118
303.7,-50.4313034860894,-50.039249024344,-49.786260119619,0.252988904724944,-44.0803235428045,-49.8329699342442,-0.598333551845194,-0.20627909009977,0.0467098146251743,5.75264639143968,50.0859588389691
303.711940572456,-50.4339331265812,-50.0423276293842,-50.1865692515135,-0.144241622129272,-44.477266397507,-50.2296193272982,-0.204313799283014,0.187291697913935,0.043050075784663,5.75235292979119,50.0853777051689
303.730033917158,-50.4375019829839,-50.0469810446478,-49.1380799662782,0.908901078369588,-43.4434761227276,-49.1953843751147,-1.24211760786925,-0.851596669533109,0.0573044088364796,5.75190825238714,50.1042854534843
303.751451043236,-50.4451106692439,-50.0524987926504,-49.9407537898669,0.111745002783437,-44.2461227217049,-49.9975046086144,-0.447606060629575,-0.0549941840360049,0.0567508187474317,5.75138188690944,50.1092496113978
303.78284581926,-50.4558131623675,-50.0606369380868,-49.4459145185289,0.614722419557872,-43.7391912224213,-49.4898015246551,-0.966011637712498,-0.570835413431766,0.0438870061261056,5.75061030223379,50.1045239442129
303.8,-50.4599947629766,-50.065095678924,-51.2353171140079,-1.17022143508382,-45.5271861659231,-51.2773748724439,0.81738010946723,1.21227919351983,0.0420577584360089,5.75018870652077,50.10715343736
303.835182360327,-50.4729118539405,-50.0742653592729,-50.1122693123276,-0.038003953054691,-44.4190027517531,-50.1713220141638,-0.30158983977676,0.0970566548908849,0.0590527018361939,5.75231926241062,50.1333180611091
303.884334011968,-50.4887473110857,-50.0872074239715,-50.2640674684878,-0.176860044516225,-44.5688084063453,-50.324104170046,-0.164643141039711,0.236896746074429,0.0600367015582037,5.75529576370067,50.1472441255298
303.9,-50.4940369556023,-50.0913526839827,-50.8324039764993,-0.74105129251663,-45.1324014775624,-50.8886459343798,0.394608978777512,0.797293250397139,0.0562419578805091,5.7562444568174,50.1475946418632
303.923671210178,-50.5009172714119,-50.0976335757396,-50.8044391313052,-0.706805555565587,-45.0892266409272,-50.8455111304038,0.344593858991928,0.747877554664235,0.0410719990986479,5.75628448947663,50.1387055748382
303.96712134496,-50.5082513658761,-50.1091145608226,-50.8356846672476,-0.726570106425001,-45.1085889521198,-50.8649469242966,0.356695558420533,0.75583236347402,0.0292622570490195,5.75635797217677,50.1383768178716
304,-50.5138149718523,-50.1176960408099,-49.0804954713011,1.03720056950885,-43.386050310111,-49.1424638865422,-1.37135108531007,-0.975232154267722,0.0619684152411324,5.75641357643119,50.1796644560511
304.039737427414,-50.5348398200672,-50.1281567085326,-48.138046182607,1.99011052592558,-42.4717057310031,-48.2292502832536,-2.30558953681356,-1.89890642527901,0.0912041006465714,5.75754455225046,50.2193608091792
304.1,-50.5672721895707,-50.1446474133471,-50.0857343662411,0.0589130471059391,-44.4000327919147,-50.159292490737,-0.407979698833678,0.0146450773899005,0.0735581244958396,5.75925969882223,50.2182055378429
304.16691476366,-50.5957346048284,-50.1635392383887,-48.5163868352164,1.64715240317229,-42.8023310760248,-48.5643014376358,-2.03143316719265,-1.59923780075297,0.0479146024193255,5.76197036161096,50.2114538408081
304.2,-50.6047455915366,-50.1729484930408,-48.7950192135084,1.37792927953238,-43.06990131798,-48.8332119356735,-1.77153365586313,-1.33973655736731,0.0381927221650713,5.76331061769346,50.2111412152058
304.242063690685,-50.601528341153,-50.1847479669026,-50.6246363581031,-0.439888391200533,-44.8300538237963,-50.5897573173706,-0.0117710237823232,0.405009350468021,-0.0348790407325126,5.75970349357432,50.1498689261701
304.291719699966,-50.5678554834659,-50.1976738751702,-49.2829673003723,0.914706574797933,-43.4182852212191,-49.1737305199983,-1.39412496346765,-1.02394335517197,-0.109236780374033,5.7554452987792,50.0884370947962
304.3,-50.5581831516876,-50.1996589479877,-50.5953992371591,-0.395740289171485,-44.72612473021,-50.4808599612447,-0.0773231904428897,0.281201013257046,-0.114539275914439,5.75473523103474,50.0851196720732
304.31895309404,-50.5358173661098,-50.2039612402158,-49.2285205539556,0.975440686260193,-43.3683496539827,-49.1271065858253,-1.40871078028452,-1.07685465439044,-0.101413968130252,5.75875693184264,50.1025472720855
304.349829049873,-50.4982288879707,-50.2102742583029,-49.8199447899038,0.390329468399116,-43.91393400027,-49.6792425725074,-0.81898631546332,-0.531031685795575,-0.140702217396459,5.76530857223731,50.0695720409065
304.383795181451,-50.4469338090655,-50.2160549113385,-50.0239213617269,0.192133549611597,-44.1397849252621,-49.9123008494243,-0.534632959641229,-0.303754061914226,-0.111620512302629,5.77251592416216,50.1044343990359
304.4,-50.4242964603501,-50.218383758414,-49.7745720515979,0.44381170681617,-43.8874052442213,-49.6633597062661,-0.760936754083986,-0.555024052147928,-0.111212345331758,5.7759544620448,50.1071714130823
304.425017098694,-50.3901654848097,-50.2214632661072,-48.7078167508357,1.5136465152715,-42.8273419009366,-48.6038573958843,-1.78630808892535,-1.6176058702229,-0.1039593549514,5.77651549494772,50.1175039111558
304.462540662181,-50.3337394938675,-50.2249120762461,-49.9296256968672,0.295286379378823,-44.0102519179447,-49.7876089154986,-0.546130578368931,-0.437303160747483,-0.14201678136866,5.77735699755391,50.0828952948774
304.5,-50.2661685289827,-50.2267400366864,-50.5087968843076,-0.282056847621192,-44.58389669562,-50.3620937554566,0.0959252264739803,0.135353718770233,-0.146703128850959,5.77819705983669,50.0800369078355
304.570469747506,-50.1577948451103,-50.2258812103535,-46.5934650264139,3.6324161839396,-40.7220370848706,-46.508693152348,-3.64910169276233,-3.71718805800553,-0.0847718740659289,5.78665606747732,50.1411093362875
304.6,-50.1192770789575,-50.2242020095721,-50.9347343835688,-0.710532373996699,-45.0552253028417,-50.8454261060435,0.726149027085953,0.621224096471416,-0.0893082775252836,5.79020080320177,50.1348937320468
304.653253309401,-50.0436294022555,-50.2193206688311,-47.8088024603687,2.41051820846239,-41.9139902618464,-47.6980904498176,-2.34553895243793,-2.5212302190135,-0.110712010551111,5.78410018797123,50.10860865828
304.7,-49.9858920998895,-50.2130244792377,-50.9001067701611,-0.687082290923357,-45.0813728124821,-50.8601177732224,0.874225673332887,0.647093293984689,-0.0399889969386678,5.77874496074028,50.173035482299
304.755674547252,-49.9367140897172,-50.2039810895424,-50.0561360245663,0.147845064976103,-44.2311471856941,-50.0043183916402,0.0676043019230619,-0.199662697902149,-0.0518176329260456,5.77317120594616,50.1521634566163
304.8,-49.9038165037069,-50.1957795027547,-49.3938939698208,0.801885532933881,-43.610259264513,-49.3789929093662,-0.524823594340759,-0.816786593388514,-0.0149010604546334,5.76873364485314,50.1808784423
304.854444791103,-49.8729713976758,-50.1850233238424,-50.2041081064695,-0.0190847826271323,-44.36938913236,-50.1525524512804,0.279581053604588,-0.0324708725620297,-0.0515556551891621,5.78316331892042,50.1334676686532
304.9,-49.826780158005,-50.1751325569331,-50.6785624852169,-0.50342992828385,-44.839797881098,-50.6350348401799,0.808254682174869,0.459902283246798,-0.0435276450370523,5.79523695908194,50.131604911896
304.968140392047,-49.7775489563743,-50.1586281131808,-50.1807751576257,-0.0221470444448215,-44.4107139320306,-50.2129411560441,0.435392199669785,0.054313042863285,0.0321659984184635,5.80222722401356,50.1907941115993
305,-49.7726584394706,-50.1506453896151,-49.7682353839328,0.382410005682345,-44.0447390082988,-49.8502345889144,0.077576149443793,-0.300410800700774,0.081999204981571,5.80549558061552,50.2326445945967
305.041515515307,-49.7830169404094,-50.1405819231284,-48.9284712055093,1.21211071761906,-43.2225197335029,-49.020049325841,-0.762967614568339,-1.12053259728735,0.091578120331711,5.79752959233812,50.2321600434601
305.1,-49.8071147095625,-50.127540963755,-50.9506053543047,-0.823064390549675,-45.2437872832867,-51.0300948850986,1.22298017553613,0.902553921343625,0.0794895307939498,5.78630760181191,50.207030494549
305.175756192506,-49.8498484070922,-50.112835622309,-49.2895656781614,0.823269944147597,-43.6474038595268,-49.4361159483991,-0.413732458693076,-0.676719673909858,0.146550270237739,5.78871208887231,50.2593858925467
305.2,-49.8736254330202,-50.1088597900951,-50.8815360191222,-0.77267622902712,-45.2410536083559,-51.030535191041,1.15690975802075,0.921675400945858,0.148999171918739,5.78948158268511,50.2578589620138
305.238982534035,-49.9162432781159,-50.1034257664455,-47.5079465808763,2.59547918556922,-41.8903219208794,-47.682087783406,-2.23415549470995,-2.42133798303952,0.174141202529704,5.7917658625266,50.2775669689752
305.3,-49.9963440802608,-50.0975917523787,-50.0572969362533,0.040294816125332,-44.4620365318472,-50.2573778665932,0.261033786332447,0.159786114214562,0.200080930339894,5.79534133474598,50.2976726827186
305.383703707582,-50.1212822715546,-50.0954857637581,-49.735040309846,0.360445453912156,-44.13639693004,-49.9389731645585,-0.182309106996101,-0.156512599199651,0.203932854712505,5.80257623451842,50.2994186184706
305.4,-50.1445774197375,-50.0958882784907,-50.2766775435015,-0.180789265010752,-44.663333777557,-50.4673185762324,0.322741156494928,0.371430297741675,0.190641032730923,5.80398479867543,50.2865293112216
305.420958815886,-50.1743294113017,-50.0967578869726,-50.9789543849802,-0.88219649800763,-45.3710060508364,-51.1741207756995,0.999791364397787,1.07736288872688,0.195166390719251,5.80311472486309,50.2919242776919
305.454400796797,-50.2211856759449,-50.0989614351756,-51.4261854467449,-1.3272240115693,-45.8188193968676,-51.6205458280417,1.39936015209674,1.5215843928661,0.194360381296804,5.80172643117404,50.2933218164724
305.493006169429,-50.2787889961275,-50.1027428876273,-50.099285503737,0.00345738389032135,-44.5057958559285,-50.3059196429491,0.0271306468216039,0.203176755321778,0.206634139212099,5.80012378702059,50.3093770268394
305.5,-50.2904827996944,-50.1035778464041,-52.5345573677791,-2.43097952137499,-46.9428391007608,-52.7426725493929,2.4521897496985,2.63909470298882,0.208115181613834,5.79983344863214,50.3116930280179
305.513910998385,-50.3142868696855,-50.1053891978453,-48.8306684067682,1.27472079107706,-43.2399505494368,-49.0385861987697,-1.2757006709159,-1.06680299907564,0.207917792001417,5.79863564933284,50.3133069898467
305.546977590465,-50.3687841506563,-50.1104865209872,-50.2221962370871,-0.111709716099917,-44.6076677470525,-50.4034562146284,0.0346720639721312,0.29296969364119,0.181259977541274,5.79578846757587,50.2917464985285
305.6,-50.449155426167,-50.1207431546246,-47.7273761919729,2.39336696265168,-42.0983546500546,-47.8895776505641,-2.55957777560295,-2.23116550406048,0.162201458591198,5.79122300050951,50.2829446132158
305.7,-50.5831104987616,-50.1460157370671,-50.5459692848348,-0.399953547767737,-44.9001223308109,-50.6882944502173,0.105183951455722,0.542278713150232,0.142325165382495,5.7881721194064,50.2883409024496
305.8,-50.6381108098721,-50.176700010226,-49.9490927961643,0.227607214061692,-44.1182174214859,-49.9078695318168,-0.730241278055281,-0.268830478409178,-0.0412232643474866,5.78965211033093,50.1354767458785
305.9,-50.5647376546773,-50.2040228619723,-51.3876329448671,-1.18361008289475,-45.4925475212464,-51.2832155912369,0.71847793655958,1.07919272926455,-0.104417353630197,5.79066806999044,50.0996055083421
306,-50.4787122082878,-50.2241609258779,-48.3234005808962,1.90076034498178,-42.4440375610075,-48.2371689909547,-2.24154321733317,-1.98699193492325,-0.0862315899414767,5.79313142994717,50.1379293359365
306.1,-50.3697094243051,-50.2369680872869,-49.19662387022,1.04034421706693,-43.2903259598556,-49.0851444021186,-1.28456502218647,-1.15182368516832,-0.111479468101393,5.79481844226304,50.1254886191855
306.2,-50.2453174397076,-50.2415120433295,-50.3349369517865,-0.0934249084569601,-44.4018497005679,-50.1978591905891,-0.0474582491185629,-0.0436528527404505,-0.137077761197411,5.79600949002118,50.1044342821321
306.3,-50.0646352418952,-50.2362592086426,-51.2289182210273,-0.992659012384664,-45.2574498210543,-51.0481240900783,0.983488848183093,0.811864881435675,-0.180794130948989,5.79067426902397,50.0554650776936
306.4,-49.8769738807223,-50.2194027936966,-50.7540658104195,-0.534663016722895,-44.7876501511566,-50.580291417259,0.703317536536737,0.360888623562452,-0.173774393160443,5.79264126610244,50.0456284005361
306.5,-49.6642055492979,-50.1911004928248,-48.7891448740707,1.40195561875409,-42.7666753833368,-48.5493731665358,-1.11483238276211,-1.64172732628897,-0.239771707534878,5.78269778319901,49.9513287852899
306.6,-49.4177936951799,-50.149335574502,-51.0050681274715,-0.855732552969535,-45.0414091957492,-50.8186254983936,1.40083180321367,0.669289923891654,-0.186442629077881,5.77721630264437,49.9628929454241
306.7,-49.2746060518399,-50.0976491829483,-48.8985541828395,1.19909500010883,-43.0179844857009,-48.7980083033086,-0.476597748531212,-1.29964087963969,-0.100545879530863,5.78002381760771,49.9971033034175
306.8,-49.2085848077452,-50.0424402437984,-51.4761045920107,-1.43366434821239,-45.7074683756762,-51.494883392103,2.28629858435784,1.45244314830467,0.0187788000922851,5.78741501642681,50.0612190438906
306.9,-49.1997204906359,-49.9889678377901,-51.8463827357378,-1.85741489794771,-46.0993839016669,-51.9126119304706,2.71289143983466,1.92364409268048,0.0662291947327702,5.81322802880364,50.0551970325229
307,-49.2039399910872,-49.9390015602397,-49.0397069387507,0.899294621489034,-43.272106499314,-49.0962981521941,-0.107641838893109,-0.842703408045637,0.0565912134433972,5.82419165288008,49.9955927736831
307.1,-49.2090427434323,-49.8921396192389,-51.358547252733,-1.46640763349416,-45.610614420973,-51.4394631766175,2.23042043318527,1.54732355737867,0.0809159238845041,5.82884875564453,49.9730555431234
307.2,-49.2638580750663,-49.8498991338056,-49.2447698757612,0.605129258044336,-43.5811083618246,-49.4229116039124,0.159053528846144,-0.426987529893147,0.178141728151189,5.8418032420878,50.0280408619568
307.3,-49.3744285375933,-49.8158551242432,-48.8633227457989,0.952532378444261,-43.2386521852627,-49.085413412376,-0.289015125217269,-0.730441711867208,0.222090666577053,5.84676122711329,50.0379457908203
307.4,-49.5405282220806,-49.7927342728785,-48.2354263516067,1.55730792127178,-42.6460143142756,-48.4900441637077,-1.05048405837292,-1.30269010917079,0.254617812100989,5.8440298494321,50.0473520849794
307.5,-49.752527650681,-49.7831166366233,-50.2961628365457,-0.5130461999224,-44.7652989153199,-50.6074192659238,0.854891615242771,0.824302629300469,0.311256429378069,5.84212035060382,50.0943730660014
307.6,-50.0361078049184,-49.7896805916787,-51.8633069754649,-2.0736263837862,-46.4242530434699,-52.2714252175569,2.23531741263849,2.48174462587823,0.40811824209203,5.84717217408704,50.1977988337707
307.7,-50.4000996330524,-49.8173414600718,-49.5589938276128,0.258347632459063,-44.0894556632469,-49.9370776270488,-0.463022006003563,0.119736166976971,0.378083799436034,5.84762196380188,50.1954252595079
307.8,-50.707303230185,-49.8647839731825,-50.5523728055699,-0.687588832387348,-44.9833052646384,-50.824933691538,0.117630461353009,0.960149718355517,0.272560885968169,5.84162842689967,50.1373448591507
307.9,-50.9174972696787,-49.9257733638933,-50.9814765158828,-1.05570315198947,-45.288389448104,-51.1420204038727,0.224523134194065,1.21624703997939,0.160543887989917,5.8536309557687,50.0863172518833
307.990537433312,-51.0356407928749,-49.9867289232375,-50.0292697156744,-0.0425407924368741,-44.2942804707029,-50.1484884902446,-0.887152302630291,0.161759567007159,0.119218774570285,5.85420801954177,50.1059476978078
308,-51.0455298947899,-49.9932698140066,-49.2297009260236,0.763568887983006,-43.4916183514528,-49.3458866831134,-1.69964321167657,-0.647383130893239,0.116185757089767,5.85426833166059,50.1094555710964
308.015533172089,-51.0605080623722,-50.0040465961594,-48.7350599092262,1.26898668693318,-42.9816712777995,-48.8346376964081,-2.22587036596414,-1.16940889975132,0.0995777871818575,5.85296641860862,50.1036243833413
308.038152628516,-51.0780388749834,-50.0197877422383,-49.5076925908302,0.512095151408147,-43.7314232449827,-49.5824938135111,-1.49554506147231,-0.437293928727172,0.0748012226809749,5.85107056852843,50.0945889649193
308.1,-51.1061534056716,-50.0626116591507,-48.9232830195496,1.13932863960114,-43.1224899455427,-48.9683767757012,-2.13777662997035,-1.09423488344951,0.0450937561516298,5.84588683015848,50.1077054153024
308.166010484204,-51.1124227219798,-50.1073164475589,-50.8797738202299,-0.772457372671028,-44.9765795528535,-50.8235030919402,-0.288919630039629,0.716186644381317,-0.0562707282897108,5.84692353908675,50.0510457192692
308.2,-51.0943733596028,-50.1293525377447,-49.7833559779087,0.345996559836003,-43.867475336847,-49.7149326886291,-1.37944067097369,-0.414419849115617,-0.0684232892796146,5.84745735178208,50.0609292484651
308.265423309571,-51.0234754053061,-50.1687821801478,-51.5236324773052,-1.35485029715749,-45.5035523707845,-51.3579946684172,0.334519263111147,1.18921248826945,-0.165637808888043,5.85444229763274,50.0031443712597
308.3,-50.966601050438,-50.187359420759,-49.9740338127072,0.21332560805179,-43.9597687530562,-49.8179026448918,-1.14869840554623,-0.369456775867221,-0.156131167815431,5.85813389183561,50.0312282529436
308.361463799027,-50.8671172004273,-50.2162005898364,-52.9951093449757,-2.77890875513926,-47.0097801476991,-52.8824458433324,2.01532864290508,2.66624525349597,-0.11266350164329,5.87266569563325,50.1035370881931
308.4,-50.8058292503428,-50.2317657830669,-50.0330505001129,0.19871528295397,-43.9969086266533,-49.8786853847414,-0.927143865601394,-0.353080398325488,-0.154365115371519,5.88177675808814,50.0774006676954
308.456595900313,-50.693087282598,-50.2506869660642,-49.1874216573814,1.06326530868276,-43.1547613279951,-49.0290345862699,-1.66405269632801,-1.22165237979421,-0.158387071111456,5.87427325827488,50.0922998949527
308.5,-50.6131064700994,-50.2620115994413,-49.7542442930101,0.507767306431184,-43.7312613404373,-49.5997800714038,-1.01332639869561,-0.662231528037488,-0.154464221606304,5.86851873096647,50.107547377835
308.555149190817,-50.5079749627948,-50.2726587760405,-50.148615277949,0.124043498091531,-44.1207625466907,-49.9930308047214,-0.514944158073398,-0.27962797131913,-0.155584473227599,5.87226825803067,50.1170743028129
308.6,-50.4240662401916,-50.2782958434292,-49.5117115085777,0.766584334851501,-43.4620053144407,-49.3373229249712,-1.0867433152204,-0.940972918458002,-0.1743885836065,5.87531761053052,50.1039072598227
308.651904011464,-50.3157639564853,-50.2814000163196,-48.6979964725812,1.58340354373838,-42.6225559672094,-48.5017150470892,-1.81404890939614,-1.77968496923041,-0.196281425492025,5.87915907987977,50.0851185908275
308.7,-50.1992241513531,-50.280658674043,-48.4377912516473,1.84286742239576,-42.3620296935623,-48.2447484070922,-1.95447574426095,-2.03591026695087,-0.193042844555109,5.8827187135299,50.0876158294879
308.760107126162,-50.0690233716046,-50.2748452719909,-49.4375748023317,0.837270469659188,-43.4121512250223,-49.2965245057424,-0.772498865862126,-0.97832076624843,-0.141050296589242,5.88437328072009,50.1337949754016
308.8,-49.9905865909334,-50.2685142222324,-49.5702637719442,0.698250450288221,-43.5183576244202,-49.4038290351689,-0.586757555764507,-0.864685187063486,-0.166434736775265,5.88547141074873,50.1020794854571
308.850829147774,-49.8824124389712,-50.2575610818427,-50.6483701886296,-0.390809106786882,-44.6115895020637,-50.4888772161133,0.606464777142108,0.231316134270557,-0.159492972516325,5.87728771404961,50.0980681093264
308.9,-49.7786401456637,-50.2439888535824,-51.1640435168993,-0.920054663316897,-45.1132871627724,-50.9826581723586,1.20401802669491,0.738669318776225,-0.181385344540672,5.86937100958625,50.0626035090417
308.965708389363,-49.6541808496678,-50.2215471793889,-50.3957067829979,-0.174159603608913,-44.3941542855319,-50.2694424257631,0.615261576095236,0.047895246374118,-0.126264357234795,5.87528814023121,50.0952828221542
309,-49.5943453429516,-50.2082248402897,-50.247572915097,-0.0393480748072932,-44.2433393676801,-50.1217155145134,0.527370171561792,-0.0865093257762979,-0.125857400583591,5.87837614683331,50.0823674397061
309.057846766964,-49.5098700759844,-50.183588819517,-51.0694428684475,-0.885854048930504,-45.1470432046983,-51.0279868820567,1.51811680607221,0.844398062539661,-0.0414559863908437,5.88094367735833,50.1421328331261
309.1,-49.471082200705,-50.1646019608794,-49.5099304251997,0.654671535679761,-43.6094916142994,-49.4923062641982,0.021224063493257,-0.672295696681168,-0.0176241610014074,5.88281464989886,50.146977799878
309.160146484976,-49.4313107654299,-50.1368385672634,-49.0990253924093,1.0378131748541,-43.2346790998272,-49.1191755349319,-0.312135230498043,-1.01766303233146,0.0201501425226382,5.88449643510464,50.156988709786
309.2,-49.4229518781928,-50.1184426357194,-51.0452735737851,-0.926830938065706,-45.20961817122,-51.0952289698987,1.67227709170587,0.976786334179252,0.0499553961135462,5.88561079867873,50.168398031833
309.267554745561,-49.4375798486394,-50.0883835611041,-50.0030341890636,0.085349372040433,-44.2343131958706,-50.111455050368,0.673875201728571,0.0230714892638986,0.108420861304332,5.87714185449732,50.1968044224084
309.3,-49.4575506277582,-50.0748514877408,-48.5493495778749,1.52550190986592,-42.7738144156034,-48.6468887979118,-0.810661829846346,-1.42796268982903,0.0975392200368859,5.87307438230838,50.1723907077777
309.340477277383,-49.4784893362319,-50.0588823083589,-49.7642785992711,0.294603709087802,-44.011602767595,-49.8829048020119,0.404415465779977,-0.175977506347081,0.118626202740721,5.87130203441686,50.1775085110997
309.4,-49.5162270122942,-50.0373679917662,-51.1080140733461,-1.07064608157994,-45.3343276937587,-51.2030234517966,1.68679643950243,1.16565546003045,0.0950093784505057,5.86869575803792,50.1323773702167
309.5,-49.5934093873869,-50.006552692941,-49.2745734941039,0.731979198837088,-43.5163213873005,-49.3931370806176,-0.200272306769243,-0.613415612323365,0.118563586513723,5.87681569331714,50.1251162794547
309.6,-49.6412197222606,-49.9821772369493,-50.1482325003704,-0.166055263421086,-44.2816933718167,-50.1498039901708,0.508584267910187,0.167626753221498,0.001571489800412,5.86811061835406,49.9837487267497
309.688175636415,-49.6146780387683,-49.9621847540706,-48.6203750959034,1.3418096581672,-42.7501716802015,-48.6216173317453,-0.993060707022991,-1.34056742232529,0.00124223584191441,5.87144565154379,49.9634269899125
309.7,-49.6117231777105,-49.9594800578141,-49.8434283986517,0.116051659162395,-43.9782685421107,-49.8501614220115,0.238438244301051,-0.10931863580263,0.00673302335976445,5.87189287990083,49.9662130811739
309.718768992563,-49.6088631817738,-49.9551909545,-50.6298156228225,-0.674624668322444,-44.7817016133811,-50.6515180128285,1.04265483105467,0.69632705832845,0.0217023900060056,5.86981639944735,49.976893344506
309.765273414174,-49.6095639454992,-49.9447398841088,-50.0255195227305,-0.0807796386216282,-44.198394312427,-50.063065762184,0.453501816684806,0.118325878075211,0.037546239453583,5.86467144975703,49.9822861235624
309.8,-49.6174522948499,-49.9372559192211,-50.7523803902077,-0.815124470986589,-44.9326061116121,-50.7934356355737,1.17598334072375,0.856179716352536,0.0410552453659463,5.86082952396159,49.9783111645871
309.856994290514,-49.643160573657,-49.9258607356883,-50.5414217045839,-0.615560968895608,-44.7880091923304,-50.6509239504007,1.0077633767437,0.725063214712314,0.109502245816707,5.86291475807027,50.035362981505
309.9,-49.6827644596198,-49.9185169640525,-49.9856241933616,-0.0671072293090944,-44.2456823657786,-50.1101705616701,0.427406102050284,0.191653597617595,0.124546368308501,5.86448819589152,50.043063332361
310,-49.8216961192653,-49.9076756618345,-48.0606615641116,1.84701409772288,-42.3772511009569,-48.247004787258,-1.57469133200728,-1.66067087457643,0.186343223146444,5.86975368630115,50.0940188849809
310.1,-49.9280906592714,-49.9061350738588,-49.2514823842993,0.654652689559477,-43.4630085558864,-49.3242687677412,-0.603821891530174,-0.581866306117611,0.0727863834418656,5.86126021185476,49.9789214573007
310.2,-49.985968659347,-49.9095640657946,-48.5220628594145,1.38750120638011,-42.6987710373647,-48.5484769669962,-1.43749169235076,-1.36108709879833,0.026414107581779,5.84970592963156,49.9359781733764
310.3,-50.0052789083512,-49.9149974267379,-50.588120883034,-0.673123456296118,-44.7626115740815,-50.6152424761139,0.609963567762698,0.700245049376036,0.0271215930799187,5.85263090203242,49.9421190198178
310.4,-50.0496625003225,-49.9221630156469,-51.4753103995867,-1.55314738393975,-45.6631608364948,-51.5218035077467,1.47214100742417,1.59964049209975,0.04649310816,5.85864267125185,49.9686561238069
310.5,-50.1144991320775,-49.9322153905807,-50.0712476597258,-0.139032269145098,-44.3209670241049,-50.1784019272871,0.0639027952096072,0.246186536706453,0.107154267561356,5.85743490318227,50.039369658142
310.590680686798,-50.1912244100107,-49.94522045507,-49.8316334688802,0.113586986189837,-44.0240864220067,-49.8716571123981,-0.319567297612608,-0.0735633426718607,0.0400236435179764,5.84757069039143,49.985244098588
310.6,-50.1960769715427,-49.9467391341474,-48.5370449486167,1.40969418553077,-42.7262403614427,-48.5727973002655,-1.6232796712772,-1.37394183388198,0.0357523516487888,5.84655693882276,49.9824914857962
310.620295907243,-50.206499001674,-49.9501139948282,-51.3333033421187,-1.38318934729042,-45.5280751363131,-51.3742246116081,1.16772560993409,1.42411061677983,0.0409212694894094,5.84614947529496,49.9910352643177
310.661220935773,-50.2265018014316,-49.95719070313,-50.7082832816011,-0.751092578471074,-44.9153486594291,-50.7606765180158,0.534174716584168,0.803485814885761,0.0523932364146873,5.84532785858668,50.0095839395447
310.7,-50.2488663769372,-49.9642762380516,-49.4759988340597,0.488277403991965,-43.6682507997901,-49.5128001243538,-0.736066252583427,-0.451476113697829,0.0368012902941359,5.84454932456376,50.0010775283458
310.749714077568,-50.2757987433225,-49.9738740814228,-48.1843454252091,1.78952865621374,-42.3662409968472,-48.2239961555546,-2.05180258776789,-1.74987792586828,0.039650730345457,5.85775515870735,50.0135248117683
310.8,-50.3022720058464,-49.9840843644804,-51.0787965164444,-1.094712151964,-45.3070611854981,-51.1781740807639,0.875902074917519,1.19408971628352,0.0993775643195178,5.8711128952658,50.0834619287999
310.848228321079,-50.3471408585207,-49.9946979729576,-50.1163812160515,-0.121683243093912,-44.3670825126672,-50.2379936548817,-0.109147203639033,0.243295681924089,0.121612438830176,5.8709111422145,50.1163104117878
310.9,-50.4023180330696,-50.0074596653431,-50.2696008041584,-0.262141138815366,-44.504575974509,-50.3752705407789,-0.0270474922906772,0.367810875435836,0.10566973662047,5.87069456626992,50.1131294019635
310.97615790804,-50.4772729171522,-50.0285675899392,-49.9057323497888,0.122835240150387,-44.1452618249051,-50.0113134469991,-0.465959470153102,-0.0172541429400468,0.10558109721034,5.86605162209402,50.1341486871495
311,-50.4992182955594,-50.0357310912153,-50.0357962819812,-6.51907659872109e-05,-44.2406992705959,-50.1052973666562,-0.39392092890315,0.0695662754409625,0.0695010846749753,5.86459809606036,50.1052321758902
311.02793006083,-50.5165311616786,-50.0443426313041,-50.2989427348385,-0.254600103534358,-44.466476636733,-50.3362029945553,-0.180328167123292,0.291860363251189,0.037260259716831,5.86972635782225,50.0816028910209
311.0609308339,-50.5273019556048,-50.0546057418753,-50.8757257526267,-0.821120010751351,-45.0360581149612,-50.9118437722485,0.384541816643697,0.857238030373139,0.0361180196217887,5.87578565728727,50.0907237614971
311.1,-50.5326925229449,-50.0666980662576,-49.3930799570094,0.673618109248217,-43.5318176504479,-49.4147768299054,-1.1179156930395,-0.651921236352244,0.0216968728959728,5.88295917945747,50.0883949391536
311.146707066048,-50.5224727361632,-50.0807432473906,-51.3873768566919,-1.30663360930124,-45.4414382822632,-51.3251227449547,0.802650008791524,1.24437949756405,-0.0622541117371966,5.88368446269146,50.0184891356534
311.2,-50.4769391085158,-50.0952005212055,-49.6806398410495,0.414560680156008,-43.7145532513818,-49.5990652649077,-0.8778738436081,-0.496135256297748,-0.0815745761417404,5.88451201352597,50.0136259450637
311.281769373203,-50.3759113769428,-50.1127537504769,-48.4843239327783,1.62842981769859,-42.4545929873485,-48.3505129726496,-2.02539840429314,-1.76224077782726,-0.13381096012867,5.8959199853011,49.9789427903482
311.3,-50.3481917733381,-50.1157268259443,-50.2880706004023,-0.172343774458,-44.251178863486,-50.1496422763297,-0.198549497008443,0.0339154503853507,-0.138428324072649,5.89846341284373,49.9772985018717
311.327175320756,-50.3052478926378,-50.1194595585013,-50.0141236116534,0.105335946847838,-43.9967391214858,-49.8953300247452,-0.409917867892645,-0.22412953375607,-0.118793586908232,5.89859090325934,50.000665971593
311.35977049449,-50.2556743112546,-50.1228912687684,-49.3667557638093,0.756135504959119,-43.3209665834667,-49.219710403863,-1.03596390739155,-0.90318086490543,-0.147045359946311,5.8987438203963,49.9758459088221
311.4,-50.185316734136,-50.1254562618744,-50.0239865571807,0.101469704693706,-43.950468490097,-49.8494010433669,-0.335915690769156,-0.27605521850753,-0.174585513813824,5.89893255326989,49.9508707480606
311.446487397944,-50.0868717294609,-50.1257900382205,-48.5531002493693,1.57268978885121,-42.4656798290246,-48.3683306933783,-1.71854103608259,-1.75745934484218,-0.184769555990968,5.90265086435367,49.9410204822295
311.5,-49.974780812723,-50.1224759099286,-49.1673887086329,0.955087201295662,-43.1057177856055,-49.0126488744963,-0.962131938226761,-1.10982703543232,-0.154739834136663,5.90693108889079,49.9677360757919
311.564846960102,-49.8486699782652,-50.1136774641109,-49.1984993782643,0.91517808584662,-43.128433575399,-49.0252509153267,-0.82341906293852,-1.0884265487842,-0.173248462937579,5.89681733992766,49.9404290011733
311.6,-49.7802325122993,-50.1068098778829,-50.6428533345462,-0.536043456663336,-44.596640855052,-50.4879756092076,0.707743096908288,0.381165731324664,-0.154877725338672,5.89133475415561,49.9519321525442
311.64411435237,-49.7045048616209,-50.0963611377097,-49.464957314014,0.631403823695706,-43.4493139922331,-49.3447701520395,-0.359734709581396,-0.751590985670163,-0.120187161974457,5.89545615980644,49.9761739757352
311.691296095432,-49.6322291190251,-50.083258147903,-52.2597656576796,-2.17650750977662,-46.2598767494562,-52.159740887438,2.52751176841294,2.07648273953499,-0.100024770241632,5.89986413798179,49.9832333776614
311.7,-49.6203545514162,-50.0806485535788,-48.658637781322,1.42201077225682,-42.6624953830911,-48.5631726877532,-1.05718186366292,-1.5174758658256,-0.0954650935687766,5.90067730466212,49.9851834600101
311.719476496278,-49.5941363543837,-50.074621970258,-49.2602772329027,0.814344737355235,-43.2539656703186,-49.1557265246239,-0.438409829759841,-0.918895445634107,-0.104550708278872,5.90176085430527,49.9700712619791
311.747024014025,-49.5548062527919,-50.0656369418595,-51.0384559543602,-0.972819012500764,-45.0305481154034,-50.9338415401772,1.37903528738529,0.868204598317746,-0.104614414183018,5.90329342477376,49.9610225276764
311.790944684289,-49.4906070926257,-50.0501369304119,-50.2425417624136,-0.19240483200177,-44.2683278230318,-50.1740647174067,0.683457624780971,0.123927786994841,-0.0684770450069294,5.90573689437493,49.9816598854049
311.8,-49.4799703604469,-50.046781935174,-50.9177997823106,-0.87101784713667,-44.9387705210567,-50.8450111961922,1.36504083574524,0.7982292610182,-0.0727885861184703,5.90624067513549,49.9739933490555
311.836501129118,-49.4393578323428,-50.0328471172169,-50.0127890057402,0.020058111476672,-44.0340052542556,-49.9422376113279,0.502879778985154,-0.0906095058889491,-0.0705513944122771,5.90823235707233,49.9622957228046
311.882968328706,-49.3799645506175,-50.0141082625303,-49.9960791469087,0.0180291156215375,-43.9899933289286,-49.9007611659796,0.520796615362052,-0.113347096550704,-0.0953179809291669,5.91076783705095,49.9187902816011
311.9,-49.3561666105324,-50.0069076288315,-50.2274599490855,-0.220552320254079,-44.22626454191,-50.137961711091,0.781795100558554,0.131054082259503,-0.0894982379945759,5.91169716918093,49.9174093908369
311.927278714253,-49.3185117069776,-49.9949989713669,-50.7157092329048,-0.720710261537931,-44.7104981104803,-50.622325483775,1.30381377679738,0.627326512408054,-0.0933837491298775,5.91182737329469,49.901615222237
311.969073761546,-49.2613786000306,-49.9758534939309,-49.6058929089865,0.36996058494443,-43.6236819291098,-49.5357087944715,0.274330194440886,-0.44014469945936,-0.0701841145149302,5.91202686536173,49.905669379416
312,-49.2252280693154,-49.9610849903387,-50.6097481065019,-0.648663116163171,-44.6541016416418,-50.5662761211262,1.34104805181072,0.605191130787453,-0.0434719853757173,5.91217447948433,49.917613004963
312.044301537444,-49.1879254324622,-49.9393868168058,-50.555340568562,-0.615953751756173,-44.6277002135255,-50.5376132330786,1.34968780061644,0.598226416272837,-0.017727335483336,5.90991301955319,49.9216594813225
312.1,-49.1734438269328,-49.9118940267894,-49.4970195444205,0.414874482368866,-43.6771558188264,-49.5842255997798,0.410781772846967,-0.327668427009648,0.0872060553592178,5.90706978095331,49.9991000821486
312.166217817184,-49.205297413342,-49.8809902250899,-50.4307450130894,-0.549754787999483,-44.6408400480018,-50.5528753141009,1.34757790075892,0.671885089010942,0.12213030101146,5.91203526609908,50.0031205261014
312.2,-49.2288140754615,-49.8663933993273,-49.7748549872435,0.0915384120838496,-43.9876807249924,-49.9022492205772,0.673435145115711,0.0358558212498465,0.127394233333696,5.91456849558476,49.993787632661
312.249331844616,-49.2705184177968,-49.846627883068,-49.9832054971168,-0.136577614048768,-44.2548509870835,-50.1653554238306,0.894837006033789,0.318727540762602,0.182149926713834,5.91050443674709,50.0287778097819
312.3,-49.3413143793515,-49.828865157653,-49.4992387825968,0.329626375056279,-43.7982733132964,-49.7046036031759,0.363289223824452,-0.124261554477144,0.205364820579135,5.90633028987951,50.0342299782322
312.365723108588,-49.4429879059022,-49.8104293608122,-48.8501542701622,0.960275090650079,-43.1257013236065,-49.0342926448213,-0.408695261080894,-0.776136715990923,0.184138374659156,5.90859132121479,49.9945677354714
312.4,-49.4934495101365,-49.8027956643259,-49.7426248486335,0.0601708156924019,-44.0323839668738,-49.9421544947212,0.448704984584651,0.139358830395231,0.199529646087633,5.90977052784734,50.0023253104136
312.441887429816,-49.5657553141679,-49.7953452647038,-49.9091319737217,-0.113786709017916,-44.2168369572295,-50.1308854551589,0.565130140991009,0.335540190455063,0.221753481437148,5.91404849792935,50.017098746141
312.490899149203,-49.6642579428135,-49.7895536944174,-49.8906322236303,-0.101078529212884,-44.2509191106163,-50.1699731834908,0.505715240677283,0.380419489073397,0.279340959860512,5.91905407287452,50.0688946542779
312.5,-49.6854624288158,-49.788868859266,-48.288637941826,1.50023091744001,-42.6502326177,-48.5702161619601,-1.11524626685572,-1.21865269730586,0.281578220134143,5.91998354426013,50.0704470794001
312.51888956883,-49.7299622529183,-49.7878651506231,-50.2775936996421,-0.489728549019006,-44.646712405043,-50.5693856507848,0.839423397866533,0.781520500161662,0.291791951142656,5.92267324574178,50.0796571017658
312.549101435057,-49.8014779645916,-49.7874456338266,-51.0053761202476,-1.21793048642095,-45.3446140144882,-51.2715891530939,1.47011118850229,1.48414351926725,0.266213032846302,5.92697513860562,50.0536586666729
312.591847601767,-49.8959376935856,-49.7891348596586,-49.484721636852,0.304413222806616,-43.832188688595,-49.7652504895786,-0.130687204007003,-0.023884370080026,0.28052885272659,5.93306180098356,50.0696637123852
312.6,-49.9145026227964,-49.7897560474276,-49.65721994654,0.13253610088762,-43.9976446126067,-49.9318672403832,0.0173646175867788,0.142111192955575,0.274647293843195,5.93422262777656,50.0644033412708
312.612688270837,-49.9430985503308,-49.7909120180523,-49.7934826196209,-0.00257060156855715,-44.1333324350393,-50.0695865505266,0.126488000195792,0.278674532474312,0.276103930905755,5.9362541154873,50.0670159489581
312.635880411815,-49.9956556588263,-49.7936161003252,-50.5574691953878,-0.763853095062565,-44.8877924577668,-50.8277598096743,0.83210415084806,1.03414370934911,0.270290614286544,5.93996735190753,50.0639067146117
312.672386341157,-50.0740615989222,-49.7993395152467,-50.4448049338072,-0.645465418560505,-44.7726019351269,-50.7184141612319,0.64435256230972,0.919074645985205,0.2736092274247,5.94581222610504,50.0729487426714
312.7,-50.1334037885167,-49.8048302668417,-49.62924753606,0.175582730781684,-43.9350188136415,-49.8852521944734,-0.248151594043257,0.0804219276317397,0.256004658413424,5.95023338083192,50.0608349252551
312.755092439764,-50.2406098721891,-49.8184673757158,-49.0624252049693,0.756042170746554,-43.339359986964,-49.2836000496169,-0.957009822572211,-0.534867326098897,0.221174844647656,5.94424006265288,50.0396422203635
312.8,-50.3215879719275,-49.8319134855732,-50.4333716025696,-0.60145811699639,-44.7399613546102,-50.6793160773092,0.357728105381717,0.847402591735978,0.245944474739588,5.93935472269899,50.0778579603128
312.848396674515,-50.4313864021864,-49.848949372996,-49.13733692365,0.71161244934607,-43.4656907984202,-49.4043691188568,-1.02701728332961,-0.444580254139225,0.267032195206845,5.93867832043666,50.1159815682029
312.9,-50.5479171570919,-49.870389230609,-51.7577699957917,-1.88738076518266,-46.0477281324991,-51.9856852338344,1.43776807674249,2.11529600322538,0.227915238042726,5.93795710133532,50.0983044686517
312.980337888623,-50.7129549144017,-49.9096497496725,-51.9188654505934,-2.00921570092085,-46.1839289787066,-52.1289083738914,1.41595345948972,2.21925862421884,0.210042923297991,5.94497939518474,50.1196926729705
313,-50.7489471746156,-49.9202054989769,-49.1460617600931,0.774143738883751,-43.4162190068898,-49.3629170571967,-1.38603011741892,-0.557288441780209,0.216855297103542,5.94669805030691,50.1370607960804
313.029411020024,-50.8025193735681,-49.936604863181,-49.5052918473498,0.431313015831172,-43.7693842310855,-49.7207630893704,-1.08175628419774,-0.215841773810624,0.215471242020548,5.95137885828485,50.1520761052016
313.072271065144,-50.8754840706218,-49.9617303570614,-50.9441381000608,-0.982407742999349,-45.1849174853114,-51.143117584103,0.267633513481258,1.18138722704164,0.19897948404229,5.95820009879169,50.1607098411037
313.1,-50.919011028616,-49.9786511868156,-48.1223710188937,1.85628016792193,-42.3490968588613,-48.3117100592519,-2.60730096936412,-1.66694112756375,0.189339040358178,5.96261320039061,50.1679902271738
313.133792691554,-50.9678325100373,-49.9998778939601,-49.9831772984045,0.0167005955555197,-44.1884505378988,-50.1542745264539,-0.813557983583323,0.154396632493885,0.171097228049405,5.96582398855518,50.1709751220095
313.18162429496,-51.0242567884607,-50.0307768171372,-51.0244718340496,-0.99369501691239,-45.1993774008845,-51.1697460746673,0.145489286206583,1.13896925753011,0.145274240617717,5.97036867378274,50.1760510577549
313.2,-51.0430331474292,-50.0428333760616,-49.185475131208,0.857358244853643,-43.3337650552157,-49.3058796833319,-1.73715346409738,-0.73695369272977,0.120404552123873,5.9721146281162,50.1632379281855
313.224013142161,-51.0606569390673,-50.0586581093352,-50.5467277870801,-0.488069677744946,-44.6634594288018,-50.6373563008505,-0.423300638216709,0.57869819151535,0.0906285137704046,5.97389687204877,50.1492866231056
313.256132870387,-51.0779763387669,-50.0798000381675,-49.0728459082758,1.00695412989174,-43.1698721015345,-49.1461528844586,-1.93182345430823,-0.93364715370889,0.0733069761828489,5.97628078292409,50.1531070143504
313.3,-51.0958520127519,-50.1084611652286,-50.9479668300211,-0.839505664792476,-45.0361248186905,-51.0156613990054,-0.0801906137464954,0.907200233776827,0.0676945689843507,5.97953658031493,50.1761557342129
313.363592282777,-51.1012441850586,-50.1491515798348,-50.1315758098114,0.0175757700233703,-44.1528140528092,-50.1387993927065,-0.96244479235218,-0.0103521871283405,0.00722358289502978,5.98598533989724,50.1563751627298
313.4,-51.0864195181369,-50.1715241711909,-49.3972795657349,0.774244605455927,-43.4030149691984,-49.3926923390883,-1.69372717904865,-0.778831832102568,-0.0045872266466418,5.9896773698899,50.1669369445442
313.446535642148,-51.0562176049677,-50.1987275758072,-49.8734833182672,0.325244257540056,-43.8054825691175,-49.7911372496232,-1.26508035534454,-0.407590326184014,-0.0823460686439574,5.98565468050568,50.1163815071633
313.5,-50.9836946294288,-50.2271684210079,-50.3861872785817,-0.159018857573827,-44.2707061266802,-50.2517391775095,-0.731955451919298,0.024570756501582,-0.134448101072245,5.98103305082929,50.0927203199357
313.582006849521,-50.8474562391736,-50.2633487071099,-50.2106158651638,0.052732841946117,-44.0616562603276,-50.0422530614579,-0.805203177715654,-0.221095645651978,-0.168362803705861,5.98059680113036,50.0949859034041
313.6,-50.8125727204926,-50.2700176882938,-49.3991494440747,0.870868244219047,-43.2480431802204,-49.2285442636573,-1.58402845683529,-1.04147342463643,-0.170605180417382,5.98050108343696,50.0994125078764
313.631534533103,-50.750003959339,-50.2805114332911,-50.7410450921168,-0.46053365882576,-44.597873971288,-50.580235097277,-0.169768862061993,0.29972366398593,-0.16080999483983,5.98236112598898,50.1197014384512
313.678265376361,-50.6568798567832,-50.2933536784475,-50.6523436896542,-0.358990011206721,-44.4808980967786,-50.4660156091287,-0.190864247654474,0.172661930681201,-0.18632808052552,5.98511751235012,50.107025597922
313.7,-50.6084593882929,-50.2981748841313,-50.0905618511501,0.207613032981179,-43.8989783974759,-49.8853779115188,-0.723081476774126,-0.412796972612483,-0.205183939631304,5.98639951404294,50.0929909445
313.728140117021,-50.5395034581307,-50.3032385325651,-49.2138399282892,1.08939860427596,-43.0079920219923,-48.9913518236439,-1.54815163448679,-1.31188670892123,-0.222488104645272,5.98335980165157,50.0807504279198
313.791610861654,-50.3632639452312,-50.3094237459009,-48.3047942129356,2.00462953296525,-42.0236666760636,-48.000170329647,-2.36309361558424,-2.30925341625387,-0.304623883288627,5.9765036535834,50.0047998626122
313.8,-50.3357422489207,-50.3096441970796,-50.7161796841564,-0.406535487076795,-44.4367359702458,-50.4123334240517,0.0765911751309076,0.102689226972068,-0.303846260104727,5.97559745380584,50.0057979369749
313.817169644779,-50.2793283737502,-50.3096208410514,-50.7143967422658,-0.404775901214371,-44.4273133621507,-50.4012341869139,0.121905813163664,0.0916133458624415,-0.31316255535193,5.97392082476322,49.9964582856995
313.840145952003,-50.200786607067,-50.3085783029879,-49.252492440809,1.05608586217887,-42.9622654079944,-48.9339425786528,-1.26684402841424,-1.37463572433511,-0.318549862156239,5.97167717065842,49.9900284408317
313.870477294089,-50.0981218536399,-50.3054209241491,-49.0039831995553,1.30143772459385,-42.7315777766572,-48.7002930683893,-1.39782878525052,-1.6051278557598,-0.303690131165958,5.96871529173212,50.0017307929832
313.9,-50.0014465787013,-50.3004918030273,-50.3171743023186,-0.0166824992913135,-44.0681163183977,-50.033948695149,0.0325021164476667,-0.266543107878256,-0.28322560716957,5.96583237675127,50.0172661958577
313.935457609563,-49.8948869204973,-50.2923589461013,-51.4589248182562,-1.16656587215489,-45.2155669995748,-51.1824385229356,1.28755160243822,0.890079576834282,-0.276486295320609,5.96687152336077,50.0158726507807
313.986527058787,-49.7344060697932,-50.2766005616665,-50.584110899702,-0.307510338035414,-44.3280390593133,-50.296407261262,0.562001191468831,0.0198066995954491,-0.287703638439964,5.96836820194866,49.9888969232266
314,-49.6910911932513,-50.2716240622672,-50.8492669146424,-0.577642852375249,-44.5940121002579,-50.5627751500644,0.871683956813087,0.291151087797218,-0.286491764578031,5.96876304980653,49.9851322976891
314.020565863856,-49.6255680551172,-50.2633771268383,-51.1551026171205,-0.891725490282241,-44.9198617172663,-50.8900210229676,1.26445296785038,0.626643896129274,-0.265081594152967,5.97015930570129,49.9982955326853
314.048928552353,-49.5415469292004,-50.2507983767918,-49.9263254822985,0.324472894493304,-43.7176876108829,-49.6897725138399,0.148225584639505,-0.56102586295183,-0.236552968458525,5.97208490295707,50.0142454083332
314.085554019734,-49.4448232759665,-50.2327353047962,-50.1565896044067,0.0761457003894677,-43.9756639206993,-49.9502353967995,0.50541212083305,-0.282499907996694,-0.206354207607227,5.97457147610017,50.026381097189
314.1,-49.4079928670116,-50.2251062801228,-49.0118741260557,1.21323215406706,-42.8470742081,-48.8226264494743,-0.585366417537358,-1.4024798306485,-0.189247676581438,5.97555224137426,50.0358586035413
314.118857608718,-49.3635004285713,-50.2147542439785,-50.3536533411466,-0.138899097168157,-44.1969925512295,-50.1761482305771,0.812647802005806,-0.0386060134013633,-0.17750511056952,5.97915567934765,50.037249133409
314.16019661503,-49.2729315696746,-50.1906580132194,-51.0208606233751,-0.830202610155624,-44.8922656454229,-50.8793206585278,1.60638908885323,0.688662645308348,-0.141539964847276,5.98705501310487,50.0491180483722
314.2,-49.1906188837947,-50.1658674231736,-48.4070037982728,1.75886362490081,-42.2902244401965,-48.284885350264,-0.905733533530764,-1.88098207290967,-0.122118448008855,5.99466091006743,50.0437489751648
314.253421382487,-49.0914567347796,-50.1303519986856,-51.8302044631886,-1.69985246450291,-45.7886100273975,-51.7851761912753,2.69371945649573,1.65482419258969,-0.0450282719132176,5.99656616387786,50.0853237267724
314.3,-49.035232413847,-50.098129637921,-50.7203122209628,-0.622182583041727,-44.7027550141762,-50.7009823871873,1.66574997334038,0.602852749266304,-0.0193298337754229,5.99822737301118,50.0787998041456
314.357361754165,-48.9803080119119,-50.0576659222911,-50.0652941842524,-0.00762826196131527,-44.0976364969113,-50.0916787368966,1.11137072498473,0.0340128146055036,0.0263845526441884,5.99404223998529,50.0840504749353
314.4,-48.9725047386398,-50.027681113994,-50.0788230812623,-0.0511419672683076,-44.1777643546393,-50.1686956937568,1.19619095511695,0.141014579762761,0.0898726124944531,5.99093133911745,50.1175537264884
314.461989855721,-48.9836246202687,-49.9857209666699,-49.4226144210798,0.563106545590195,-43.5352040208191,-49.5280840350797,0.544459414810923,-0.457636931590272,0.105469613999922,5.99288001426061,50.0911905806699
314.5,-48.9983560933143,-49.9611326071288,-47.803236082937,2.15789652419177,-41.9357830673144,-47.9298579451939,-1.0684981481204,-2.03127466193489,0.126621862256876,5.99407487787957,50.0877544693857
314.553391643108,-49.0146685472489,-49.9282271860742,-50.1868933163295,-0.258666130255286,-44.2889373961431,-50.2903631626317,1.2756946153828,0.362135976557454,0.103469846302168,6.00142576648864,50.0316970323764
314.6,-49.0287353742091,-49.90082696507,-50.3168144312139,-0.415987466143903,-44.4440275263144,-50.4518702678168,1.42313489360766,0.551043302746749,0.135055836602845,6.00784274150235,50.0358828016729
314.655789111901,-49.0750325057088,-49.870115699709,-49.5658852802397,0.304230419469341,-43.7721599164034,-49.7904492723333,0.715416766624521,-0.0796664273757131,0.224563992093628,6.01828935592992,50.0946796918027
314.7,-49.1289090166863,-49.8481357463533,-50.0296411349186,-0.181505388565284,-44.1879179067571,-50.2144858332849,1.0855768165986,0.366350086931632,0.184844698366348,6.02656792652787,50.0329804447197
314.744378020062,-49.1763200350403,-49.82810060232,-47.6141403662209,2.21396023609913,-41.7873967409713,-47.8102512061683,-1.36606882887207,-2.01784939615174,0.196110839947394,6.02285446519698,50.0242114422674
314.8,-49.2458869565464,-49.8058439937248,-49.1595389824847,0.646305011240074,-43.3792526320623,-49.3974527645207,0.151565807974222,-0.408391229204128,0.237913782035946,6.01820013245835,50.0437577757607
314.877056625145,-49.3677846032705,-49.7811503634614,-50.6044405407932,-0.823290177331785,-44.8391710964055,-50.8415859956125,1.47380139234194,1.06043563215104,0.237145454819256,6.00241489920696,50.0182958182807
314.9,-49.4100379943064,-49.7752725972265,-49.4070777741653,0.368194823061117,-43.6425124122218,-49.6402273064261,0.230189312119748,-0.135045290800321,0.233149532260796,5.99771489420433,50.0084221294873
314.928918690647,-49.4636588529298,-49.7688915491022,-51.5011155895381,-1.7322240404359,-45.7397712262583,-51.7377612687311,2.27410241580132,1.96886971962886,0.236645679192954,5.99799004247281,50.0055372282952
314.972319248694,-49.5372318985996,-49.7613537075417,-48.9122087106665,0.849144996875189,-43.1370493045316,-49.1354522836945,-0.401779614905102,-0.625901423847182,0.223243573028007,5.99840297916292,49.9845972805697
315,-49.5867290223332,-49.7577547315917,-48.3260098992026,1.4317448323891,-42.557688928268,-48.5563552772661,-1.03037374506705,-1.20139945432555,0.230345378063546,5.9986663489982,49.9881001096552
315.048472403585,-49.6732010362101,-49.7537576949293,-48.9434501037139,0.810307591215413,-43.164061889044,-49.162907113517,-0.510293922693045,-0.590850581412255,0.219457009803158,5.99884522447299,49.9732147047324
315.1,-49.7716754580137,-49.7526980422425,-49.7804218694105,-0.0277238271679323,-44.0020426907017,-50.0010780650867,0.229402607073006,0.248380022844152,0.22065619567622,5.99903537438494,49.9733542379187
315.1543152549,-49.8639116840905,-49.7550470887048,-51.4215870992981,-1.66654001059334,-45.6150777685669,-51.6163172508448,1.75240556675431,1.86127016213997,0.194730151546636,6.00123948227791,49.9497772402514
315.2,-49.9442740805209,-49.7594310164461,-49.2341064761726,0.525324540273566,-43.4583106201616,-49.4614039850632,-0.482870095457656,-0.298027031382901,0.227297508890665,6.00309336490164,49.9867285253368
315.271464623433,-50.0743567643161,-49.7709372328538,-48.7597298446904,1.01120738816343,-42.9903180309115,-49.0035043320311,-1.07085243228496,-0.767432900822747,0.24377448734068,6.0131863011196,50.0147117201945
315.3,-50.129849229604,-49.7771093618055,-50.5604902361213,-0.783380874315775,-44.7618605247403,-50.7790768720815,0.649227642477427,1.00196751027598,0.218586635960207,6.01721634734118,49.9956959977657
315.371026230016,-50.2615272549013,-49.7962348544689,-50.3479889147652,-0.551754060296261,-44.5403580215064,-50.5715646893519,0.310037434450599,0.775329834883024,0.223575774586763,6.0312066678455,50.0198106290557
315.4,-50.3108055644978,-49.8054915194625,-49.8885132774503,-0.083021757987801,-44.0684126509864,-50.1053263981489,-0.205479166348873,0.29983487868639,0.216813120698589,6.03691374716252,50.0223046401611
315.480064214463,-50.4277658092225,-49.8345999582241,-49.0558558867499,0.778744071474222,-43.1811515424369,-49.2255211568985,-1.20224465232405,-0.609078801325659,0.169665270148563,6.04436961446157,50.0042652283727
315.5,-50.4509056312224,-49.8424821907911,-49.4584217681626,0.384060422628536,-43.5779864309936,-49.6242125374281,-0.826693093794255,-0.218269653362981,0.165790769265556,6.04622610643447,50.0082729600567
315.526082256789,-50.4780918714752,-49.8530768060085,-49.9443664991911,-0.091289693182631,-44.0303906677988,-50.0754159279517,-0.402675943523512,0.222339121943214,0.131049428760583,6.04502526015294,49.9841262347691
315.559678708528,-50.5039372602123,-49.86704092405,-48.7858474984474,1.08119342560259,-42.8427770749399,-48.8862555297504,-1.6176817304619,-0.980785394299588,0.100408031303004,6.0434784548105,49.967448955353
315.6,-50.5251847606897,-49.8840008421776,-49.1273910689416,0.756609773235979,-43.1732092723785,-49.2148313052804,-1.31035345540932,-0.669169536897257,0.0874402363387219,6.04162203290182,49.9714410785163
315.7,-50.5940811208634,-49.9268465960976,-50.0543613015651,-0.127514705467519,-44.1341158016112,-50.1852992363767,-0.408781884486693,0.258452640279117,0.130937934811598,6.05118343476547,50.0577845309092
315.8,-50.7086244137847,-49.9726554929205,-50.7540778682185,-0.781422375297986,-44.88680931582,-50.9384563512533,0.229831937468632,0.965800858332805,0.18437848303482,6.05164703543335,50.1570339759554
315.9,-50.8268051956793,-50.0238500173193,-50.0590168183782,-0.0351668010589137,-44.0881089847777,-50.1440923818058,-0.682712813873572,0.120242364486522,0.0850755634276084,6.05598339702804,50.1089255807469
316,-50.8428466336913,-50.0758494499609,-49.0931560615317,0.98269338842919,-43.0558190678363,-49.1195668623614,-1.72327977132986,-0.956282587599446,0.0264108008297441,6.06374779452511,50.1022602507906
316.1,-50.7856533464781,-50.1234768656808,-49.3268467420291,0.796630123651624,-43.1609203230648,-49.2168543578546,-1.56879898862346,-0.906622507826135,-0.109992384174511,6.0559340347898,50.0134844815063
316.2,-50.6144199793898,-50.1603265180327,-49.8587895173975,0.301537000635243,-43.6808912584384,-49.7256832204406,-0.888736758949207,-0.434643297592089,-0.133106296956846,6.04479196200222,50.0272202210759
316.3,-50.4163851021702,-50.1834085322176,-49.9574723146171,0.225936217600434,-43.669668711689,-49.7034019778514,-0.712983124318811,-0.480006554366142,-0.254070336765707,6.03373326616238,49.9293381954518
316.4,-50.1263968294167,-50.1894287072095,-50.9774693620342,-0.788040654824734,-44.5968539241977,-50.6320129103578,0.505616080941124,0.442584203148279,-0.345456451676455,6.03515898616008,49.8439722555331
316.5,-49.8209354330281,-50.1749236074451,-50.386803696214,-0.211880088768858,-44.1396794483848,-50.1775706147141,0.356635181685959,0.00264700726897615,-0.209233081499882,6.03789116632932,49.9656905259452
316.6,-49.6044452248402,-50.1451449223581,-50.0699975191978,0.0751474031603152,-43.8611806340743,-49.9091901565166,0.304744931676396,-0.235954765841484,-0.160807362681169,6.04800952244231,49.984337559677
316.7,-49.4567760935943,-50.1054305225682,-48.6112132773802,1.49421724518805,-42.5072397870117,-48.5475937853742,-0.909182308220096,-1.55783673719404,-0.0636194920059907,6.04035399836252,50.0418110305622
316.8,-49.3280773050573,-50.0602063452061,-48.9452712555268,1.11493508967934,-42.795663873309,-48.8426796920728,-0.485397612984528,-1.21752665313331,-0.102591563453977,6.0470158187638,49.9576147817521
316.9,-49.1970454734597,-50.0092094360518,-49.8434175539327,0.16579188211908,-43.7182324328028,-49.779296211351,0.582250737891322,-0.229913224700752,-0.0641213425816716,6.06106377854827,49.9450880934701
317,-49.0756280574513,-49.95347676377,-49.8919859983019,0.0614907654680863,-43.8015802175645,-49.8629641215358,0.787336064084563,-0.0905126422341098,-0.0290218767660235,6.06138390397134,49.9244548870039
317.1,-49.0398070593938,-49.8956799661586,-49.6802209784605,0.215458987698113,-43.7187650192883,-49.788571446899,0.748764387505219,-0.107108519259661,0.108350468438452,6.06980642761069,50.0040304345971
317.2,-49.1193695841689,-49.8430841817901,-48.1546564697509,1.68842771203928,-42.3046476104501,-48.38317117432,-0.736198409848988,-1.45991300747018,0.228514704569093,6.07852356386984,50.0715988863592
317.3,-49.278778080298,-49.8019514194353,-49.8462823269139,-0.0443309074785816,-43.9969784426318,-50.0783943675341,0.799616287236169,0.276442948098783,0.232112040620201,6.08141592490233,50.0340634600555
317.4,-49.4501159847488,-49.7741272488367,-51.689023857447,-1.91489660861029,-45.8193414125169,-51.9014573029679,2.45134131821906,2.12733005413125,0.212433445520958,6.08211589045098,49.9865606943576
317.5,-49.6030046860842,-49.7584639638432,-48.7327754005615,1.0256885632817,-42.8660155279596,-48.9495105536219,-0.653494132462271,-0.808953410221278,0.216735153060426,6.08349502566233,49.9751991169036
317.6,-49.7865846370848,-49.7541355436217,-48.8263835805234,0.927751963098373,-42.9865345447258,-49.0764064596759,-0.710178177408906,-0.677729083945849,0.250022879152525,6.08987191495012,50.0041584227743
317.7,-49.9701687054717,-49.7620564548314,-51.0426269940111,-1.28057053917973,-45.2114244518345,-51.2829494329666,1.3127807274949,1.52089297813519,0.240322438955459,6.07152498113205,50.0023788937868
317.8,-50.1896141969876,-49.7822654806887,-51.0853471687378,-1.30308168804904,-45.2745175467526,-51.3470592817873,1.15744508479973,1.56479380109857,0.261712113049533,6.07254173503467,50.0439775937383
317.9,-50.4166805285169,-49.8159044732995,-48.7345117133345,1.08139275996496,-42.865470510282,-48.9279401396038,-1.48874038891307,-0.887964333695656,0.1934284262693,6.06246962932185,50.0093328995688
318,-50.6118959097573,-49.8604084415756,-52.0805730234281,-2.22016458185252,-46.1903586923654,-52.2663995002371,1.65450359047973,2.40599105866147,0.185826476808948,6.07604080787166,50.0462349183845
318.1,-50.8059257717661,-49.9142634977665,-49.6061229319056,0.308140565860889,-43.7509208958427,-49.8146490320047,-0.99127673976146,-0.0996144657618458,0.208526100099043,6.06372813616201,50.1227895978656
318.2,-50.9815490255379,-49.9771564402012,-49.6096706279596,0.367485812241668,-43.6695963995339,-49.7449575273454,-1.23659149819244,-0.2321989128558,0.135286899385868,6.07536112781155,50.1124433395871
318.3,-51.0450225447302,-50.0440947143699,-49.5444496917263,0.499645022643655,-43.4194181327763,-49.4955519744572,-1.54947057027299,-0.548542739912683,-0.0488977172690284,6.07613384168089,49.9951969971009
318.4,-50.9715893086537,-50.105796851917,-50.9741281498992,-0.868331297982188,-44.7792075081533,-50.8704155894217,-0.101173719232001,0.764618737504684,-0.103712560477504,6.09120808126838,50.0020842914395
318.5,-50.8609589725379,-50.1573519342267,-50.0616225934227,0.0957293408040343,-43.8742891655947,-49.9644335977694,-0.896525374768537,-0.192918336457311,-0.0971889956532763,6.09014443217472,50.0601629385734
318.6,-50.7222232953708,-50.1982084729126,-48.7380711422105,1.46013733070211,-42.448260046662,-48.5345491290567,-2.18767416631411,-1.66365934385588,-0.203522013153773,6.08628908239472,49.9946864597588
318.7,-50.4973924833949,-50.22430350704,-51.3707298885976,-1.14642638155754,-45.1084862879092,-51.1978983910741,0.700505907679215,0.97359488403405,-0.172831497523489,6.08941210316492,50.0514720095165
318.789212285324,-50.3373803920837,-50.2352318256102,-49.9193946593063,0.315837166303936,-43.6930313652352,-49.7941561447164,-0.54322424736732,-0.441075680893839,-0.125238514589903,6.10112477948118,50.1099933110203
318.8,-50.3208230255734,-50.2358955092936,-50.760840919627,-0.524945410333395,-44.5372947730484,-50.6398358710303,0.319012845456847,0.403940361736687,-0.121005048596707,6.10254109798189,50.1148904606969
318.818934377714,-50.2918754868095,-50.2367683600983,-49.1130262067523,1.12374215334599,-42.8877721720885,-48.9908031818505,-1.30107230495904,-1.24596517824782,-0.122223024901828,6.10303100976193,50.1145453351965
318.85302734697,-50.237369255544,-50.2373972095276,-48.8628424797379,1.37455472978972,-42.6230649873614,-48.7269781252559,-1.51039113028807,-1.51041908427167,-0.135864354481946,6.10391313789452,50.1015328550457
318.9,-50.1573998794504,-50.236153638058,-50.5352940736878,-0.299140435629802,-44.3181544078097,-50.4232829252855,0.265883045835132,0.187129287227542,-0.11201114840226,6.10512851747583,50.1241424896557
318.952695862301,-50.0781975156213,-50.2321563078585,-49.0116547067965,1.22050160106203,-42.7693409093838,-48.8703154242103,-1.20788209141094,-1.36184088364823,-0.141339282586202,6.10097451482648,50.0908170252723
319,-49.9937594812653,-50.2261604493117,-51.7416686642331,-1.51550821492145,-45.4850704456529,-51.5823159862346,1.58855650496935,1.35615553692294,-0.159352677998513,6.09724554058167,50.0668077713132
319.072859887136,-49.8540113304012,-50.212122082333,-50.682552016562,-0.470429934229045,-44.3776349523395,-50.4655648728553,0.611553542454061,0.253442790522328,-0.216987143706717,6.08792992051585,49.9951349386263
319.1,-49.7905318359899,-50.2052208568273,-49.8061940742914,0.39902678253587,-43.509418051214,-49.5938779281994,-0.196653907790576,-0.611342928627948,-0.212316146092078,6.08445987698538,49.9929047107352
319.134219666082,-49.7167823454234,-50.1951497583759,-48.1491658449244,2.04598391345147,-41.8786739141047,-47.9637717699661,-1.75301057545732,-2.23137798840979,-0.185394074958317,6.08509785586138,50.0097556834176
319.181511340631,-49.6123337999721,-50.1789251001147,-51.0016423114091,-0.822717211294382,-44.7105471581107,-50.796526702569,1.18419290259688,0.617601602454272,-0.20511560884011,6.08597954445828,49.9738094912746
319.2,-49.5705599177539,-50.171821122166,-50.8670787420909,-0.695257619924902,-44.5819312712928,-50.6682555115203,1.09769559376639,0.496434389354334,-0.198823230570568,6.08632424022752,49.9729978915954
319.250475972671,-49.4707505589088,-50.1504623009114,-50.7837481130859,-0.633285812174435,-44.559964933057,-50.644060275795,1.17330971688626,0.493597974883606,-0.139687837290829,6.08409534273805,50.0107744636206
319.3,-49.3945226246663,-50.1273744811524,-49.3643927503281,0.762981730824372,-43.1946348338058,-49.2765433146699,-0.117979309996336,-0.8508311664825,-0.0878494356581285,6.08190848086418,50.0395250454943
319.359107413613,-49.3188041783641,-50.0980860504931,-49.8180864947059,0.279999555787249,-43.5853426501747,-49.6696859039756,0.350881725611593,-0.42840014651749,-0.14840059073024,6.08434325380092,49.9496854597629
319.4,-49.2470768090212,-50.076450722489,-52.4963132398549,-2.41986251736586,-46.255090999808,-52.3411187151098,3.09404190608863,2.26466799262083,-0.155194524745028,6.08602771530182,49.921256197744
319.454392286087,-49.1617386649364,-50.0457355487385,-50.5923209912571,-0.546585442518655,-44.3803191562649,-50.4645356027152,1.30279693777882,0.418800053976732,-0.127785388541923,6.08421644645026,49.9179501601965
319.5,-49.0987529761451,-50.0186266492862,-48.1773337364442,1.84129291284194,-42.00846745371,-48.0911651584866,-1.00758781765853,-1.92746149079956,-0.0861685779576149,6.08269770477665,49.9324580713285
319.583092710528,-49.0127197231461,-49.967070925479,-50.5294980781305,-0.562427152651409,-44.4387433676378,-50.5323116831353,1.51959195998919,0.565240757656234,0.00281360500482464,6.09356831549749,49.9698845304839
319.6,-49.0058361648918,-49.9564729620152,-49.2270917408142,0.729381221201031,-43.1559159544842,-49.251696167524,0.245860002632135,-0.704776794491274,0.0246044267097574,6.09578021303973,49.981077388725
319.622586371599,-49.0010925388766,-49.9424119742277,-48.8443239705547,1.09808800367297,-42.7833757081299,-48.8794004765771,-0.121692062299509,-1.06301149765054,0.0350765060224347,6.09602476844721,49.9774884802501
319.655040778517,-49.000792144845,-49.9224984835336,-48.9732812748994,0.949217208634153,-42.9581134872687,-49.0544896579176,0.0536975130726489,-0.868008825615966,0.0812083830181862,6.09637617064891,50.0037068665518
319.694623577897,-49.0113753148189,-49.8989425854031,-49.6338607275541,0.265081857849019,-43.6188097825057,-49.7156145384893,0.704239223670406,-0.183328046913758,0.0817538109352611,6.09680475598361,49.9806963963384
319.7,-49.0129151032746,-49.8958112596283,-49.827870275295,0.0679409843332692,-43.8113340973612,-49.9081970669048,0.895281963630183,0.0123858072765515,0.0803267916098207,6.0968629695436,49.9761380512381
319.711360712333,-49.0169004092102,-49.8892501750358,-51.5514210101075,-1.66217083507166,-45.5514897319549,-51.6504352665407,2.6335348573305,1.76118509150484,0.0990142564331862,6.0989455345858,49.988264431469
319.733723734745,-49.0277836134971,-49.8765839305991,-50.7771170490236,-0.900533118424448,-44.7972287223418,-50.900273687258,1.87249007376087,1.02368975665887,0.12315663823442,6.10304496491622,49.9997405688335
319.762905028435,-49.0498573014074,-49.8606358388447,-50.7151519745207,-0.854516135675908,-44.7755690363391,-50.8839633086177,1.83410600721021,1.02332746977291,0.168811334097001,6.10839427227857,50.0294471729417
319.8,-49.0945039833003,-49.8415912837167,-49.8452536707202,-0.0036623870034731,-43.9557460350259,-50.070940293851,0.976436310550639,0.229349010134285,0.225686623130812,6.11519425882511,50.0672779068475
319.843584614597,-49.1680419503098,-49.8214881393336,-49.8727425190192,-0.0512543796856022,-44.0066839040075,-50.1267357994083,0.958693849098516,0.305247660074699,0.253993280389096,6.12005189540082,50.0754814197227
319.9,-49.2753161368625,-49.7995668665886,-48.9133836787487,0.886183187839947,-43.0716027915998,-49.1979423516296,-0.077373785232929,-0.601624514959013,0.284558672880934,6.1263395600298,50.0841255394696
319.966628720013,-49.4232704602601,-49.7801808098426,-51.3804861370232,-1.60030532718062,-45.5714419450591,-51.7023886911714,2.27911823091123,1.92220788132877,0.321902554148146,6.13094674611229,50.1020833639907
320,-49.5098827993039,-49.7733642888021,-50.9019933618727,-1.12862907307053,-45.1029135643953,-51.2361678394033,1.72628504009934,1.46280355060114,0.33417447753061,6.13325427500797,50.1075387663327
320.04374134018,-49.6305687110714,-49.7675989469866,-47.9420293563783,1.82556959060834,-42.1462282140074,-48.2828302244896,-1.34773848658187,-1.48476872249704,0.340800868111295,6.13660201048221,50.1083998150979
320.1,-49.7898195780398,-49.7655105329206,-47.960588767295,1.80492176562556,-42.1725868580155,-48.3134946147422,-1.47632496329758,-1.45201591817837,0.35290584744719,6.14090775672674,50.1184163803678
320.168906512991,-49.9829419332727,-49.7708494929002,-48.3714689922302,1.39938050067007,-42.5908861117981,-48.7322478986784,-1.25069403459432,-1.03860159422181,0.36077890644826,6.1413617868803,50.1316283993485
320.2,-50.0767728883192,-49.7760948469466,-49.8003610766852,-0.0242662297385436,-44.0281479012036,-50.169714565389,0.0929416770697813,0.393619718442359,0.369353488703815,6.14156666418535,50.1454483356504
320.238070297761,-50.1933195475599,-49.784977875719,-50.3145287191686,-0.529550843449577,-44.5500348180159,-50.6961584655483,0.502838917988321,0.911180589829272,0.381629746379694,6.1461236475324,50.1666076220987
320.278116681074,-50.3198173871692,-49.7972468287263,-47.3719527782817,2.42529405044457,-41.6035689425936,-47.7544861092891,-2.56533127788017,-2.04276071943721,0.382533331007359,6.15091716669549,50.1797801597336
320.3,-50.3882986198744,-49.8052131207167,-49.2708894198128,0.534323700903833,-43.4764204582586,-49.6299570402408,-0.758341579633644,-0.175256080475897,0.359067620427936,6.1535365819822,50.1642807411446
320.333223049076,-50.4844926528241,-49.8188818975854,-50.9722362939562,-1.15335439637082,-45.1390879684549,-51.2928254805619,0.80833282773785,1.47394358297651,0.320589186605687,6.15373751210704,50.1394710841911
320.373628379251,-50.5916786915164,-49.8377830947761,-48.1295726502142,1.70821044456189,-42.2575464301391,-48.4115283101853,-2.18015038133113,-1.42625478459074,0.281955659971153,6.15398188004623,50.1197387547472
320.4,-50.6538173586675,-49.8512871273342,-48.7708314676628,1.08045565967146,-42.8957043864514,-49.0498457597771,-1.60397159889038,-0.80144136755716,0.279014292114297,6.15414137332565,50.1303014194485
320.440887742083,-50.7535098990083,-49.8738793750615,-50.817558216268,-0.943678841206442,-44.9761047231191,-51.1312367000713,0.377726801062927,1.25735732500974,0.313678483803301,6.15513197695216,50.1875578588648
320.5,-50.9099749994368,-49.9104751069909,-49.4853729684931,0.425102138497813,-43.6219161146085,-49.7784802277971,-1.13149477163971,-0.131994879193812,0.293107259304001,6.15656411318863,50.2035823662949
320.584048200622,-51.1059211505535,-49.9696600241941,-48.4155868174272,1.55407320676692,-42.518227605528,-48.6859358072305,-2.41998534332303,-1.28372421696366,0.270348989803267,6.16770820170249,50.2400090139974
320.6,-51.1418031434015,-49.9817130801118,-50.3918343631549,-0.410121283043061,-44.473201835404,-50.6430251123004,-0.498778031101139,0.661312032188519,0.251190749145458,6.16982327689638,50.2329038292573
320.622621697669,-51.189932433906,-49.9992052819875,-50.5927522855812,-0.593547003593677,-44.6813947352699,-50.8494772495043,-0.34045518440162,0.850271967516839,0.256724963923162,6.1680825142344,50.2559302459107
320.652564438209,-51.2524397226501,-50.0230649339558,-48.9118377062042,1.11122722775169,-42.9503238718011,-49.1161022616727,-2.13633746097747,-0.906962672283179,0.204264555468512,6.16577838987152,50.2273294894244
320.69372832112,-51.3164453986091,-50.0568145463206,-50.8534833415072,-0.796668795186683,-44.837508014899,-51.0001188020804,-0.316326596528661,0.94330425575987,0.146635460573187,6.1626107871814,50.2034500068938
320.7,-51.3242781476643,-50.0620178012264,-52.0444243244966,-1.98240652327024,-46.020784708372,-52.1829128834797,0.858634735815393,2.12089508225338,0.138488558983141,6.1621281751077,50.2005063602095
320.711945917117,-51.3382305751928,-50.0719554828557,-49.678730062107,0.393225420748735,-43.6437370349771,-49.8047634768759,-1.53346709831687,-0.267192005979766,0.126033414768969,6.16102644189878,50.1979888976247
320.732816344272,-51.3584823332443,-50.0893693455892,-50.2721680341919,-0.182798688602709,-44.2091103491626,-50.3682119792236,-0.990270354020716,0.278842633634412,0.0960439450317025,6.15910163006097,50.1854132906209
320.763141002449,-51.3829405267193,-50.1146864130792,-48.7965642612461,1.3181221518331,-42.7125284296868,-48.8688333148319,-2.51410721188741,-1.24585309824725,0.0722690535858561,6.1563048851451,50.186955466665
320.8,-51.4073534796781,-50.1453590942895,-50.685504497383,-0.540145403093554,-44.61002488393,-50.762930383222,-0.644423096456052,0.61757128893256,0.0774258858390056,6.15290549929205,50.2227849801285
320.847905166893,-51.4394243655803,-50.1850430576889,-49.4640356416539,0.721007416034922,-43.3635342305622,-49.5219047323816,-1.91751963319869,-0.663138325307258,0.0578690907276638,6.15837050181938,50.2429121484165
320.9,-51.4642724851409,-50.2277519375511,-49.3572337298166,0.870518207734541,-43.2405832454072,-49.4048967052216,-2.05937577991921,-0.822855232329466,0.0476629754050748,6.16431345981444,50.2754149129562
320.958908652257,-51.4653016849635,-50.2749440062876,-50.6192518939689,-0.344307887681246,-44.4023052715281,-50.566776590431,-0.898525094532545,0.291832584143393,-0.0524753035378538,6.16447131890286,50.2224687027498
321,-51.4309127936323,-50.3062888379715,-48.8931803443534,1.41310849361814,-42.6156511046025,-48.7802325370872,-2.65068025654517,-1.52605630088434,-0.112947807266202,6.16458143248462,50.1933410307053
321.1,-51.2706233407708,-50.3730328858089,-49.2112813199745,1.1617515658344,-42.8657799092179,-49.0332220733618,-2.23740126740891,-1.33981081244706,-0.178059246612655,6.16744216414393,50.1949736391962
321.2,-51.0340240168161,-50.4230924406712,-49.1957317123405,1.22736072833069,-42.7574044069929,-48.9252709243988,-2.10875309241732,-1.49782151627246,-0.270460787941765,6.16786651740586,50.1526316527295
321.3,-50.7079615804804,-50.4519284742094,-49.7703818657722,0.681546608437259,-43.2682527039214,-49.4338558662657,-1.27410571421464,-1.01807260794371,-0.336525999506449,6.16560316234433,50.115402474703
321.4,-50.3058416215577,-50.4558242957676,-49.8236935017642,0.632130794003402,-43.2376070429463,-49.3964337996401,-0.909407821917505,-1.0593904961275,-0.427259702124097,6.15882675669387,50.0285645936436
321.5,-49.8452890520996,-50.4317147833292,-48.9798066063273,1.45190817700196,-42.3427177210187,-48.5097995468201,-1.33548950527945,-1.9219152365091,-0.47000705950714,6.16708182580144,49.9617077238221
321.6,-49.3659147208321,-50.3785780767,-49.7125452343543,0.666032842345736,-43.1415396274325,-49.3259151680183,-0.0399995528138746,-1.05266290868175,-0.386630066336011,6.18437554058571,49.991948010364
321.7,-48.9407996449333,-50.3001851650891,-50.3035882997112,-0.00340313462216102,-43.7836051868021,-49.9706828599297,1.02988321499638,-0.329502305159394,-0.332905439781555,6.18707767312755,49.9672797253075
321.8,-48.5992572798365,-50.2018138936654,-49.3179510982358,0.883862795429621,-42.9474319501704,-49.123781306755,0.524524026918556,-1.07803258691043,-0.19416979148081,6.17634935658464,50.0076441021846
321.9,-48.3927908462002,-50.0925414349897,-50.3903748885162,-0.297833453526579,-44.1347736355991,-50.3194630019082,1.92667215570806,0.226921566918563,-0.0709118866080161,6.18468936630908,50.0216295483816
322,-48.3235731743618,-49.980830690695,-51.0564276478067,-1.07559695711165,-45.0472442991963,-51.2444354099795,2.92086223561778,1.26360471928451,0.188007762172859,6.1971911107832,50.1688384528679
322.1,-48.4868420425496,-49.8797596143411,-50.4216710151894,-0.541911400848235,-44.5509163946642,-50.7546188340664,2.26777679151676,0.874859219725238,0.332947818877003,6.2037024394022,50.2127074332181
322.2,-48.7438999413293,-49.798763117346,-52.724566623899,-2.92580350655301,-46.9427126175402,-53.1574460199801,4.41354607865084,3.35868290263418,0.432879396081169,6.21473340243993,50.2316425134271
322.3,-49.1031155317762,-49.742987840517,-48.9821700344712,0.760817806045814,-43.2547234239258,-49.480278380343,0.377162848566819,-0.262709460174015,0.498108345871799,6.22555495641721,50.2410961863888
322.4,-49.5207596083547,-49.7151181453024,-51.1973970252076,-1.48227887990519,-45.5713326006028,-51.8014865688775,2.28072696052277,2.08636842357507,0.604089543669872,6.2301539682747,50.3192076889723
322.5,-50.0342052984175,-49.7196025492038,-48.3491768212303,1.37042572797354,-42.6316518368062,-48.8672893328266,-1.16691596559088,-0.852313216377169,0.518112511596371,6.23563749602042,50.2377150608002
322.6,-50.4590521778788,-49.7534085835381,-49.1426577486458,0.610750834892258,-43.3867707443064,-49.6418436561477,-0.817208521731096,-0.111564927390397,0.499185907501861,6.25507291184125,50.2525944910399
322.7,-50.8520984981403,-49.8112528703344,-47.5127947250823,2.29845814525213,-41.6878154918692,-47.9492143374004,-2.90288416073989,-1.86203853293405,0.436419612318083,6.26139884553119,50.2476724826525
322.8,-51.189151090056,-49.8888036176456,-50.1588640997535,-0.27006048210788,-44.2283756825991,-50.4836369646487,-0.705514125407277,0.594833347003082,0.324772864895202,6.25526128204962,50.2135764825408
322.9,-51.4149750687383,-49.9795489526512,-49.9094300336457,0.0701189190055018,-43.8538770142621,-50.1209806893347,-1.29399437940363,0.141431736683472,0.211550655688974,6.26710367507258,50.1910996083402
323,-51.5364102927082,-50.075432821635,-49.117748417164,0.957684404470953,-42.9373296113529,-49.2037519997369,-2.33265829297134,-0.871680821898067,0.0860035825728858,6.26642238838398,50.1614364042079
323.1,-51.5058580509848,-50.168650723267,-51.9117965016338,-1.74314577836681,-45.4768123811917,-51.7445451301327,0.23868707914783,1.5758944068657,-0.167251371501109,6.26773274894092,50.0013993517659
323.186917640457,-51.3168116099309,-50.2380136296549,-51.5727545604714,-1.33474093081649,-45.0685444848018,-51.3337580584486,0.0169464485176931,1.09574442879364,-0.238996502022857,6.2652135736468,49.9990171276321
323.2,-51.2829872017668,-50.2471148219936,-48.9240739641678,1.32304085782575,-42.4111295349511,-48.6759639363518,-2.60702326541492,-1.57115088564173,-0.248110027815976,6.2648344014008,49.9990047941776
323.228380973797,-51.2085969932021,-50.2655792407781,-50.2443523168042,0.0212269239738418,-43.7482085642574,-50.0121987868367,-1.19639820636534,-0.253380453941318,-0.232153529967476,6.26399022257938,50.0334257108106
323.263864993264,-51.1168405739186,-50.2862843247726,-50.0048277406962,0.281456584076338,-43.4918271077749,-49.7547618747541,-1.36207869916456,-0.531522450018478,-0.25006586594214,6.26293476697916,50.0362184588304
323.3,-51.0163584529116,-50.3046209783079,-50.4233702177559,-0.118749239447951,-43.9068261040241,-50.1686860520905,-0.847672400821111,-0.135934926217381,-0.254684165665331,6.26185994806644,50.0499368126426
323.338497833123,-50.9013732563504,-50.3210217907309,-49.4526367764735,0.868385014257377,-42.892007767686,-49.1548953577252,-1.74647789862519,-1.16612643300569,-0.297741418748309,6.26288759003924,50.0232803719826
323.4,-50.6964556436529,-50.3399944150492,-50.1627280444281,0.177266370621098,-43.5775675181112,-49.8420968163448,-0.854358827308104,-0.497897598704455,-0.320631228083357,6.26452929823355,50.0193631869659
323.475774332827,-50.4379193412898,-50.3509024500461,-50.5938403616734,-0.242937911627251,-44.0404084078695,-50.3161444464309,-0.121774894858952,-0.0347580036152522,-0.277695915242504,6.27573603856137,50.0732065348036
323.5,-50.3591156087518,-50.3516571224351,-50.6035509756278,-0.251893853192705,-44.044724961693,-50.3240438857929,-0.0350717229589392,-0.0276132366422672,-0.279507089834972,6.27931892409983,50.0721500326002
323.536924932213,-50.237651761262,-50.3503762613692,-49.3006899917521,1.04968626961706,-42.7360189221698,-49.017247806804,-1.22040395445804,-1.33312845456518,-0.283442184948129,6.28122888463415,50.066934076421
323.589084675163,-50.0664134501538,-50.3436229622515,-50.9875486491686,-0.643925686917079,-44.4533063163267,-50.7372331896786,0.670819739524752,0.393610227427104,-0.250315459489975,6.28392687335188,50.0933075027615
323.6,-50.0325858407429,-50.3415180953332,-50.1559876602395,0.185530435093675,-43.6207052056883,-49.9051966796611,-0.127389161081773,-0.43632141567209,-0.250790980578415,6.28449147397287,50.0907271147548
323.626386528537,-49.9532256911859,-50.3355001840838,-50.5740292473847,-0.238529063300916,-44.0878671331092,-50.3770927108661,0.423867019680195,0.0415925267822672,-0.196936536518649,6.28922557775688,50.1385636475652
323.65545581389,-49.8780449462762,-50.3275370383764,-51.1652329945857,-0.837695956209281,-44.697955133022,-50.992396137795,1.11435119151878,0.664859099418571,-0.17283685679071,6.29444100477296,50.1547001815857
323.69113455169,-49.7860931485496,-50.3160408682954,-50.4915372415911,-0.175496373295694,-44.0173379143166,-50.3181801721909,0.532087023641331,0.00213930389550399,-0.17335706940019,6.30084225787429,50.1426837988952
323.7,-49.7633756809021,-50.3128925512634,-50.1783149940936,0.134577557169798,-43.706950756416,-50.0093835968609,0.24600791595887,-0.303508954402517,-0.168931397232718,6.30243284044492,50.1439611540307
323.71415967242,-49.727526635029,-50.3076302896187,-49.4675552467103,0.840075042908424,-42.9999448742155,-49.3025864296593,-0.424940205369772,-1.00504385995946,-0.16496881705104,6.30264155544377,50.1426614725677
323.737723982647,-49.6706077016761,-50.2982564030521,-50.9582621264018,-0.660005723349649,-44.5288101860604,-50.8317990818124,1.16119138013629,0.53354267876022,-0.126463044589428,6.30298889575194,50.1717933584627
323.765199895019,-49.6136416336328,-50.2864933527265,-51.0232190702636,-0.736725717537098,-44.6073054311041,-50.9106993245742,1.29705769094143,0.624205971847751,-0.112519745689347,6.30339389347006,50.1739736070371
323.8,-49.5460252851455,-50.2704792101042,-49.4287881723298,0.841691037774446,-43.0361756336934,-49.3400824842189,-0.205942800926621,-0.930396725885295,-0.0887056881108492,6.30390685052555,50.1817735219934
323.9,-49.4009333042948,-50.2193027345794,-50.0847291081579,0.134573626421485,-43.7557839822338,-50.0493795358852,0.648446231590356,-0.169923198694221,-0.0353495722727359,6.29359555365135,50.1839531623067
324,-49.3225722801199,-50.1642631264413,-48.4895492121749,1.67471391426641,-42.2204715000372,-48.5285558662771,-0.794016413842826,-1.63570726016425,0.0390066541021596,6.30808436623992,50.2032697805435
324.1,-49.2938295627595,-50.1093519937957,-48.9520321310091,1.15731986278654,-42.7397446734137,-49.0502710408489,-0.243558521910636,-1.05908095294678,0.0982389098397576,6.31052636743519,50.2075909036354
324.2,-49.289521886723,-50.0574161642773,-48.885807301413,1.17160886286421,-42.641736318081,-48.9526897033644,-0.336832183358659,-1.10472646091289,0.0668824019513252,6.31095338528338,50.1242985662286
324.3,-49.2656678657282,-50.0078564910173,-51.4650814592499,-1.45722496823253,-45.1936029812643,-51.5121190759843,2.24645121025613,1.50426258496699,0.0470376167344568,6.31851609472007,50.0548941077518
324.4,-49.2196994098569,-49.9593125611938,-50.9470806944655,-0.987768133271643,-44.6477595821293,-50.9630472501788,1.74334784032195,1.00373468898497,0.0159665557133266,6.31528766804951,49.9752791169072
324.5,-49.1978695453048,-49.9111455468455,-49.3404017978137,0.570743749031855,-43.1169634669365,-49.4280751768142,0.230205631509406,-0.483070370031285,0.0876733790005702,6.31111170987775,49.9988189258461
324.6,-49.2124808529852,-49.8659918076744,-49.9858329003941,-0.11984109271971,-43.8164948394119,-50.140851225137,0.928370372151797,0.274859417462658,0.155018324742947,6.32435638572509,50.0210101324173
324.7,-49.3105119790937,-49.827001184462,-47.654074667447,2.17292651701498,-41.5825378837996,-47.8986341720332,-1.41187780706056,-1.92836701242879,0.244559504586192,6.31609628823362,50.0715606890481
324.8,-49.4999664357173,-49.7996407956753,-48.8405723566588,0.959068439016541,-42.8590020071828,-49.1673404121796,-0.332626023537685,-0.632300383495732,0.326768055520809,6.30833840499682,50.1264088511961
324.9,-49.7722944352127,-49.7890498608605,-49.8625981911714,-0.0735483303108921,-43.9354903397489,-50.2430069230524,0.470712487839698,0.453957062191861,0.380408731880969,6.30751658330347,50.1694585927415
325,-50.1077701976671,-49.7987202072794,-49.371267256736,0.427452950543412,-43.4282943535872,-49.739099832996,-0.368670364671125,-0.059620374283412,0.36783257626,6.31080547940871,50.1665527835394
325.1,-50.4044521353251,-49.828065845967,-50.0343095156816,-0.206243669714596,-44.0693280773516,-50.3948274893377,-0.00962464598743651,0.566761643370626,0.36051797365603,6.32549941198605,50.1885838196231
325.2,-50.6825652672136,-49.8743861533077,-49.552091649931,0.32229450337676,-43.4504831378673,-49.7968960446335,-0.885669222580113,-0.0774901086742545,0.244804394702506,6.34641290676613,50.1191905480102
325.3,-50.826578979202,-49.9309254538232,-50.632421017556,-0.701495563732813,-44.4414652851178,-50.7911186534382,-0.0354603257638217,0.860193199615004,0.158697635882191,6.34965336832037,50.0896230897054
325.4,-50.9255712532087,-49.9914103124033,-50.4198501914716,-0.428439879068229,-44.1689029135326,-50.5165876342185,-0.408983618990199,0.525177321815207,0.0967374427469778,6.34768472068598,50.0881477551503
325.5,-50.9922135278443,-50.053068998881,-51.140190106424,-1.08712110754297,-44.8795967942672,-51.2263609775397,0.234147449695378,1.17329197865868,0.0861708711157121,6.3467641832725,50.1392398699967
325.6,-51.0107708637889,-50.1139082012012,-49.3817125630989,0.732195638102304,-43.0134990026218,-49.362013764562,-1.64875709922692,-0.75189443663924,-0.0196987985369361,6.34851476194019,50.0942094026643
325.7,-50.916846149164,-50.1685205784032,-49.1245024498927,1.04401812851047,-42.6501240388118,-48.971341531607,-1.94550461755701,-1.19717904679624,-0.153160918285771,6.32121749279518,50.0153596601174
325.8,-50.7275556975861,-50.2105577716616,-50.1471371336565,0.0634206380050983,-43.6031632722327,-49.9370509092818,-0.79050478830429,-0.273506862379826,-0.210086224374727,6.33388763704907,50.0004715472869
325.9,-50.4971845198061,-50.2363278463796,-49.3589442834417,0.877383562937915,-42.7999583479382,-49.1210858699347,-1.37609864987132,-1.11524197644487,-0.237858413506956,6.32112752199656,49.9984694328727
326,-50.2421976111737,-50.2450441491749,-50.817487022323,-0.572442873148177,-44.2100551084468,-50.5295490884901,0.287351477316442,0.284504939315269,-0.287937933832907,6.31949398004329,49.9571062153419
326.1,-49.9220416503523,-50.2350526392178,-47.9515700103092,2.28348262890862,-41.2694911104769,-47.5865774836292,-2.33546416672304,-2.64847515558862,-0.364992526680005,6.31708637315235,49.8700601125378
326.2,-49.5319417838738,-50.2027840436694,-51.403633365708,-1.2008493220386,-44.6674371160968,-50.9872135888233,1.45527180494955,0.784429545153934,-0.416419776884666,6.31977647272647,49.7863642667847
326.3,-49.1597343277097,-50.1474666506577,-50.8825734599004,-0.735106809242701,-44.2861684081197,-50.6114122901989,1.45167796248913,0.463945639541208,-0.271161169701493,6.32524388207919,49.8763054809562
326.4,-48.8933705194414,-50.0754878723418,-50.0981133841632,-0.022625511821424,-43.6346885841458,-49.9670331259681,1.07366260652669,-0.108454746373688,-0.131080258195112,6.33234454182229,49.9444076141467
326.489698543187,-48.7815482230573,-50.0040651357961,-49.9153143283468,0.0887508074492303,-43.5587778742788,-49.8792405035856,1.09769228052823,-0.124824632210483,-0.0360738247612531,6.32046262930677,49.9679913110348
326.5,-48.7730145658119,-49.9957783884577,-50.5335445659795,-0.537766177521789,-44.1777063522285,-50.4968043996336,1.72378983382165,0.50102601117586,-0.036740166345929,6.31909804740508,49.9590382221118
326.517035190085,-48.7594212654489,-49.9820742283902,-51.529145961505,-1.54707173311483,-45.1704215026595,-51.4878101492196,2.72838888377076,1.50573592082944,-0.0413358122853893,6.31738864656017,49.9407384161048
326.538675269157,-48.7426292354272,-49.964665376725,-50.575070390591,-0.610405013866,-44.2367678691142,-50.5519850359747,1.80935580054751,0.587319659249722,-0.0230853546162777,6.31521716686057,49.9415800221087
326.6,-48.7277998676821,-49.915851639022,-51.371536088966,-1.45568444994402,-45.1309389594624,-51.4400024793022,2.71220261162013,1.52415084028021,0.0684663903361979,6.30906351983978,49.9843180293582
326.668774091426,-48.7609848819145,-49.8639755902478,-50.5361745098405,-0.672198919592724,-44.3277840851667,-50.6268449284945,1.86586004657998,0.762869338246674,0.09067041865395,6.29906084332781,49.9546460089018
326.7,-48.7802613845875,-49.8417426175224,-48.2051092504043,1.63663336711809,-41.9979100769923,-48.2924293457855,-0.487832038801997,-1.54931327173686,0.0873200953812301,6.29451926879325,49.9290627129036
326.756228397744,-48.8354874064468,-49.8040691667129,-50.2182323891985,-0.414163222485548,-44.0742121230694,-50.3688121868623,1.53332478041551,0.564743020149351,0.150579797663802,6.29460006379289,49.9546489643767
326.8,-48.8982688764578,-49.777421314663,-49.9731488131711,-0.195727498508077,-43.8769965986144,-50.1716595581455,1.27339068168769,0.394238243482519,0.198510744974442,6.29466295953117,49.9759320596375
326.856720858802,-49.0071095908407,-49.7471425688892,-50.1434537843108,-0.396311215421591,-44.0936027635273,-50.3838774978015,1.37676790696078,0.636734928912233,0.240423713490642,6.29027473427421,49.9875662823799
326.9,-49.1052507363309,-49.72773430091,-49.2040461681981,0.523688132711897,-43.1753382457551,-49.4622646770502,0.357013940719312,-0.265469623859843,0.258218508852053,6.28692643129506,49.9859528097621
326.960389429401,-49.2708117087872,-49.7066175540995,-48.5771061999941,1.12951135410536,-42.6086071235735,-48.9000349963539,-0.37077671243334,-0.806582557745607,0.322928796359754,6.2914278727804,50.0295463504592
327,-49.3954823147807,-49.696997452719,-50.8281563389856,-1.13115888626662,-44.8807467527887,-51.1751272063025,1.77964489152183,1.47812975358352,0.346970867316905,6.29438045351386,50.0439683200359
327.07948762593,-49.6819149452966,-49.6888062843507,-48.7605374408948,0.928268843455911,-42.8534583421291,-49.1390130385566,-0.542901906739978,-0.549793245794113,0.378475597661797,6.28555469642748,50.0672818820125
327.1,-49.7590037601769,-49.689234028117,-48.7165923363838,0.972641691733202,-42.7956928097547,-49.0789699538124,-0.680033806364527,-0.610264074304602,0.362377617428599,6.28327714405768,50.0516116455456
327.12795520082,-49.8603658056809,-49.6914334550657,-52.4687923024234,-2.77735884735764,-46.5360373659261,-52.8148381750321,2.95447236935118,3.12340471996634,0.346045872608698,6.27880080910599,50.0374793276744
327.164649641792,-49.9895899959119,-49.6970243982271,-49.6066665102271,0.0903578880000779,-43.6510040887894,-49.923929189482,-0.0656608064298894,0.226904791254896,0.317262679254974,6.27292510069263,50.0142870774821
327.2,-50.1068603349026,-49.7051231172071,-50.8554090819117,-1.15028596470456,-44.8620921816784,-51.1293567956151,1.0224964607125,1.42423367840803,0.273947713703471,6.26726461393667,49.9790708309106
327.243368445472,-50.2407007398654,-49.7183152797126,-48.7229573571783,0.995357922534374,-42.7320891408935,-49.0054964823435,-1.23520425752189,-0.71281879736916,0.282539125165215,6.27340734144994,50.0008544048779
327.3,-50.4119710646384,-49.7405656102283,-48.4238394833691,1.31672612685927,-42.4447769588492,-48.7262056209696,-1.68576544366871,-1.01435998925869,0.302366137600579,6.28142866212045,50.0429317478289
327.356192378546,-50.5952752597612,-49.7682649250903,-50.8202792743035,-1.05201434921316,-44.8412250333317,-51.120700727745,0.525425467983787,1.35243580265468,0.300421453441515,6.27947569441327,50.0686863785318
327.4,-50.7377995616225,-49.7938293413385,-48.7828679286186,1.01096141271992,-42.7733361314707,-49.0512892907601,-1.68651027086239,-0.742540050578455,0.26842136214146,6.27795315928941,50.06225070348
327.467769599621,-50.9409388222724,-49.839349841505,-47.9387082441265,1.90064159737845,-41.9790470232435,-48.2593387074899,-2.68160011478244,-1.58001113401505,0.320630463363401,6.28029168424641,50.1599803048684
327.5,-51.0566031643521,-49.8636713472963,-49.1785754787438,0.685095868552459,-43.2283149008064,-49.5097187591852,-1.54688440516688,-0.353952588111056,0.331143280441403,6.28140385837879,50.1948146277377
327.6,-51.3908873622423,-49.9508887154532,-48.9217665698046,1.02912214564852,-42.8524594946441,-49.1359832638221,-2.25490409842021,-0.81490545163107,0.214216694017452,6.283523769178,50.1651054094706
327.7,-51.5741601755883,-50.0494959673871,-51.668600641599,-1.61910467421186,-45.3914606927133,-51.6995465078847,0.125386332296422,1.65005054049762,0.0309458662857551,6.30808581517146,50.0804418336729
327.8,-51.5912161594494,-50.147718296685,-50.9221996253612,-0.774481328676245,-44.5390829018194,-50.8327981553959,-0.758418004053524,0.685079858710886,-0.0894014699653596,6.29371525357648,50.0583168267196
327.9,-51.5120855827123,-50.237657905227,-49.9076188024063,0.330039102820699,-43.4152833336766,-49.7059967206016,-1.80608886211068,-0.531661184625349,-0.201622081804651,6.29071338692503,50.0360358234223
328,-51.3195481145239,-50.3132788896582,-52.3149896740635,-2.00171078440528,-45.6895579174717,-51.9939153982388,0.674367283714922,1.68063650858064,-0.321074275824635,6.30435748076713,49.9922046138335
328.1,-51.0200890717457,-50.3679063049131,-49.2081010275181,1.15980527739502,-42.5686261459843,-48.8786769850648,-2.14141208668087,-1.48922931984823,-0.329424042453212,6.31005083908057,50.0384822624599
328.2,-50.7141282633491,-50.3994612226514,-49.4893832868814,0.910077935770012,-42.8757073435572,-49.1799454984653,-1.53418276488375,-1.21951572418605,-0.309437788416034,6.30423815490812,50.0900234342354
328.3,-50.4135909687249,-50.4095866013858,-50.1257932240745,0.283793377311341,-43.5823823114433,-49.8739525302107,-0.539638438514132,-0.535634071175075,-0.251840693863734,6.2915702187674,50.1577459075221
328.390282405252,-50.1863235231475,-50.4032362058541,-48.0789230705786,2.32431313527544,-41.5265390380735,-47.8036116897395,-2.38271183340798,-2.59962451611457,-0.275311380839135,6.27707265166599,50.1279248250149
328.4,-50.16245607603,-50.4017772509346,-50.5213126049495,-0.119535354014936,-43.9785101686598,-50.2540223669736,0.0915662909435611,-0.147754883961014,-0.267290237975949,6.2755121983138,50.1344870129587
328.416470946887,-50.1224955116127,-50.3989828168731,-50.6503253769479,-0.251342560074789,-44.1043027974233,-50.3813519176043,0.258856405991615,-0.0176308992688092,-0.268973459343599,6.27704912018093,50.1300093575295
328.453024523415,-50.0397086516653,-50.3913878128274,-47.9761036000955,2.41528421273186,-41.4756742301569,-47.7561342040958,-2.28357444756947,-2.63525360873157,-0.219969395999712,6.28045997393893,50.1714184168277
328.5,-49.9499012771096,-50.379250503494,-48.9410534209139,1.43819708258007,-42.4948910212254,-48.7797343276879,-1.17016694942178,-1.59951617580612,-0.161319093226055,6.28484330646247,50.2179314102679
328.554025941101,-49.8594160811948,-50.3626972772149,-53.1602105625004,-2.79751328528548,-46.6992000811062,-52.9904046585912,3.13098857739643,2.62770738137629,-0.169805903909186,6.29120457748499,50.1928913733057
328.6,-49.7790261691404,-50.3465144495598,-49.2360511794292,1.11046327013054,-42.7578062612087,-49.0544240428452,-0.724602126295252,-1.2920904067146,-0.181627136584062,6.29661778163651,50.1648873129757
328.653760069177,-49.6803092721747,-50.3250199422495,-50.9672479938528,-0.642228051603347,-44.5118026439577,-50.8152508276722,1.13494155549747,0.490230885422712,-0.151997166180635,6.30344818371445,50.1730227760688
328.7,-49.6046104159637,-50.3045164653224,-49.6000221756511,0.70449428967131,-43.1850880199897,-49.4944111462854,-0.110199269678368,-0.810105319037035,-0.105611029365726,6.30932312629565,50.1989054359567
328.756827742316,-49.5406810913944,-50.277589391241,-50.0536699112881,0.223919479952905,-43.6689207465771,-49.9788230574265,0.438141966032141,-0.298766333814513,-0.0748468538616081,6.30990231084944,50.2027425373794
328.8,-49.4947818196387,-50.2563076505851,-49.0596788370392,1.1966288135459,-42.6658587781273,-48.9762010977432,-0.518580721895475,-1.28010655284183,-0.0834777392959296,6.310342319616,50.1728299112891
328.854981716544,-49.4315236434828,-50.2280835414209,-50.8827014330561,-0.654617891635212,-44.5090659993911,-50.8188032966006,1.38727965311779,0.590719755179677,-0.0638981364555349,6.30973729720942,50.1641854049653
328.9,-49.3906338242398,-50.2042359738304,-50.314801399093,-0.1105654252626,-43.9304659676737,-50.2397078807462,0.849074056506396,0.0354719069158449,-0.0750935183467547,6.30924191307251,50.1291424554836
328.946381228385,-49.3446144939848,-50.1790720418046,-49.7973615617743,0.381710480030272,-43.4250757280096,-49.740127420669,0.395512926684191,-0.438944621135605,-0.057234141105333,6.31505169265941,50.1218379006993
329,-49.2945443003762,-50.1492067485486,-49.9044423734652,0.244764375083363,-43.5688482064141,-49.8906162637679,0.596071963391701,-0.258590484780733,-0.0138261096973693,6.32176805735375,50.1353806388512
329.1,-49.2530526597512,-50.0933560445866,-50.3438519003093,-0.250495855722697,-44.0131158054298,-50.3227743760714,1.06972171632026,0.229418331484808,-0.0210775242378887,6.30965857064162,50.0722785203487
329.2,-49.2264441275001,-50.0383943500765,-50.2086986892149,-0.170304339138355,-44.0080900260726,-50.3106452548084,1.08420112730828,0.272250904731884,0.101946565593529,6.30255522873581,50.14034091567
329.3,-49.3340442439552,-49.9896954351544,-49.1260495415899,0.863645893564467,-43.0094620588574,-49.3316002671679,-0.00244397678736874,-0.658095167986517,0.20555072557795,6.32213820831048,50.1952461607323
329.4,-49.5270783709352,-49.9535998768722,-49.6625742496145,0.291025627257689,-43.6719414786943,-50.0017150828816,0.474636711946395,0.048115206009399,0.339140833267088,6.32977360418732,50.2927407101393
329.486457278335,-49.7853481955861,-49.937065239356,-48.7878258637891,1.1492393755669,-42.8202438963811,-49.1552446205379,-0.630103575048203,-0.781820618818109,0.367418756748791,6.33500072415676,50.3044839961048
329.5,-49.8283849817565,-49.935909427799,-49.4989552227045,0.436954205094466,-43.5390762852096,-49.8748957886782,0.0465108069216953,-0.0610136391208442,0.375940565973622,6.33581950346858,50.3118499937726
329.527685682429,-49.9182464472177,-49.9347797630185,-48.9223786139639,1.01240114905467,-42.9638138077998,-49.3040534232565,-0.614193023961214,-0.630726339762049,0.381674809292626,6.34023961545668,50.3164545723112
329.588544918545,-50.1020420884939,-49.9378468123608,-50.3656650033369,-0.427818190976126,-44.3766450565805,-50.7266010530521,0.624558964558183,0.78875424069129,0.360936049715164,6.34995599647163,50.298782862076
329.6,-50.1371863228245,-49.9392117254281,-48.7193957824355,1.21981594299259,-42.7298347989971,-49.0816196376146,-1.05556668520985,-0.857592087813465,0.362223855179124,6.35178483861756,50.3014355806072
329.622376246905,-50.2054224292731,-49.9426078213264,-49.9499649149228,-0.00735709359637582,-43.9453437136165,-50.2972961718989,0.0918737426258076,0.354688350572481,0.347331256976105,6.35195245828234,50.2899390783025
329.7,-50.4485625727874,-49.9617567102101,-49.8965222991204,0.0652344110897616,-43.8693786382419,-50.2219125732808,-0.226649999506613,0.260155863070644,0.325390274160405,6.35253393503884,50.2871469843705
329.778235309736,-50.6573848572426,-49.9916985617126,-49.3484138579961,0.643284703716496,-43.2372602788871,-49.6057596723104,-1.05162518493225,-0.385938889402254,0.257345814314242,6.36849939342328,50.2490443760269
329.8,-50.7014226294837,-50.0014847259877,-48.914405074612,1.08707965137572,-42.7671845713584,-49.1401254792058,-1.56129715027784,-0.861359246781888,0.225720404593829,6.37294090784742,50.2272051305816
329.828161336727,-50.7494054738029,-50.0147874458874,-49.640776135893,0.374011309994437,-43.4575397305501,-49.8314093742758,-0.917996099527052,-0.183378071611571,0.190633238382865,6.37386964372571,50.2054206842703
329.864134767651,-50.7986163706026,-50.0325570384661,-48.3320315128483,1.70052552561777,-42.1388124091068,-48.5138684246404,-2.28474794596222,-1.51868861382572,0.181836911792054,6.37505601553359,50.2143939502582
329.9,-50.8434551292475,-50.0509747013349,-50.689008397818,-0.63803369648307,-44.4528198380969,-50.8290586571454,-0.0143964721020353,0.778083955810509,0.140050259327438,6.37623881904853,50.1910249606623
329.976890085111,-50.8886479984052,-50.0914788211145,-48.2929008598586,1.79857796125585,-41.973722221063,-48.3589200540151,-2.52972794439016,-1.73255876709941,0.0660191941564392,6.38519783295212,50.1574980152709
330,-50.8943788931333,-50.1035497672301,-49.524259374585,0.579290392645163,-43.2082490073871,-49.596139541856,-1.29823935127731,-0.50741022537418,0.071880167270983,6.38789053446882,50.1754299345011
330.03305402786,-50.9024192086804,-50.1206587084483,-46.8544361993103,3.266222509138,-40.5189599722057,-46.9084484949857,-3.99397071369468,-3.21221021346258,0.0540122956754274,6.38948852277999,50.1746710041237
330.1,-50.9001657971134,-50.154297072544,-50.0323518642546,0.121945208289453,-43.6964204211256,-50.0891454293776,-0.811020367735814,-0.065151643166466,0.0567935651229874,6.39272500825199,50.211090637667
330.16990246654,-50.9044123087921,-50.1879660301866,-48.6388061412079,1.54915988897867,-42.2857458451544,-48.6952173878818,-2.20919492091034,-1.4927486423048,0.0564112466738678,6.40947154272741,50.2443772768605
330.2,-50.9035486425337,-50.2020008761037,-51.2044553596382,-1.00245448353456,-44.8604127789284,-51.2770947879909,0.373546145457269,1.07509391188724,0.0726394283526801,6.41668200906248,50.2746403044564
330.241586105049,-50.9022686163517,-50.2209500831139,-52.8384402599625,-2.61749017684854,-46.453572005148,-52.8696314113322,1.96736279498053,2.6486813282183,0.0311911513697538,6.41605940618421,50.2521412344837
330.286001503225,-50.8886303944708,-50.2404007364617,-49.9633889863459,0.277011750115811,-43.5517834237857,-49.9671778685673,-0.921452525903476,-0.273222867894376,0.00378888222143559,6.41539444478158,50.2441896186831
330.3,-50.8817130354974,-50.2463111379868,-49.6980179862416,0.548293151745135,-43.2904836890508,-49.7056685565139,-1.17604447898351,-0.540642581472866,0.00765057027226845,6.41518486746308,50.253961708259
330.325744643606,-50.8684106287181,-50.2568780691085,-49.0626817470805,1.19419632202801,-42.6318522489071,-49.0445637341532,-1.82384689456491,-1.21231433495528,-0.0181180129272747,6.41271148524604,50.2387600561812
330.366825587932,-50.835212205703,-50.2727526583325,-49.654306156249,0.618446502083479,-43.2045694045658,-49.6133340930059,-1.22187811269706,-0.659418565326611,-0.0409720632431316,6.40876468844011,50.2317805950894
330.4,-50.804697242983,-50.2845736267435,-48.4703155982274,1.8142580285161,-42.0051327856245,-48.4107102867752,-2.39398695620773,-1.87386333996825,-0.0596053114521524,6.40557750115071,50.2249683152913
330.447638900995,-50.7390046011902,-50.2996838922163,-50.3879801650154,-0.0882962727990204,-43.8566897208743,-50.2563425664201,-0.482662034770065,-0.0433413257962272,-0.131637598595248,6.39965284554579,50.1680462936211
330.5,-50.646252386879,-50.3130251400053,-50.1542646281493,0.158760511855995,-43.5931234254232,-49.9862643348784,-0.659988052000543,-0.32676080512686,-0.168000293270865,6.39314090945527,50.1450248467344
330.560753746665,-50.5271626001842,-50.3237315744046,-50.7672095920078,-0.443478017603198,-44.2036884638542,-50.5987020290937,0.0715394289094817,0.274970454689083,-0.168507562914115,6.39501356523947,50.1552240114905
330.6,-50.4472897654937,-50.3278976022142,-51.5598930731571,-1.23199547094286,-45.0078084131623,-51.4040316934786,0.956741927984957,1.07613409126439,-0.15586137967847,6.39622328031631,50.1720362225358
330.641171214998,-50.3685099778544,-50.3300266380939,-49.8731169482322,0.456909689861625,-43.3286554344469,-49.7276104966992,-0.640899481155138,-0.602416141394635,-0.145506451533009,6.39895506225237,50.1845201865608
330.7,-50.2597460094589,-50.3294668461218,-50.901086850078,-0.571620003956177,-44.3277733147735,-50.7306317695344,0.470885760075468,0.401164923412558,-0.170455080543618,6.40285845476089,50.1590117655782
330.781929600026,-50.090234086758,-50.3213209703302,-49.4643633989397,0.85695757139051,-42.8930025116355,-49.2957948996286,-0.794439187129406,-1.02552607070162,-0.168568499311114,6.40279238799307,50.1527524710191
330.8,-50.0519152265697,-50.3183617389411,-52.278077591367,-1.95971585242592,-45.7143514155499,-52.1171292318507,2.06521400528098,1.79876749290959,-0.160948359516325,6.40277781630081,50.1574133794248
330.82846049932,-49.9933894783894,-50.3128806291982,-51.1115937684993,-0.798713139301107,-44.5352273412465,-50.9411699396944,0.94778046130498,0.628289310496235,-0.170423828804871,6.40594259844797,50.1424568003933
330.865599738234,-49.9143723363559,-50.3041993771289,-51.2842385395555,-0.980039162426671,-44.720395688268,-51.1304681369674,1.21609580061151,0.826268759838534,-0.153770402588137,6.41007244869938,50.1504289745407
330.9,-49.8443751638779,-50.2946694883543,-50.4078242390584,-0.113154750704055,-43.8745173330656,-50.2884150601999,0.444039896321989,-0.00625442815444188,-0.119409178858497,6.41389772713426,50.1752603094958
330.940684755135,-49.7717263245946,-50.2818172729697,-49.2866292434828,0.995188029486883,-42.7513905112242,-49.1642041010494,-0.607522223545118,-1.11761317192023,-0.12242514243335,6.41281358982521,50.1593921305363
331,-49.6653781367696,-50.2602567909009,-50.5355789430228,-0.275322152121902,-43.9982389286833,-50.4094719296678,0.744093792898184,0.149215138766905,-0.126107013354996,6.4112330009845,50.1341497775459
331.078983923212,-49.5246668446811,-50.2264823332829,-50.4115799216915,-0.185097588408624,-43.8952662159615,-50.30061350578,0.775946661098956,0.0741311724971041,-0.11096641591152,6.40534728981849,50.1155159173714
331.1,-49.4907372541379,-50.2166076641619,-47.7879975830529,2.42861008110903,-41.2896101584907,-47.6933913757113,-1.79734587842663,-2.52321628845064,-0.094606207341613,6.40378121722058,50.1220014568203
331.136953914574,-49.4376903037579,-50.1985181139868,-49.339467354178,0.859050759808703,-42.8570760471687,-49.2620203332526,-0.175669970505247,-0.936497780734115,-0.0774470209254119,6.40494428608391,50.1210710930613
331.189998603725,-49.378216354404,-50.1712703230786,-48.5080545125091,1.66321581056945,-42.1189904208206,-48.5256042086888,-0.852612145715185,-1.6456661143898,0.0175496961796426,6.4066137878682,50.1888200192582
331.2,-49.3738681257136,-50.1660544576267,-52.1222926891424,-1.95623823151573,-45.7390373669518,-52.1459659337205,2.77209780800693,1.97991147609381,0.0236732445780845,6.40692856676867,50.1897277022048
331.220066275928,-49.3672854855082,-50.1556193317309,-49.8686517852914,0.286967546439506,-43.4954433939191,-49.9020256543699,0.534740168861696,-0.253593677361017,0.0333738690784884,6.40658226045083,50.1889932008094
331.255589218097,-49.3550657969846,-50.1372854896955,-49.0414477391586,1.0958377505369,-42.6388292779647,-49.0447984790046,-0.310267317979999,-1.09248701069095,0.00335073984594914,6.40596920103984,50.1406362295415
331.3,-49.3332968743561,-50.1144362659738,-49.91167920573,0.202757060243812,-43.5242987485571,-49.9295015027281,0.596204628372064,-0.184934763245664,0.0178222969981476,6.40520275417107,50.1322585629719
331.358817012081,-49.3168165274237,-50.084398646864,-50.9028543603153,-0.818455713451279,-44.5596346288389,-50.9649429845792,1.6481264571555,0.880544337715179,0.0620886242639003,6.40530835574031,50.1464872711279
331.4,-49.3163921435071,-50.0638873926922,-51.0142421810845,-0.950354788392303,-44.6612240695969,-51.0666063663281,1.75021422282093,1.0027189736359,0.0523641852435972,6.40538229673112,50.1162515779357
331.464756939656,-49.3275326102111,-50.0327891762625,-50.8922368785086,-0.859447702246115,-44.6004308440339,-51.0024473501068,1.67491473989572,0.969658173844309,0.110210471598194,6.40201650607296,50.1429996478607
331.5,-49.3503366921589,-50.0168709860965,-49.1167951246882,0.90007586140829,-42.8482719268022,-49.2484566482988,-0.101880043860021,-0.768414337797651,0.131661523610639,6.40018472149667,50.1485325097071
331.561534454078,-49.3955280425042,-49.9912781629573,-50.2215097371355,-0.230231574178212,-43.9779056123168,-50.384410910845,0.988882868340752,0.393132747887698,0.162901173709486,6.40650529852818,50.1541793366667
331.6,-49.4263354194878,-49.9768333424057,-48.7677926137893,1.20904072861634,-42.4544994208278,-48.8649557489005,-0.561379670587307,-1.11187759350521,0.0971631351111313,6.41045632807263,50.0739964775168
331.651579289171,-49.4487360604924,-49.9588497532671,-50.4549466634208,-0.496096910153675,-44.1240677373544,-50.5350490577997,1.08631299730729,0.576199304532608,0.0801023943789332,6.41098132044536,50.038952147646
331.7,-49.4704019800193,-49.9431528969117,-48.4592467184404,1.48390617847132,-42.1706087882597,-48.5820829519426,-0.888319028076729,-1.36106994496912,0.122836233502198,6.41147416368293,50.0659891304139
331.753531564011,-49.5117404345106,-49.9274867202184,-47.7264473332279,2.20103938699052,-41.4494784457964,-47.8624860654155,-1.64925436909513,-2.06500065480293,0.136038732187586,6.41300761961909,50.063525452406
331.8,-49.5588392366984,-49.9156381986055,-50.7384190486532,-0.822780850047671,-44.4890211082062,-50.9033598546162,1.34452061791779,0.987721656010663,0.164940805962992,6.41433874640997,50.0805790045685
331.888437165169,-49.6891311905134,-49.8989269494884,-49.5355668412969,0.363360108191493,-43.3205902908963,-49.7189923959773,0.0298612054638454,-0.179934553511089,0.183425554680404,6.39840210508099,50.0823525041688
331.9,-49.7064902535718,-49.8974033094445,-50.494591362712,-0.597188053267502,-44.2736994735007,-50.6700179212064,0.963527667634679,0.772614611761931,0.175426558494429,6.39631844770571,50.0728298679389
331.94903644751,-49.7862574906319,-49.8925664412964,-50.5335442826244,-0.640977841328002,-44.3356444962468,-50.7242323858856,0.937974895253788,0.831665944589204,0.190688103261202,6.3885878896389,50.0832545445576
332,-49.8707086179475,-49.8905213717296,-50.6779015786633,-0.787380206933712,-44.4408383428373,-50.8213918677979,0.950683249850471,0.930870496068316,0.143490289134604,6.38055352496066,50.0340116608642
332.076312773832,-49.9694995172918,-49.8919805282749,-49.8367757409887,0.0552047872862644,-43.6109807101181,-50.0024499882749,0.0329504709831525,0.110469459999983,0.165674247286248,6.3914692781568,50.0576547755612
332.1,-50.0073958876676,-49.8934655974684,-47.8985196353952,1.99494596207322,-41.691783043312,-48.0866405342381,-1.92075535342953,-1.80682506323034,0.188120898842875,6.39485749092604,50.0815864963113
332.154977581365,-50.0969301797695,-49.8990835081652,-48.9318081821664,0.967275325998777,-42.726211458099,-49.1256253991336,-0.971304780635904,-0.773458109031615,0.193817216967162,6.39941394103461,50.0929007251324
332.2,-50.1695925485266,-49.9059545472721,-51.0890601699617,-1.18310562268962,-44.8456004875073,-51.2487458113926,1.07915326286599,1.34279126412054,0.159685641430912,6.40314532388532,50.065640188703
332.251670167619,-50.2392034882315,-49.9159622821336,-48.0553394566795,1.8606228254541,-41.791177634802,-48.196724683747,-2.04247880448449,-1.7192375983866,0.141385227067502,6.40554704894495,50.0573475092011
332.3,-50.2997145727624,-49.9270775336086,-51.4459043281822,-1.5188267945736,-45.1382617821637,-51.5460552912017,1.2463407184393,1.61897775759306,0.100150963019459,6.40779350903804,50.0272284966281
332.354806304167,-50.3450142954012,-49.9411069591481,-49.9321200798916,0.0089868792564971,-43.6119499522534,-50.0203288785249,-0.324685416876278,0.0792219193768346,0.0882087986333318,6.40837892627149,50.0293157577814
332.4,-50.3747202702569,-49.9533882171912,-50.8939233240212,-0.940535106830005,-44.5609325029378,-50.9697941687186,0.595073898461735,1.01640595152749,0.0758708446974836,6.40886166578085,50.0292590618886
332.462214931059,-50.4107964784221,-49.9710411042764,-51.3618790475749,-1.39083794329854,-45.0136038440147,-51.4159539517899,1.00515747336784,1.44491284751351,0.0540749042149784,6.40235010777516,50.0251160084914
332.5,-50.4223317150034,-49.9820214223168,-48.6097208447987,1.37230057751808,-42.2139473161268,-48.6123427515433,-1.80998896346016,-1.36967867077355,0.00262190674452967,6.39839543541647,49.9846433290613
332.562085502695,-50.4210764470638,-49.9996460323161,-50.6980887795567,-0.698442747240641,-44.2846012372066,-50.688754814082,0.267678367018192,0.689108781765931,-0.00933396547470977,6.40415357687537,49.9903120668414
332.6,-50.4126656169852,-50.0099370373119,-50.8486023976831,-0.838665360371273,-44.4194232984359,-50.8270932685005,0.414427651515268,0.817156231188591,-0.0215091291826823,6.40766997006456,49.9884279081292
332.671129068115,-50.4013711620747,-50.0280495817984,-50.2141074084572,-0.186057826658789,-43.7865496983614,-50.1921988992477,-0.209172262826947,0.164149317449279,-0.0219085092095099,6.4056492008863,50.0061410725889
332.7,-50.3923412529462,-50.0349916755991,-50.5976261129251,-0.562634437326054,-44.1605290496776,-50.5653580304929,0.173016777546707,0.530366354893808,-0.0322680824322461,6.40482898081526,50.0027235931668
332.746032797014,-50.3735135995936,-50.0453780516406,-48.7166575436885,1.32872050795208,-42.2765721359272,-48.6873832318493,-1.68613036774432,-1.35799481979125,-0.029274311839167,6.41081109592211,50.0161037398014
332.8,-50.3511638542942,-50.0564415572894,-50.2000037133383,-0.143562156048816,-43.751620244089,-50.1694445575692,-0.181719296724992,0.11300300027974,-0.0305591557690761,6.41782431348015,50.0258824015204
332.9,-50.3075473018107,-50.073822934948,-48.7923709257295,1.28145200921842,-42.3435145588034,-48.7706948005945,-1.53685250121615,-1.30312813435346,-0.0216761251350377,6.42718024179112,50.0521468098129
333,-50.2546851487312,-50.0870868205215,-50.7131276565257,-0.626040836004194,-44.2525011589364,-50.6808086073764,0.426123458645193,0.593721786854886,-0.0323190491493079,6.42830744844,50.0547677713722
333.1,-50.2278757167519,-50.0966501713294,-48.5629912668876,1.53365890444177,-42.1333511517938,-48.5746991781531,-1.65317653859879,-1.52195099317628,0.0117079112654892,6.44134802635934,50.1083580825949
333.2,-50.2008078840494,-50.1040702625084,-49.2348514797724,0.869218782735913,-42.7840346518483,-49.2271816467158,-0.973626237333598,-0.87688861579251,-0.00766983305659608,6.44314699486755,50.0964004294518
333.3,-50.1422590378196,-50.1087441071412,-50.2380831047069,-0.129338997565718,-43.7116656334191,-50.1475183453092,0.00525930748956682,0.0387742381679743,-0.0905647593977434,6.43585271189013,50.0181793477435
333.4,-50.0298714674701,-50.1070059259781,-48.7727909343429,1.33421499163521,-42.3006379926291,-48.737458306021,-1.29241316144905,-1.3695476199571,-0.0353326283218891,6.43682031339196,50.0716732976562
333.5,-49.9825921302068,-50.10018568533,-50.3081173607862,-0.20793167545623,-43.8836249241245,-50.3208706840185,0.338278553811627,0.220684998688498,0.0127533232322676,6.43724575989393,50.1129390085622
333.6,-49.9616003733505,-50.0920667508009,-50.5828159834517,-0.490749232650842,-44.1471608409123,-50.5987274736088,0.637127100258262,0.506660722807887,0.0159114901570447,6.45156663269642,50.1079782409579
333.7,-49.9645852332666,-50.0836661847486,-49.1576510499148,0.926015134833776,-42.7498449400379,-49.2188011848388,-0.745784048427801,-0.864864999909798,0.0611501349239774,6.46895624480088,50.1448163196726
333.8,-49.9517303896757,-50.0760168133819,-51.6843203010007,-1.60830348761874,-45.1884811584578,-51.660077615102,1.70834722542633,1.58406080172011,-0.0242426858986349,6.47159645664426,50.0517741274833
333.9,-49.8929934468003,-50.0661028120019,-49.7043859210209,0.361716890981043,-43.2129937288637,-49.6829956553374,-0.20999779146296,-0.383107156664515,-0.0213902656834719,6.47000192647371,50.0447125463184
334,-49.8401382587686,-50.052993481267,-50.1118694502678,-0.0588759690008303,-43.6881677932931,-50.1558664583953,0.315728199626733,0.102872977128278,0.0439970081274481,6.46769866510219,50.0969904893945
334.1,-49.8152607009692,-50.0388545937298,-50.3031895666292,-0.264334972899412,-43.8528431606238,-50.3256285620412,0.510367861072041,0.286773968311373,0.0224389954119601,6.47278540141742,50.0612935891418
334.2,-49.7946039923215,-50.0238136354156,-51.1007453213459,-1.07693168593033,-44.6739886299678,-51.1666844791578,1.37208048683635,1.14287084374224,0.0659391578119042,6.49269584919008,50.0897527932275
334.3,-49.8072534034567,-50.0094403069741,-50.3633901757483,-0.353949868774173,-43.9930514282104,-50.4791219263629,0.671868522906273,0.469681619388808,0.115731750614636,6.48607049815259,50.1251720575888
334.4,-49.8475634675765,-49.9981302809314,-50.1230207920014,-0.124890511070021,-43.7136469048031,-50.2119639185307,0.364400450954236,0.213833637599322,0.0889431265293013,6.49831701372768,50.0870734074607
334.5,-49.8765458126153,-49.9893515934758,-49.4961904614393,0.493161132036498,-43.0989895521659,-49.5999833503391,-0.276562462276154,-0.389368243136687,0.103792888899811,6.5009937981732,50.0931444823756
334.6,-49.9088800510368,-49.9831904597335,-47.8401610144698,2.14302944526366,-41.440247111818,-47.9586965606904,-1.95018349034641,-2.02449389904313,0.118535546220528,6.51844944887236,50.101726005954
334.7,-49.9081682812699,-49.9788952304734,-50.0920361687211,-0.113140938247639,-43.5853117625096,-50.1093479577123,0.201179676442415,0.130452727238826,0.0173117889911865,6.52403619520263,49.9962070194646
334.8,-49.8398407379603,-49.972242404128,-49.7464698685776,0.225772535550398,-43.2211929879896,-49.7540040152987,-0.0858367226615968,-0.218238388829249,0.00753414672114872,6.53281102730909,49.9797765508491
334.9,-49.8033160382059,-49.961920698504,-49.7485056937598,0.213415004744128,-43.3483966937446,-49.8964803821688,0.0931643439628829,-0.0654403163351418,0.147974688408986,6.54808368842424,50.109895386913
335,-49.8706002423627,-49.9537897446199,-50.29362543183,-0.339835687210098,-43.9396262852577,-50.4805911798679,0.60999093750516,0.52680143524794,0.186965748037842,6.54096489461017,50.1407554926578
335.1,-50.0036853391757,-49.9524147653937,-48.3188094550101,1.63360531038364,-42.0183490939766,-48.5547646174131,-1.44892072176255,-1.39765014798059,0.235955162403052,6.53641552343647,50.1883699277968
335.2,-50.1031547855913,-49.9595319545109,-50.2913315635802,-0.331799609069336,-43.8603780823505,-50.3984333745257,0.295278588934444,0.43890142001483,0.107101810945494,6.53805529217519,50.0666337654564
335.3,-50.1391327398672,-49.9702338616822,-50.3190954341312,-0.348861572449039,-43.790470624265,-50.3346683103019,0.19553557043475,0.364434448619697,0.0155728761706584,6.54419768603695,49.9858067378529
335.4,-50.1127850765802,-49.9799476444373,-50.9364276348594,-0.956479990422032,-44.4218653792076,-50.9758767932437,0.863091716663575,0.995929148806418,0.0394491583843859,6.55401141403612,50.0193968028217
335.5,-50.0969381949412,-49.9877238440604,-49.9418447308873,0.0458791131731218,-43.4512879056614,-50.0023943253407,-0.0945438696004501,0.0146704812803122,0.060549594453434,6.55110641967934,50.0482734385138
335.6,-50.0608448057375,-49.9942125686773,-50.3674999503199,-0.373287381642591,-43.7175079661641,-50.2704790920556,0.209634286318085,0.276266523378297,-0.097020858264294,6.55297112589144,49.897191710413
335.684389816392,-49.9272957515068,-49.9942578139456,-48.9550470114126,1.03921080253299,-42.2837769984453,-48.8472023073899,-1.0800934441169,-1.14705550655574,-0.107844704022746,6.56342530894456,49.8864131099229
335.7,-49.8999311611266,-49.9934357535471,-50.8981968201358,-0.904761066588733,-44.2054989273886,-50.7708580208098,0.870926859683237,0.77742226726275,-0.127338799325983,6.5653590934212,49.8660969542211
335.719684834484,-49.8616670905409,-49.9919881670373,-49.458072668873,0.533915498164298,-42.7594352406737,-49.3243686662703,-0.537298424270581,-0.667619500766968,-0.13370400260267,6.56493342559664,49.8582841644346
335.749150073889,-49.8035828951276,-49.9889265348837,-50.1222864963894,-0.133359961505718,-43.424523185317,-49.9888194501406,0.185236555013006,-0.000107084743071084,-0.133467046248789,6.56429626482356,49.8554594886349
335.8,-49.7049573796666,-49.9811584921301,-50.1566191044323,-0.175460612302196,-43.493076942315,-50.0562736206805,0.351316241013897,0.0751151285504719,-0.100345483751724,6.56319667836554,49.8808130083783
335.859350811513,-49.6242562767798,-49.9689011551405,-50.1716818117359,-0.202780656595451,-43.576799233716,-50.1438947234367,0.519638446656856,0.174993568296181,-0.0277870882992701,6.56709548972066,49.9411140668412
335.9,-49.5875467969138,-49.9593114061666,-49.982763187113,-0.0234517809464165,-43.3961722725181,-49.9659380461593,0.378391249245539,0.00662663999268887,-0.0168251409537277,6.56976577364115,49.9424862652129
335.961317783818,-49.5426327354816,-49.9436314562447,-49.9443741107205,-0.000742654475857307,-43.4038774031164,-49.975652476553,0.433019741071433,0.0320210203083491,0.0312783658324918,6.57177507343663,49.9749098220772
336,-49.5348527218221,-49.9334023254565,-48.8250057340474,1.10839659140909,-42.359446450349,-48.9324890870312,-0.602363634790883,-1.00091323842529,0.107483352983799,6.57304263668214,50.0408856784403
336.039780371931,-49.5479128714873,-49.9232562563965,-49.6620513383427,0.261204918053799,-43.2155430424071,-49.7889654239656,0.24105255247828,-0.134290832430914,0.126914085622886,6.57342238155849,50.0501703420194
336.1,-49.5724387454454,-49.9092204272735,-50.9258721681762,-1.01665174090274,-44.4417354460388,-51.0157326863556,1.44329394091019,1.10651225908217,0.0898605181794352,6.57399724031684,49.9990809454529
336.174458935659,-49.5838911011817,-49.8934720526455,-50.1083136264732,-0.214841573827698,-43.5923667714664,-50.1719417732363,0.588050672054642,0.27846972059077,0.0636281467630724,6.57957500176992,49.9571001994086
336.2,-49.579391942093,-49.8882781046644,-50.7460505824722,-0.857772477807742,-44.2280404192294,-50.8095287167361,1.23013677464309,0.921250612071638,0.0634781342638959,6.58148829750662,49.9517562389283
336.236867109484,-49.5783684249679,-49.8808583152038,-50.5833173100516,-0.702458994847774,-44.0658665471389,-50.6513108026156,1.07294237764772,0.770452487411788,0.067993492564014,6.58544425547671,49.9488518077678
336.283302090287,-49.5731384662177,-49.8716880127209,-51.1797473676036,-1.30805935488271,-44.650302790947,-51.2407296673825,1.66759120116477,1.36904165466154,0.0609822997788356,6.59042687643542,49.9326703124998
336.3,-49.5708222786144,-49.8684108405014,-49.7656907260687,0.102720114432756,-43.2478431665886,-49.8400617817835,0.269239503169118,-0.0283490587179003,0.074371055714856,6.59221861519492,49.9427818962163
336.344873828095,-49.5660035833646,-49.8596952673556,-51.2160828151949,-1.35638754783931,-44.6860020044829,-51.2796590528442,1.71365546947963,1.41996378548862,0.0635762376493076,6.59365704836137,49.9232715050049
336.4,-49.5641523614967,-49.8491039862266,-49.2017615109747,0.647342475251911,-42.7357016488063,-49.3311257698106,-0.233026591686091,-0.517978216416047,0.129364258835864,6.59542412100429,49.9784682450625
336.461080513279,-49.5964755230633,-49.8384627961917,-50.7322563291587,-0.893793532966981,-44.2905849981699,-50.8915562328148,1.29508070975149,1.05309343662312,0.159299903656141,6.60097123464497,49.9977626998479
336.5,-49.6249821058099,-49.8327231549881,-48.3119217996903,1.52080135529786,-41.8467574149399,-48.4512631780963,-1.17371892771357,-1.38145997689182,0.139341378406044,6.60450576315637,49.9720645333942
336.550915513057,-49.6548843581766,-49.8263552059336,-50.0489818689871,-0.222626663053553,-43.5851250392048,-50.1951197795782,0.540235421401611,0.36876457364464,0.146137910591086,6.60999474037336,49.9724931165246
336.6,-49.6929009332915,-49.821453127799,-50.271483510434,-0.450030382634949,-43.8471194923548,-50.4624058150842,0.76950488179272,0.640952687285207,0.190922304650258,6.61528632272944,50.0123754324493
336.7,-49.8245250597384,-49.8170397312225,-49.0913553176345,0.725684413587928,-42.7466092311284,-49.3469670458318,-0.477558013906574,-0.470072685390662,0.255611728197266,6.60035781470344,50.0726514594197
336.8,-50.0006504519973,-49.823141110167,-50.6172907144721,-0.794149604305098,-44.2874239244107,-50.88864696304,0.887996511042644,1.06550585287302,0.271356248567919,6.60122303862924,50.0944973587349
336.9,-50.2034080349667,-49.8412144110922,-50.0610325326538,-0.219818121561588,-43.6969945985772,-50.3063400463555,0.102932011388809,0.465125635263362,0.245307513701775,6.60934544777833,50.0865219247939
337,-50.3730790553851,-49.8701258531788,-49.4438864714285,0.426239381750342,-42.9835382882181,-49.589526262198,-0.783552793187106,-0.280599590980827,0.145639790769515,6.6059879739799,50.0157656439484
337.1,-50.4982242853237,-49.9061773703514,-50.6091684888334,-0.702991118482025,-44.1189997502237,-50.731344452991,0.233120167667266,0.825167082639574,0.122175964157549,6.61234470276732,50.028353334509
337.2,-50.5819812917385,-49.9465558327261,-50.1322393076822,-0.185683474956079,-43.6342805838089,-50.2337126427321,-0.348268649006414,0.287156810005953,0.101473335049874,6.59943205892314,50.048029167776
337.3,-50.6498887715778,-49.9892680933679,-50.6313789891652,-0.642110895797266,-44.1232092566319,-50.7221315230676,0.0722427514897817,0.732863429699663,0.0907525339023962,6.59892226643569,50.0800206272703
337.4,-50.6903097472023,-50.0332409357879,-51.3363635366023,-1.30312260081442,-44.7164427267796,-51.3195591176445,0.629249370442274,1.28631818185669,-0.016804418957733,6.60311639086493,50.0164365168301
337.5,-50.634943210687,-50.0736720497603,-49.2828545059335,0.790817543826783,-42.5834824029475,-49.1786200880673,-1.45632312261964,-0.895051961692978,-0.104234417866195,6.59513768511982,49.9694376318941
337.6,-50.4971868398998,-50.1053338995461,-49.140143727718,0.96519017182812,-42.3758830837076,-48.9713175093781,-1.52586933052167,-1.13401639016804,-0.168826218339916,6.59543442567047,49.9365076812062
337.7,-50.3159182315775,-50.1243143815896,-49.83317098979,0.291143391799601,-43.0935750129169,-49.7102294206983,-0.605688810879172,-0.414084960891223,-0.122941569091623,6.61665440778149,50.0013728124979
337.8,-50.1653855741721,-50.1315128967064,-50.5338815087178,-0.402368612011401,-43.8144702161602,-50.4228735716598,0.257487997487729,0.291360674953474,-0.111007937057927,6.60840335549967,50.0205049596484
337.9,-50.0464850465474,-50.129577276661,-51.1818395386501,-1.05226226198909,-44.5136022794706,-51.1399885886352,1.09350354208782,1.01041131197414,-0.0418509500149469,6.6263863091646,50.0877263266461
338,-49.9977297832609,-50.1227463381959,-50.6159770796981,-0.493230741502231,-43.9199331651023,-50.5427053482799,0.54497556501898,0.419959010084014,-0.0732717314182167,6.62277218317757,50.0494746067777
338.1,-49.9062523588776,-50.1114418414236,-50.3569289438826,-0.245487102459066,-43.7415196368994,-50.3837111940427,0.477458835165081,0.272269352619134,0.0267822501600676,6.64219155714329,50.1382240915836
338.2,-49.869741280856,-50.0973373600694,-50.5348680270897,-0.437530667020283,-43.8775421845558,-50.5325842079713,0.662842927115378,0.435246847901958,-0.00228381911832543,6.65504202341549,50.095053540951
338.3,-49.7977891645358,-50.0805831940237,-49.4086258773495,0.671957316674238,-42.7164857335475,-49.373663700907,-0.424125463628791,-0.7069194931167,-0.0349621764424626,6.6571779673595,50.0456210175813
338.4,-49.702462292596,-50.0590654395037,-50.9086211927467,-0.849555753243024,-44.3149031322872,-50.9825205140955,1.28005822149952,0.923455074591828,0.0738993213488044,6.66761738180833,50.1329647608525
338.488904359468,-49.6964776288996,-50.0386427512945,-49.4407810857251,0.597861665569432,-42.8561897699458,-49.5282389308701,-0.168238698029498,-0.510403820424472,0.0874578451449608,6.6720491609243,50.1261005964395
338.5,-49.6971137623525,-50.036155916701,-48.4669783786436,1.56917753805739,-41.8874269685197,-48.5600292342443,-1.13708452810825,-1.47612668245669,0.0930508556006941,6.67260226572461,50.1292067723017
338.519120811085,-49.6993203461977,-50.0319296673996,-49.5852455084294,0.446684158970193,-43.0084010514416,-49.680584661707,-0.0187356844907356,-0.351345005692579,0.0953391532776138,6.67218361026539,50.1272688206772
338.547583466578,-49.7013044937692,-50.0257813474601,-48.8454912759935,1.18029007146657,-42.2615829789701,-48.9331433915033,-0.768161102265871,-1.09263795595681,0.087652115509762,6.67156041253319,50.1134334629699
338.6,-49.7089878432023,-50.0148857963835,-50.234953161873,-0.220067365489442,-43.6794393572539,-50.3498520952573,0.640864252055039,0.33496629887378,0.114898933384339,6.67041273800341,50.1297847297679
338.658394066767,-49.7286311801592,-50.0037488134901,-51.2169268119437,-1.21317799845358,-44.6627017265394,-51.3327631515365,1.60413197137725,1.32901433804638,0.115836339592803,6.67006142499712,50.1195851530829
338.7,-49.7502068777504,-49.9966069970736,-49.5208114941428,0.475795502930836,-42.9716388758329,-49.6414499893464,-0.108756888403967,-0.355157007727193,0.120638495203643,6.66981111351355,50.1172454922772
338.8,-49.7760479937887,-49.9820207998641,-50.8595135775292,-0.877492777665054,-44.2445186847891,-50.9051337015925,1.12908570780377,0.923112901728395,0.0456201240633405,6.66061501680341,50.0276409239275
338.9,-49.7885335439634,-49.9691873415652,-49.4648583962699,0.504328945295342,-42.8603730548174,-49.5288338092317,-0.259699734731697,-0.440353532333482,0.0639754129618595,6.66846075441435,50.0331627545271
339,-49.7978286254919,-49.9577364458353,-50.3869117493128,-0.429175303477521,-43.8359362751965,-50.5086817893132,0.71085316382127,0.55094534347792,0.121770040000399,6.67274551411666,50.0795064858357
339.1,-49.8896854961937,-49.9503357629945,-49.6921132647482,0.258222498246262,-43.1572731527819,-49.8522741390509,-0.0374113571428722,-0.0980616239436003,0.160160874302662,6.69500098626899,50.1104966372971
339.2,-49.9511178418164,-49.9489023555798,-50.8022107899643,-0.853308434384459,-44.1640417962208,-50.8655754294402,0.914457587623858,0.91667307386043,0.0633646394759708,6.70153363321949,50.0122669950558
339.3,-49.9662436842578,-49.9493393378126,-49.1388387840413,0.81050055377132,-42.5355899994581,-49.2372648761742,-0.728978808083582,-0.712074461638416,0.0984260921329039,6.70167487671607,50.0477654299455
339.4,-49.9908668679836,-49.9511967353033,-50.3534099802149,-0.402213244911664,-43.7491844810727,-50.4441803837253,0.453313515741677,0.492983648422047,0.0907704035103833,6.69499590265261,50.0419671388137
339.5,-50.0136342035091,-49.9543911911003,-50.2401488527731,-0.285757661672825,-43.6388715540015,-50.3401704222567,0.326536218747655,0.385779231156434,0.100021569483609,6.70129886825527,50.0544127605839
339.6,-50.0353743519088,-49.959133654102,-48.9207723334085,1.03836132069348,-42.2421105330178,-48.9474409488078,-1.08793340310103,-1.01169270529422,0.0266686153992524,6.70533041578996,49.9858022695012
339.7,-49.970022600219,-49.9623640025975,-50.988010155595,-1.02564615299746,-44.2168373937133,-50.9399587798808,0.969936179661801,0.977594777283286,-0.0480513757141736,6.72312138616747,49.9143126268833
339.8,-49.8860552730694,-49.959920967761,-51.1302299591599,-1.17030899139893,-44.4060054849843,-51.131850753898,1.24579548082856,1.17192978613701,0.00162079473808774,6.72584526891367,49.961541762499
339.9,-49.8407319166229,-49.9534796072106,-50.8455408602652,-0.892061253054585,-44.1828591700913,-50.9057310598473,1.06499914322438,0.952251452636659,0.0601901995820739,6.72287188975594,50.0136698067927
340,-49.8308471168748,-49.9460561088616,-51.2800687803239,-1.33401267146228,-44.5869805482032,-51.3080668054411,1.47721968856625,1.36201069657947,0.0279980251171992,6.72108625723785,49.9740541339788
